Date,DateAsInteger,Year,MonthNumber,YearMonthNumber,YearMonthShort,MonthNameShort,MonthNameLong,DayOfWeekNumber,DayOfWeek,DayOfWeekShort,Quarter,YearQuarter,Week number,USA Date,Working Days
2019-07-01 00:00:00.000,"20190701",2019,"07","2019 07","2019 Jul","Jul","July",1,"Monday","Mon","Q3","2019 Q3",27,"01Jul2019",1
2019-07-02 00:00:00.000,"20190702",2019,"07","2019 07","2019 Jul","Jul","July",2,"Tuesday","Tue","Q3","2019 Q3",27,"02Jul2019",1
2019-07-03 00:00:00.000,"20190703",2019,"07","2019 07","2019 Jul","Jul","July",3,"Wednesday","Wed","Q3","2019 Q3",27,"03Jul2019",1
2019-07-04 00:00:00.000,"20190704",2019,"07","2019 07","2019 Jul","Jul","July",4,"Thursday","Thu","Q3","2019 Q3",27,"04Jul2019",1
2019-07-05 00:00:00.000,"20190705",2019,"07","2019 07","2019 Jul","Jul","July",5,"Friday","Fri","Q3","2019 Q3",27,"05Jul2019",1
2019-07-06 00:00:00.000,"20190706",2019,"07","2019 07","2019 Jul","Jul","July",6,"Saturday","Sat","Q3","2019 Q3",27,"06Jul2019",0
2019-07-07 00:00:00.000,"20190707",2019,"07","2019 07","2019 Jul","Jul","July",7,"Sunday","Sun","Q3","2019 Q3",28,"07Jul2019",0
2019-07-08 00:00:00.000,"20190708",2019,"07","2019 07","2019 Jul","Jul","July",1,"Monday","Mon","Q3","2019 Q3",28,"08Jul2019",1
2019-07-09 00:00:00.000,"20190709",2019,"07","2019 07","2019 Jul","Jul","July",2,"Tuesday","Tue","Q3","2019 Q3",28,"09Jul2019",1
2019-07-10 00:00:00.000,"20190710",2019,"07","2019 07","2019 Jul","Jul","July",3,"Wednesday","Wed","Q3","2019 Q3",28,"10Jul2019",1
2019-07-11 00:00:00.000,"20190711",2019,"07","2019 07","2019 Jul","Jul","July",4,"Thursday","Thu","Q3","2019 Q3",28,"11Jul2019",1
2019-07-12 00:00:00.000,"20190712",2019,"07","2019 07","2019 Jul","Jul","July",5,"Friday","Fri","Q3","2019 Q3",28,"12Jul2019",1
2019-07-13 00:00:00.000,"20190713",2019,"07","2019 07","2019 Jul","Jul","July",6,"Saturday","Sat","Q3","2019 Q3",28,"13Jul2019",0
2019-07-14 00:00:00.000,"20190714",2019,"07","2019 07","2019 Jul","Jul","July",7,"Sunday","Sun","Q3","2019 Q3",29,"14Jul2019",0
2019-07-15 00:00:00.000,"20190715",2019,"07","2019 07","2019 Jul","Jul","July",1,"Monday","Mon","Q3","2019 Q3",29,"15Jul2019",1
2019-07-16 00:00:00.000,"20190716",2019,"07","2019 07","2019 Jul","Jul","July",2,"Tuesday","Tue","Q3","2019 Q3",29,"16Jul2019",1
2019-07-17 00:00:00.000,"20190717",2019,"07","2019 07","2019 Jul","Jul","July",3,"Wednesday","Wed","Q3","2019 Q3",29,"17Jul2019",1
2019-07-18 00:00:00.000,"20190718",2019,"07","2019 07","2019 Jul","Jul","July",4,"Thursday","Thu","Q3","2019 Q3",29,"18Jul2019",1
2019-07-19 00:00:00.000,"20190719",2019,"07","2019 07","2019 Jul","Jul","July",5,"Friday","Fri","Q3","2019 Q3",29,"19Jul2019",1
2019-07-20 00:00:00.000,"20190720",2019,"07","2019 07","2019 Jul","Jul","July",6,"Saturday","Sat","Q3","2019 Q3",29,"20Jul2019",0
2019-07-21 00:00:00.000,"20190721",2019,"07","2019 07","2019 Jul","Jul","July",7,"Sunday","Sun","Q3","2019 Q3",30,"21Jul2019",0
2019-07-22 00:00:00.000,"20190722",2019,"07","2019 07","2019 Jul","Jul","July",1,"Monday","Mon","Q3","2019 Q3",30,"22Jul2019",1
2019-07-23 00:00:00.000,"20190723",2019,"07","2019 07","2019 Jul","Jul","July",2,"Tuesday","Tue","Q3","2019 Q3",30,"23Jul2019",1
2019-07-24 00:00:00.000,"20190724",2019,"07","2019 07","2019 Jul","Jul","July",3,"Wednesday","Wed","Q3","2019 Q3",30,"24Jul2019",1
2019-07-25 00:00:00.000,"20190725",2019,"07","2019 07","2019 Jul","Jul","July",4,"Thursday","Thu","Q3","2019 Q3",30,"25Jul2019",1
2019-07-26 00:00:00.000,"20190726",2019,"07","2019 07","2019 Jul","Jul","July",5,"Friday","Fri","Q3","2019 Q3",30,"26Jul2019",1
2019-07-27 00:00:00.000,"20190727",2019,"07","2019 07","2019 Jul","Jul","July",6,"Saturday","Sat","Q3","2019 Q3",30,"27Jul2019",0
2019-07-28 00:00:00.000,"20190728",2019,"07","2019 07","2019 Jul","Jul","July",7,"Sunday","Sun","Q3","2019 Q3",31,"28Jul2019",0
2019-07-29 00:00:00.000,"20190729",2019,"07","2019 07","2019 Jul","Jul","July",1,"Monday","Mon","Q3","2019 Q3",31,"29Jul2019",1
2019-07-30 00:00:00.000,"20190730",2019,"07","2019 07","2019 Jul","Jul","July",2,"Tuesday","Tue","Q3","2019 Q3",31,"30Jul2019",1
2019-07-31 00:00:00.000,"20190731",2019,"07","2019 07","2019 Jul","Jul","July",3,"Wednesday","Wed","Q3","2019 Q3",31,"31Jul2019",1
2019-08-01 00:00:00.000,"20190801",2019,"08","2019 08","2019 Aug","Aug","August",4,"Thursday","Thu","Q3","2019 Q3",31,"01Aug2019",1
2019-08-02 00:00:00.000,"20190802",2019,"08","2019 08","2019 Aug","Aug","August",5,"Friday","Fri","Q3","2019 Q3",31,"02Aug2019",1
2019-08-03 00:00:00.000,"20190803",2019,"08","2019 08","2019 Aug","Aug","August",6,"Saturday","Sat","Q3","2019 Q3",31,"03Aug2019",0
2019-08-04 00:00:00.000,"20190804",2019,"08","2019 08","2019 Aug","Aug","August",7,"Sunday","Sun","Q3","2019 Q3",32,"04Aug2019",0
2019-08-05 00:00:00.000,"20190805",2019,"08","2019 08","2019 Aug","Aug","August",1,"Monday","Mon","Q3","2019 Q3",32,"05Aug2019",1
2019-08-06 00:00:00.000,"20190806",2019,"08","2019 08","2019 Aug","Aug","August",2,"Tuesday","Tue","Q3","2019 Q3",32,"06Aug2019",1
2019-08-07 00:00:00.000,"20190807",2019,"08","2019 08","2019 Aug","Aug","August",3,"Wednesday","Wed","Q3","2019 Q3",32,"07Aug2019",1
2019-08-08 00:00:00.000,"20190808",2019,"08","2019 08","2019 Aug","Aug","August",4,"Thursday","Thu","Q3","2019 Q3",32,"08Aug2019",1
2019-08-09 00:00:00.000,"20190809",2019,"08","2019 08","2019 Aug","Aug","August",5,"Friday","Fri","Q3","2019 Q3",32,"09Aug2019",1
2019-08-10 00:00:00.000,"20190810",2019,"08","2019 08","2019 Aug","Aug","August",6,"Saturday","Sat","Q3","2019 Q3",32,"10Aug2019",0
2019-08-11 00:00:00.000,"20190811",2019,"08","2019 08","2019 Aug","Aug","August",7,"Sunday","Sun","Q3","2019 Q3",33,"11Aug2019",0
2019-08-12 00:00:00.000,"20190812",2019,"08","2019 08","2019 Aug","Aug","August",1,"Monday","Mon","Q3","2019 Q3",33,"12Aug2019",1
2019-08-13 00:00:00.000,"20190813",2019,"08","2019 08","2019 Aug","Aug","August",2,"Tuesday","Tue","Q3","2019 Q3",33,"13Aug2019",1
2019-08-14 00:00:00.000,"20190814",2019,"08","2019 08","2019 Aug","Aug","August",3,"Wednesday","Wed","Q3","2019 Q3",33,"14Aug2019",1
2019-08-15 00:00:00.000,"20190815",2019,"08","2019 08","2019 Aug","Aug","August",4,"Thursday","Thu","Q3","2019 Q3",33,"15Aug2019",1
2019-08-16 00:00:00.000,"20190816",2019,"08","2019 08","2019 Aug","Aug","August",5,"Friday","Fri","Q3","2019 Q3",33,"16Aug2019",1
2019-08-17 00:00:00.000,"20190817",2019,"08","2019 08","2019 Aug","Aug","August",6,"Saturday","Sat","Q3","2019 Q3",33,"17Aug2019",0
2019-08-18 00:00:00.000,"20190818",2019,"08","2019 08","2019 Aug","Aug","August",7,"Sunday","Sun","Q3","2019 Q3",34,"18Aug2019",0
2019-08-19 00:00:00.000,"20190819",2019,"08","2019 08","2019 Aug","Aug","August",1,"Monday","Mon","Q3","2019 Q3",34,"19Aug2019",1
2019-08-20 00:00:00.000,"20190820",2019,"08","2019 08","2019 Aug","Aug","August",2,"Tuesday","Tue","Q3","2019 Q3",34,"20Aug2019",1
2019-08-21 00:00:00.000,"20190821",2019,"08","2019 08","2019 Aug","Aug","August",3,"Wednesday","Wed","Q3","2019 Q3",34,"21Aug2019",1
2019-08-22 00:00:00.000,"20190822",2019,"08","2019 08","2019 Aug","Aug","August",4,"Thursday","Thu","Q3","2019 Q3",34,"22Aug2019",1
2019-08-23 00:00:00.000,"20190823",2019,"08","2019 08","2019 Aug","Aug","August",5,"Friday","Fri","Q3","2019 Q3",34,"23Aug2019",1
2019-08-24 00:00:00.000,"20190824",2019,"08","2019 08","2019 Aug","Aug","August",6,"Saturday","Sat","Q3","2019 Q3",34,"24Aug2019",0
2019-08-25 00:00:00.000,"20190825",2019,"08","2019 08","2019 Aug","Aug","August",7,"Sunday","Sun","Q3","2019 Q3",35,"25Aug2019",0
2019-08-26 00:00:00.000,"20190826",2019,"08","2019 08","2019 Aug","Aug","August",1,"Monday","Mon","Q3","2019 Q3",35,"26Aug2019",1
2019-08-27 00:00:00.000,"20190827",2019,"08","2019 08","2019 Aug","Aug","August",2,"Tuesday","Tue","Q3","2019 Q3",35,"27Aug2019",1
2019-08-28 00:00:00.000,"20190828",2019,"08","2019 08","2019 Aug","Aug","August",3,"Wednesday","Wed","Q3","2019 Q3",35,"28Aug2019",1
2019-08-29 00:00:00.000,"20190829",2019,"08","2019 08","2019 Aug","Aug","August",4,"Thursday","Thu","Q3","2019 Q3",35,"29Aug2019",1
2019-08-30 00:00:00.000,"20190830",2019,"08","2019 08","2019 Aug","Aug","August",5,"Friday","Fri","Q3","2019 Q3",35,"30Aug2019",1
2019-08-31 00:00:00.000,"20190831",2019,"08","2019 08","2019 Aug","Aug","August",6,"Saturday","Sat","Q3","2019 Q3",35,"31Aug2019",0
2019-09-01 00:00:00.000,"20190901",2019,"09","2019 09","2019 Sep","Sep","September",7,"Sunday","Sun","Q3","2019 Q3",36,"01Sep2019",0
2019-09-02 00:00:00.000,"20190902",2019,"09","2019 09","2019 Sep","Sep","September",1,"Monday","Mon","Q3","2019 Q3",36,"02Sep2019",1
2019-09-03 00:00:00.000,"20190903",2019,"09","2019 09","2019 Sep","Sep","September",2,"Tuesday","Tue","Q3","2019 Q3",36,"03Sep2019",1
2019-09-04 00:00:00.000,"20190904",2019,"09","2019 09","2019 Sep","Sep","September",3,"Wednesday","Wed","Q3","2019 Q3",36,"04Sep2019",1
2019-09-05 00:00:00.000,"20190905",2019,"09","2019 09","2019 Sep","Sep","September",4,"Thursday","Thu","Q3","2019 Q3",36,"05Sep2019",1
2019-09-06 00:00:00.000,"20190906",2019,"09","2019 09","2019 Sep","Sep","September",5,"Friday","Fri","Q3","2019 Q3",36,"06Sep2019",1
2019-09-07 00:00:00.000,"20190907",2019,"09","2019 09","2019 Sep","Sep","September",6,"Saturday","Sat","Q3","2019 Q3",36,"07Sep2019",0
2019-09-08 00:00:00.000,"20190908",2019,"09","2019 09","2019 Sep","Sep","September",7,"Sunday","Sun","Q3","2019 Q3",37,"08Sep2019",0
2019-09-09 00:00:00.000,"20190909",2019,"09","2019 09","2019 Sep","Sep","September",1,"Monday","Mon","Q3","2019 Q3",37,"09Sep2019",1
2019-09-10 00:00:00.000,"20190910",2019,"09","2019 09","2019 Sep","Sep","September",2,"Tuesday","Tue","Q3","2019 Q3",37,"10Sep2019",1
2019-09-11 00:00:00.000,"20190911",2019,"09","2019 09","2019 Sep","Sep","September",3,"Wednesday","Wed","Q3","2019 Q3",37,"11Sep2019",1
2019-09-12 00:00:00.000,"20190912",2019,"09","2019 09","2019 Sep","Sep","September",4,"Thursday","Thu","Q3","2019 Q3",37,"12Sep2019",1
2019-09-13 00:00:00.000,"20190913",2019,"09","2019 09","2019 Sep","Sep","September",5,"Friday","Fri","Q3","2019 Q3",37,"13Sep2019",1
2019-09-14 00:00:00.000,"20190914",2019,"09","2019 09","2019 Sep","Sep","September",6,"Saturday","Sat","Q3","2019 Q3",37,"14Sep2019",0
2019-09-15 00:00:00.000,"20190915",2019,"09","2019 09","2019 Sep","Sep","September",7,"Sunday","Sun","Q3","2019 Q3",38,"15Sep2019",0
2019-09-16 00:00:00.000,"20190916",2019,"09","2019 09","2019 Sep","Sep","September",1,"Monday","Mon","Q3","2019 Q3",38,"16Sep2019",1
2019-09-17 00:00:00.000,"20190917",2019,"09","2019 09","2019 Sep","Sep","September",2,"Tuesday","Tue","Q3","2019 Q3",38,"17Sep2019",1
2019-09-18 00:00:00.000,"20190918",2019,"09","2019 09","2019 Sep","Sep","September",3,"Wednesday","Wed","Q3","2019 Q3",38,"18Sep2019",1
2019-09-19 00:00:00.000,"20190919",2019,"09","2019 09","2019 Sep","Sep","September",4,"Thursday","Thu","Q3","2019 Q3",38,"19Sep2019",1
2019-09-20 00:00:00.000,"20190920",2019,"09","2019 09","2019 Sep","Sep","September",5,"Friday","Fri","Q3","2019 Q3",38,"20Sep2019",1
2019-09-21 00:00:00.000,"20190921",2019,"09","2019 09","2019 Sep","Sep","September",6,"Saturday","Sat","Q3","2019 Q3",38,"21Sep2019",0
2019-09-22 00:00:00.000,"20190922",2019,"09","2019 09","2019 Sep","Sep","September",7,"Sunday","Sun","Q3","2019 Q3",39,"22Sep2019",0
2019-09-23 00:00:00.000,"20190923",2019,"09","2019 09","2019 Sep","Sep","September",1,"Monday","Mon","Q3","2019 Q3",39,"23Sep2019",1
2019-09-24 00:00:00.000,"20190924",2019,"09","2019 09","2019 Sep","Sep","September",2,"Tuesday","Tue","Q3","2019 Q3",39,"24Sep2019",1
2019-09-25 00:00:00.000,"20190925",2019,"09","2019 09","2019 Sep","Sep","September",3,"Wednesday","Wed","Q3","2019 Q3",39,"25Sep2019",1
2019-09-26 00:00:00.000,"20190926",2019,"09","2019 09","2019 Sep","Sep","September",4,"Thursday","Thu","Q3","2019 Q3",39,"26Sep2019",1
2019-09-27 00:00:00.000,"20190927",2019,"09","2019 09","2019 Sep","Sep","September",5,"Friday","Fri","Q3","2019 Q3",39,"27Sep2019",1
2019-09-28 00:00:00.000,"20190928",2019,"09","2019 09","2019 Sep","Sep","September",6,"Saturday","Sat","Q3","2019 Q3",39,"28Sep2019",0
2019-09-29 00:00:00.000,"20190929",2019,"09","2019 09","2019 Sep","Sep","September",7,"Sunday","Sun","Q3","2019 Q3",40,"29Sep2019",0
2019-09-30 00:00:00.000,"20190930",2019,"09","2019 09","2019 Sep","Sep","September",1,"Monday","Mon","Q3","2019 Q3",40,"30Sep2019",1
2020-07-01 00:00:00.000,"20200701",2020,"07","2020 07","2020 Jul","Jul","July",3,"Wednesday","Wed","Q3","2020 Q3",27,"01Jul2020",1
2020-07-02 00:00:00.000,"20200702",2020,"07","2020 07","2020 Jul","Jul","July",4,"Thursday","Thu","Q3","2020 Q3",27,"02Jul2020",1
2020-07-03 00:00:00.000,"20200703",2020,"07","2020 07","2020 Jul","Jul","July",5,"Friday","Fri","Q3","2020 Q3",27,"03Jul2020",1
2020-07-04 00:00:00.000,"20200704",2020,"07","2020 07","2020 Jul","Jul","July",6,"Saturday","Sat","Q3","2020 Q3",27,"04Jul2020",0
2020-07-05 00:00:00.000,"20200705",2020,"07","2020 07","2020 Jul","Jul","July",7,"Sunday","Sun","Q3","2020 Q3",28,"05Jul2020",0
2020-07-06 00:00:00.000,"20200706",2020,"07","2020 07","2020 Jul","Jul","July",1,"Monday","Mon","Q3","2020 Q3",28,"06Jul2020",1
2020-07-07 00:00:00.000,"20200707",2020,"07","2020 07","2020 Jul","Jul","July",2,"Tuesday","Tue","Q3","2020 Q3",28,"07Jul2020",1
2020-07-08 00:00:00.000,"20200708",2020,"07","2020 07","2020 Jul","Jul","July",3,"Wednesday","Wed","Q3","2020 Q3",28,"08Jul2020",1
2020-07-09 00:00:00.000,"20200709",2020,"07","2020 07","2020 Jul","Jul","July",4,"Thursday","Thu","Q3","2020 Q3",28,"09Jul2020",1
2020-07-10 00:00:00.000,"20200710",2020,"07","2020 07","2020 Jul","Jul","July",5,"Friday","Fri","Q3","2020 Q3",28,"10Jul2020",1
2020-07-11 00:00:00.000,"20200711",2020,"07","2020 07","2020 Jul","Jul","July",6,"Saturday","Sat","Q3","2020 Q3",28,"11Jul2020",0
2020-07-12 00:00:00.000,"20200712",2020,"07","2020 07","2020 Jul","Jul","July",7,"Sunday","Sun","Q3","2020 Q3",29,"12Jul2020",0
2020-07-13 00:00:00.000,"20200713",2020,"07","2020 07","2020 Jul","Jul","July",1,"Monday","Mon","Q3","2020 Q3",29,"13Jul2020",1
2020-07-14 00:00:00.000,"20200714",2020,"07","2020 07","2020 Jul","Jul","July",2,"Tuesday","Tue","Q3","2020 Q3",29,"14Jul2020",1
2020-07-15 00:00:00.000,"20200715",2020,"07","2020 07","2020 Jul","Jul","July",3,"Wednesday","Wed","Q3","2020 Q3",29,"15Jul2020",1
2020-07-16 00:00:00.000,"20200716",2020,"07","2020 07","2020 Jul","Jul","July",4,"Thursday","Thu","Q3","2020 Q3",29,"16Jul2020",1
2020-07-17 00:00:00.000,"20200717",2020,"07","2020 07","2020 Jul","Jul","July",5,"Friday","Fri","Q3","2020 Q3",29,"17Jul2020",1
2020-07-18 00:00:00.000,"20200718",2020,"07","2020 07","2020 Jul","Jul","July",6,"Saturday","Sat","Q3","2020 Q3",29,"18Jul2020",0
2020-07-19 00:00:00.000,"20200719",2020,"07","2020 07","2020 Jul","Jul","July",7,"Sunday","Sun","Q3","2020 Q3",30,"19Jul2020",0
2020-07-20 00:00:00.000,"20200720",2020,"07","2020 07","2020 Jul","Jul","July",1,"Monday","Mon","Q3","2020 Q3",30,"20Jul2020",1
2020-07-21 00:00:00.000,"20200721",2020,"07","2020 07","2020 Jul","Jul","July",2,"Tuesday","Tue","Q3","2020 Q3",30,"21Jul2020",1
2020-07-22 00:00:00.000,"20200722",2020,"07","2020 07","2020 Jul","Jul","July",3,"Wednesday","Wed","Q3","2020 Q3",30,"22Jul2020",1
2020-07-23 00:00:00.000,"20200723",2020,"07","2020 07","2020 Jul","Jul","July",4,"Thursday","Thu","Q3","2020 Q3",30,"23Jul2020",1
2020-07-24 00:00:00.000,"20200724",2020,"07","2020 07","2020 Jul","Jul","July",5,"Friday","Fri","Q3","2020 Q3",30,"24Jul2020",1
2020-07-25 00:00:00.000,"20200725",2020,"07","2020 07","2020 Jul","Jul","July",6,"Saturday","Sat","Q3","2020 Q3",30,"25Jul2020",0
2020-07-26 00:00:00.000,"20200726",2020,"07","2020 07","2020 Jul","Jul","July",7,"Sunday","Sun","Q3","2020 Q3",31,"26Jul2020",0
2020-07-27 00:00:00.000,"20200727",2020,"07","2020 07","2020 Jul","Jul","July",1,"Monday","Mon","Q3","2020 Q3",31,"27Jul2020",1
2020-07-28 00:00:00.000,"20200728",2020,"07","2020 07","2020 Jul","Jul","July",2,"Tuesday","Tue","Q3","2020 Q3",31,"28Jul2020",1
2020-07-29 00:00:00.000,"20200729",2020,"07","2020 07","2020 Jul","Jul","July",3,"Wednesday","Wed","Q3","2020 Q3",31,"29Jul2020",1
2020-07-30 00:00:00.000,"20200730",2020,"07","2020 07","2020 Jul","Jul","July",4,"Thursday","Thu","Q3","2020 Q3",31,"30Jul2020",1
2020-07-31 00:00:00.000,"20200731",2020,"07","2020 07","2020 Jul","Jul","July",5,"Friday","Fri","Q3","2020 Q3",31,"31Jul2020",1
2020-08-01 00:00:00.000,"20200801",2020,"08","2020 08","2020 Aug","Aug","August",6,"Saturday","Sat","Q3","2020 Q3",31,"01Aug2020",0
2020-08-02 00:00:00.000,"20200802",2020,"08","2020 08","2020 Aug","Aug","August",7,"Sunday","Sun","Q3","2020 Q3",32,"02Aug2020",0
2020-08-03 00:00:00.000,"20200803",2020,"08","2020 08","2020 Aug","Aug","August",1,"Monday","Mon","Q3","2020 Q3",32,"03Aug2020",1
2020-08-04 00:00:00.000,"20200804",2020,"08","2020 08","2020 Aug","Aug","August",2,"Tuesday","Tue","Q3","2020 Q3",32,"04Aug2020",1
2020-08-05 00:00:00.000,"20200805",2020,"08","2020 08","2020 Aug","Aug","August",3,"Wednesday","Wed","Q3","2020 Q3",32,"05Aug2020",1
2020-08-06 00:00:00.000,"20200806",2020,"08","2020 08","2020 Aug","Aug","August",4,"Thursday","Thu","Q3","2020 Q3",32,"06Aug2020",1
2020-08-07 00:00:00.000,"20200807",2020,"08","2020 08","2020 Aug","Aug","August",5,"Friday","Fri","Q3","2020 Q3",32,"07Aug2020",1
2020-08-08 00:00:00.000,"20200808",2020,"08","2020 08","2020 Aug","Aug","August",6,"Saturday","Sat","Q3","2020 Q3",32,"08Aug2020",0
2020-08-09 00:00:00.000,"20200809",2020,"08","2020 08","2020 Aug","Aug","August",7,"Sunday","Sun","Q3","2020 Q3",33,"09Aug2020",0
2020-08-10 00:00:00.000,"20200810",2020,"08","2020 08","2020 Aug","Aug","August",1,"Monday","Mon","Q3","2020 Q3",33,"10Aug2020",1
2020-08-11 00:00:00.000,"20200811",2020,"08","2020 08","2020 Aug","Aug","August",2,"Tuesday","Tue","Q3","2020 Q3",33,"11Aug2020",1
2020-08-12 00:00:00.000,"20200812",2020,"08","2020 08","2020 Aug","Aug","August",3,"Wednesday","Wed","Q3","2020 Q3",33,"12Aug2020",1
2020-08-13 00:00:00.000,"20200813",2020,"08","2020 08","2020 Aug","Aug","August",4,"Thursday","Thu","Q3","2020 Q3",33,"13Aug2020",1
2020-08-14 00:00:00.000,"20200814",2020,"08","2020 08","2020 Aug","Aug","August",5,"Friday","Fri","Q3","2020 Q3",33,"14Aug2020",1
2020-08-15 00:00:00.000,"20200815",2020,"08","2020 08","2020 Aug","Aug","August",6,"Saturday","Sat","Q3","2020 Q3",33,"15Aug2020",0
2020-08-16 00:00:00.000,"20200816",2020,"08","2020 08","2020 Aug","Aug","August",7,"Sunday","Sun","Q3","2020 Q3",34,"16Aug2020",0
2020-08-17 00:00:00.000,"20200817",2020,"08","2020 08","2020 Aug","Aug","August",1,"Monday","Mon","Q3","2020 Q3",34,"17Aug2020",1
2020-08-18 00:00:00.000,"20200818",2020,"08","2020 08","2020 Aug","Aug","August",2,"Tuesday","Tue","Q3","2020 Q3",34,"18Aug2020",1
2020-08-19 00:00:00.000,"20200819",2020,"08","2020 08","2020 Aug","Aug","August",3,"Wednesday","Wed","Q3","2020 Q3",34,"19Aug2020",1
2020-08-20 00:00:00.000,"20200820",2020,"08","2020 08","2020 Aug","Aug","August",4,"Thursday","Thu","Q3","2020 Q3",34,"20Aug2020",1
2020-08-21 00:00:00.000,"20200821",2020,"08","2020 08","2020 Aug","Aug","August",5,"Friday","Fri","Q3","2020 Q3",34,"21Aug2020",1
2020-08-22 00:00:00.000,"20200822",2020,"08","2020 08","2020 Aug","Aug","August",6,"Saturday","Sat","Q3","2020 Q3",34,"22Aug2020",0
2020-08-23 00:00:00.000,"20200823",2020,"08","2020 08","2020 Aug","Aug","August",7,"Sunday","Sun","Q3","2020 Q3",35,"23Aug2020",0
2020-08-24 00:00:00.000,"20200824",2020,"08","2020 08","2020 Aug","Aug","August",1,"Monday","Mon","Q3","2020 Q3",35,"24Aug2020",1
2020-08-25 00:00:00.000,"20200825",2020,"08","2020 08","2020 Aug","Aug","August",2,"Tuesday","Tue","Q3","2020 Q3",35,"25Aug2020",1
2020-08-26 00:00:00.000,"20200826",2020,"08","2020 08","2020 Aug","Aug","August",3,"Wednesday","Wed","Q3","2020 Q3",35,"26Aug2020",1
2020-08-27 00:00:00.000,"20200827",2020,"08","2020 08","2020 Aug","Aug","August",4,"Thursday","Thu","Q3","2020 Q3",35,"27Aug2020",1
2020-08-28 00:00:00.000,"20200828",2020,"08","2020 08","2020 Aug","Aug","August",5,"Friday","Fri","Q3","2020 Q3",35,"28Aug2020",1
2020-08-29 00:00:00.000,"20200829",2020,"08","2020 08","2020 Aug","Aug","August",6,"Saturday","Sat","Q3","2020 Q3",35,"29Aug2020",0
2020-08-30 00:00:00.000,"20200830",2020,"08","2020 08","2020 Aug","Aug","August",7,"Sunday","Sun","Q3","2020 Q3",36,"30Aug2020",0
2020-08-31 00:00:00.000,"20200831",2020,"08","2020 08","2020 Aug","Aug","August",1,"Monday","Mon","Q3","2020 Q3",36,"31Aug2020",1
2020-09-01 00:00:00.000,"20200901",2020,"09","2020 09","2020 Sep","Sep","September",2,"Tuesday","Tue","Q3","2020 Q3",36,"01Sep2020",1
2020-09-02 00:00:00.000,"20200902",2020,"09","2020 09","2020 Sep","Sep","September",3,"Wednesday","Wed","Q3","2020 Q3",36,"02Sep2020",1
2020-09-03 00:00:00.000,"20200903",2020,"09","2020 09","2020 Sep","Sep","September",4,"Thursday","Thu","Q3","2020 Q3",36,"03Sep2020",1
2020-09-04 00:00:00.000,"20200904",2020,"09","2020 09","2020 Sep","Sep","September",5,"Friday","Fri","Q3","2020 Q3",36,"04Sep2020",1
2020-09-05 00:00:00.000,"20200905",2020,"09","2020 09","2020 Sep","Sep","September",6,"Saturday","Sat","Q3","2020 Q3",36,"05Sep2020",0
2020-09-06 00:00:00.000,"20200906",2020,"09","2020 09","2020 Sep","Sep","September",7,"Sunday","Sun","Q3","2020 Q3",37,"06Sep2020",0
2020-09-07 00:00:00.000,"20200907",2020,"09","2020 09","2020 Sep","Sep","September",1,"Monday","Mon","Q3","2020 Q3",37,"07Sep2020",1
2020-09-08 00:00:00.000,"20200908",2020,"09","2020 09","2020 Sep","Sep","September",2,"Tuesday","Tue","Q3","2020 Q3",37,"08Sep2020",1
2020-09-09 00:00:00.000,"20200909",2020,"09","2020 09","2020 Sep","Sep","September",3,"Wednesday","Wed","Q3","2020 Q3",37,"09Sep2020",1
2020-09-10 00:00:00.000,"20200910",2020,"09","2020 09","2020 Sep","Sep","September",4,"Thursday","Thu","Q3","2020 Q3",37,"10Sep2020",1
2020-09-11 00:00:00.000,"20200911",2020,"09","2020 09","2020 Sep","Sep","September",5,"Friday","Fri","Q3","2020 Q3",37,"11Sep2020",1
2020-09-12 00:00:00.000,"20200912",2020,"09","2020 09","2020 Sep","Sep","September",6,"Saturday","Sat","Q3","2020 Q3",37,"12Sep2020",0
2020-09-13 00:00:00.000,"20200913",2020,"09","2020 09","2020 Sep","Sep","September",7,"Sunday","Sun","Q3","2020 Q3",38,"13Sep2020",0
2020-09-14 00:00:00.000,"20200914",2020,"09","2020 09","2020 Sep","Sep","September",1,"Monday","Mon","Q3","2020 Q3",38,"14Sep2020",1
2020-09-15 00:00:00.000,"20200915",2020,"09","2020 09","2020 Sep","Sep","September",2,"Tuesday","Tue","Q3","2020 Q3",38,"15Sep2020",1
2020-09-16 00:00:00.000,"20200916",2020,"09","2020 09","2020 Sep","Sep","September",3,"Wednesday","Wed","Q3","2020 Q3",38,"16Sep2020",1
2020-09-17 00:00:00.000,"20200917",2020,"09","2020 09","2020 Sep","Sep","September",4,"Thursday","Thu","Q3","2020 Q3",38,"17Sep2020",1
2020-09-18 00:00:00.000,"20200918",2020,"09","2020 09","2020 Sep","Sep","September",5,"Friday","Fri","Q3","2020 Q3",38,"18Sep2020",1
2020-09-19 00:00:00.000,"20200919",2020,"09","2020 09","2020 Sep","Sep","September",6,"Saturday","Sat","Q3","2020 Q3",38,"19Sep2020",0
2020-09-20 00:00:00.000,"20200920",2020,"09","2020 09","2020 Sep","Sep","September",7,"Sunday","Sun","Q3","2020 Q3",39,"20Sep2020",0
2020-09-21 00:00:00.000,"20200921",2020,"09","2020 09","2020 Sep","Sep","September",1,"Monday","Mon","Q3","2020 Q3",39,"21Sep2020",1
2020-09-22 00:00:00.000,"20200922",2020,"09","2020 09","2020 Sep","Sep","September",2,"Tuesday","Tue","Q3","2020 Q3",39,"22Sep2020",1
2020-09-23 00:00:00.000,"20200923",2020,"09","2020 09","2020 Sep","Sep","September",3,"Wednesday","Wed","Q3","2020 Q3",39,"23Sep2020",1
2020-09-24 00:00:00.000,"20200924",2020,"09","2020 09","2020 Sep","Sep","September",4,"Thursday","Thu","Q3","2020 Q3",39,"24Sep2020",1
2020-09-25 00:00:00.000,"20200925",2020,"09","2020 09","2020 Sep","Sep","September",5,"Friday","Fri","Q3","2020 Q3",39,"25Sep2020",1
2020-09-26 00:00:00.000,"20200926",2020,"09","2020 09","2020 Sep","Sep","September",6,"Saturday","Sat","Q3","2020 Q3",39,"26Sep2020",0
2020-09-27 00:00:00.000,"20200927",2020,"09","2020 09","2020 Sep","Sep","September",7,"Sunday","Sun","Q3","2020 Q3",40,"27Sep2020",0
2020-09-28 00:00:00.000,"20200928",2020,"09","2020 09","2020 Sep","Sep","September",1,"Monday","Mon","Q3","2020 Q3",40,"28Sep2020",1
2020-09-29 00:00:00.000,"20200929",2020,"09","2020 09","2020 Sep","Sep","September",2,"Tuesday","Tue","Q3","2020 Q3",40,"29Sep2020",1
2020-09-30 00:00:00.000,"20200930",2020,"09","2020 09","2020 Sep","Sep","September",3,"Wednesday","Wed","Q3","2020 Q3",40,"30Sep2020",1
2020-04-01 00:00:00.000,"20200401",2020,"04","2020 04","2020 Apr","Apr","April",3,"Wednesday","Wed","Q2","2020 Q2",14,"01Apr2020",1
2020-04-02 00:00:00.000,"20200402",2020,"04","2020 04","2020 Apr","Apr","April",4,"Thursday","Thu","Q2","2020 Q2",14,"02Apr2020",1
2020-04-03 00:00:00.000,"20200403",2020,"04","2020 04","2020 Apr","Apr","April",5,"Friday","Fri","Q2","2020 Q2",14,"03Apr2020",1
2020-04-04 00:00:00.000,"20200404",2020,"04","2020 04","2020 Apr","Apr","April",6,"Saturday","Sat","Q2","2020 Q2",14,"04Apr2020",0
2020-04-05 00:00:00.000,"20200405",2020,"04","2020 04","2020 Apr","Apr","April",7,"Sunday","Sun","Q2","2020 Q2",15,"05Apr2020",0
2020-04-06 00:00:00.000,"20200406",2020,"04","2020 04","2020 Apr","Apr","April",1,"Monday","Mon","Q2","2020 Q2",15,"06Apr2020",1
2020-04-07 00:00:00.000,"20200407",2020,"04","2020 04","2020 Apr","Apr","April",2,"Tuesday","Tue","Q2","2020 Q2",15,"07Apr2020",1
2020-04-08 00:00:00.000,"20200408",2020,"04","2020 04","2020 Apr","Apr","April",3,"Wednesday","Wed","Q2","2020 Q2",15,"08Apr2020",1
2020-04-09 00:00:00.000,"20200409",2020,"04","2020 04","2020 Apr","Apr","April",4,"Thursday","Thu","Q2","2020 Q2",15,"09Apr2020",1
2020-04-10 00:00:00.000,"20200410",2020,"04","2020 04","2020 Apr","Apr","April",5,"Friday","Fri","Q2","2020 Q2",15,"10Apr2020",1
2020-04-11 00:00:00.000,"20200411",2020,"04","2020 04","2020 Apr","Apr","April",6,"Saturday","Sat","Q2","2020 Q2",15,"11Apr2020",0
2020-04-12 00:00:00.000,"20200412",2020,"04","2020 04","2020 Apr","Apr","April",7,"Sunday","Sun","Q2","2020 Q2",16,"12Apr2020",0
2020-04-13 00:00:00.000,"20200413",2020,"04","2020 04","2020 Apr","Apr","April",1,"Monday","Mon","Q2","2020 Q2",16,"13Apr2020",1
2020-04-14 00:00:00.000,"20200414",2020,"04","2020 04","2020 Apr","Apr","April",2,"Tuesday","Tue","Q2","2020 Q2",16,"14Apr2020",1
2020-04-15 00:00:00.000,"20200415",2020,"04","2020 04","2020 Apr","Apr","April",3,"Wednesday","Wed","Q2","2020 Q2",16,"15Apr2020",1
2020-04-16 00:00:00.000,"20200416",2020,"04","2020 04","2020 Apr","Apr","April",4,"Thursday","Thu","Q2","2020 Q2",16,"16Apr2020",1
2020-04-17 00:00:00.000,"20200417",2020,"04","2020 04","2020 Apr","Apr","April",5,"Friday","Fri","Q2","2020 Q2",16,"17Apr2020",1
2020-04-18 00:00:00.000,"20200418",2020,"04","2020 04","2020 Apr","Apr","April",6,"Saturday","Sat","Q2","2020 Q2",16,"18Apr2020",0
2020-04-19 00:00:00.000,"20200419",2020,"04","2020 04","2020 Apr","Apr","April",7,"Sunday","Sun","Q2","2020 Q2",17,"19Apr2020",0
2020-04-20 00:00:00.000,"20200420",2020,"04","2020 04","2020 Apr","Apr","April",1,"Monday","Mon","Q2","2020 Q2",17,"20Apr2020",1
2020-04-21 00:00:00.000,"20200421",2020,"04","2020 04","2020 Apr","Apr","April",2,"Tuesday","Tue","Q2","2020 Q2",17,"21Apr2020",1
2020-04-22 00:00:00.000,"20200422",2020,"04","2020 04","2020 Apr","Apr","April",3,"Wednesday","Wed","Q2","2020 Q2",17,"22Apr2020",1
2020-04-23 00:00:00.000,"20200423",2020,"04","2020 04","2020 Apr","Apr","April",4,"Thursday","Thu","Q2","2020 Q2",17,"23Apr2020",1
2020-04-24 00:00:00.000,"20200424",2020,"04","2020 04","2020 Apr","Apr","April",5,"Friday","Fri","Q2","2020 Q2",17,"24Apr2020",1
2020-04-25 00:00:00.000,"20200425",2020,"04","2020 04","2020 Apr","Apr","April",6,"Saturday","Sat","Q2","2020 Q2",17,"25Apr2020",0
2020-04-26 00:00:00.000,"20200426",2020,"04","2020 04","2020 Apr","Apr","April",7,"Sunday","Sun","Q2","2020 Q2",18,"26Apr2020",0
2020-04-27 00:00:00.000,"20200427",2020,"04","2020 04","2020 Apr","Apr","April",1,"Monday","Mon","Q2","2020 Q2",18,"27Apr2020",1
2020-04-28 00:00:00.000,"20200428",2020,"04","2020 04","2020 Apr","Apr","April",2,"Tuesday","Tue","Q2","2020 Q2",18,"28Apr2020",1
2020-04-29 00:00:00.000,"20200429",2020,"04","2020 04","2020 Apr","Apr","April",3,"Wednesday","Wed","Q2","2020 Q2",18,"29Apr2020",1
2020-04-30 00:00:00.000,"20200430",2020,"04","2020 04","2020 Apr","Apr","April",4,"Thursday","Thu","Q2","2020 Q2",18,"30Apr2020",1
2020-05-01 00:00:00.000,"20200501",2020,"05","2020 05","2020 May","May","May",5,"Friday","Fri","Q2","2020 Q2",18,"01May2020",1
2020-05-02 00:00:00.000,"20200502",2020,"05","2020 05","2020 May","May","May",6,"Saturday","Sat","Q2","2020 Q2",18,"02May2020",0
2020-05-03 00:00:00.000,"20200503",2020,"05","2020 05","2020 May","May","May",7,"Sunday","Sun","Q2","2020 Q2",19,"03May2020",0
2020-05-04 00:00:00.000,"20200504",2020,"05","2020 05","2020 May","May","May",1,"Monday","Mon","Q2","2020 Q2",19,"04May2020",1
2020-05-05 00:00:00.000,"20200505",2020,"05","2020 05","2020 May","May","May",2,"Tuesday","Tue","Q2","2020 Q2",19,"05May2020",1
2020-05-06 00:00:00.000,"20200506",2020,"05","2020 05","2020 May","May","May",3,"Wednesday","Wed","Q2","2020 Q2",19,"06May2020",1
2020-05-07 00:00:00.000,"20200507",2020,"05","2020 05","2020 May","May","May",4,"Thursday","Thu","Q2","2020 Q2",19,"07May2020",1
2020-05-08 00:00:00.000,"20200508",2020,"05","2020 05","2020 May","May","May",5,"Friday","Fri","Q2","2020 Q2",19,"08May2020",1
2020-05-09 00:00:00.000,"20200509",2020,"05","2020 05","2020 May","May","May",6,"Saturday","Sat","Q2","2020 Q2",19,"09May2020",0
2020-05-10 00:00:00.000,"20200510",2020,"05","2020 05","2020 May","May","May",7,"Sunday","Sun","Q2","2020 Q2",20,"10May2020",0
2020-05-11 00:00:00.000,"20200511",2020,"05","2020 05","2020 May","May","May",1,"Monday","Mon","Q2","2020 Q2",20,"11May2020",1
2020-05-12 00:00:00.000,"20200512",2020,"05","2020 05","2020 May","May","May",2,"Tuesday","Tue","Q2","2020 Q2",20,"12May2020",1
2020-05-13 00:00:00.000,"20200513",2020,"05","2020 05","2020 May","May","May",3,"Wednesday","Wed","Q2","2020 Q2",20,"13May2020",1
2020-05-14 00:00:00.000,"20200514",2020,"05","2020 05","2020 May","May","May",4,"Thursday","Thu","Q2","2020 Q2",20,"14May2020",1
2020-05-15 00:00:00.000,"20200515",2020,"05","2020 05","2020 May","May","May",5,"Friday","Fri","Q2","2020 Q2",20,"15May2020",1
2020-05-16 00:00:00.000,"20200516",2020,"05","2020 05","2020 May","May","May",6,"Saturday","Sat","Q2","2020 Q2",20,"16May2020",0
2020-05-17 00:00:00.000,"20200517",2020,"05","2020 05","2020 May","May","May",7,"Sunday","Sun","Q2","2020 Q2",21,"17May2020",0
2020-05-18 00:00:00.000,"20200518",2020,"05","2020 05","2020 May","May","May",1,"Monday","Mon","Q2","2020 Q2",21,"18May2020",1
2020-05-19 00:00:00.000,"20200519",2020,"05","2020 05","2020 May","May","May",2,"Tuesday","Tue","Q2","2020 Q2",21,"19May2020",1
2020-05-20 00:00:00.000,"20200520",2020,"05","2020 05","2020 May","May","May",3,"Wednesday","Wed","Q2","2020 Q2",21,"20May2020",1
2020-05-21 00:00:00.000,"20200521",2020,"05","2020 05","2020 May","May","May",4,"Thursday","Thu","Q2","2020 Q2",21,"21May2020",1
2020-05-22 00:00:00.000,"20200522",2020,"05","2020 05","2020 May","May","May",5,"Friday","Fri","Q2","2020 Q2",21,"22May2020",1
2020-05-23 00:00:00.000,"20200523",2020,"05","2020 05","2020 May","May","May",6,"Saturday","Sat","Q2","2020 Q2",21,"23May2020",0
2020-05-24 00:00:00.000,"20200524",2020,"05","2020 05","2020 May","May","May",7,"Sunday","Sun","Q2","2020 Q2",22,"24May2020",0
2020-05-25 00:00:00.000,"20200525",2020,"05","2020 05","2020 May","May","May",1,"Monday","Mon","Q2","2020 Q2",22,"25May2020",1
2020-05-26 00:00:00.000,"20200526",2020,"05","2020 05","2020 May","May","May",2,"Tuesday","Tue","Q2","2020 Q2",22,"26May2020",1
2020-05-27 00:00:00.000,"20200527",2020,"05","2020 05","2020 May","May","May",3,"Wednesday","Wed","Q2","2020 Q2",22,"27May2020",1
2020-05-28 00:00:00.000,"20200528",2020,"05","2020 05","2020 May","May","May",4,"Thursday","Thu","Q2","2020 Q2",22,"28May2020",1
2020-05-29 00:00:00.000,"20200529",2020,"05","2020 05","2020 May","May","May",5,"Friday","Fri","Q2","2020 Q2",22,"29May2020",1
2020-05-30 00:00:00.000,"20200530",2020,"05","2020 05","2020 May","May","May",6,"Saturday","Sat","Q2","2020 Q2",22,"30May2020",0
2020-05-31 00:00:00.000,"20200531",2020,"05","2020 05","2020 May","May","May",7,"Sunday","Sun","Q2","2020 Q2",23,"31May2020",0
2020-06-01 00:00:00.000,"20200601",2020,"06","2020 06","2020 Jun","Jun","June",1,"Monday","Mon","Q2","2020 Q2",23,"01Jun2020",1
2020-06-02 00:00:00.000,"20200602",2020,"06","2020 06","2020 Jun","Jun","June",2,"Tuesday","Tue","Q2","2020 Q2",23,"02Jun2020",1
2020-06-03 00:00:00.000,"20200603",2020,"06","2020 06","2020 Jun","Jun","June",3,"Wednesday","Wed","Q2","2020 Q2",23,"03Jun2020",1
2020-06-04 00:00:00.000,"20200604",2020,"06","2020 06","2020 Jun","Jun","June",4,"Thursday","Thu","Q2","2020 Q2",23,"04Jun2020",1
2020-06-05 00:00:00.000,"20200605",2020,"06","2020 06","2020 Jun","Jun","June",5,"Friday","Fri","Q2","2020 Q2",23,"05Jun2020",1
2020-06-06 00:00:00.000,"20200606",2020,"06","2020 06","2020 Jun","Jun","June",6,"Saturday","Sat","Q2","2020 Q2",23,"06Jun2020",0
2020-06-07 00:00:00.000,"20200607",2020,"06","2020 06","2020 Jun","Jun","June",7,"Sunday","Sun","Q2","2020 Q2",24,"07Jun2020",0
2020-06-08 00:00:00.000,"20200608",2020,"06","2020 06","2020 Jun","Jun","June",1,"Monday","Mon","Q2","2020 Q2",24,"08Jun2020",1
2020-06-09 00:00:00.000,"20200609",2020,"06","2020 06","2020 Jun","Jun","June",2,"Tuesday","Tue","Q2","2020 Q2",24,"09Jun2020",1
2020-06-10 00:00:00.000,"20200610",2020,"06","2020 06","2020 Jun","Jun","June",3,"Wednesday","Wed","Q2","2020 Q2",24,"10Jun2020",1
2020-06-11 00:00:00.000,"20200611",2020,"06","2020 06","2020 Jun","Jun","June",4,"Thursday","Thu","Q2","2020 Q2",24,"11Jun2020",1
2020-06-12 00:00:00.000,"20200612",2020,"06","2020 06","2020 Jun","Jun","June",5,"Friday","Fri","Q2","2020 Q2",24,"12Jun2020",1
2020-06-13 00:00:00.000,"20200613",2020,"06","2020 06","2020 Jun","Jun","June",6,"Saturday","Sat","Q2","2020 Q2",24,"13Jun2020",0
2020-06-14 00:00:00.000,"20200614",2020,"06","2020 06","2020 Jun","Jun","June",7,"Sunday","Sun","Q2","2020 Q2",25,"14Jun2020",0
2020-06-15 00:00:00.000,"20200615",2020,"06","2020 06","2020 Jun","Jun","June",1,"Monday","Mon","Q2","2020 Q2",25,"15Jun2020",1
2020-06-16 00:00:00.000,"20200616",2020,"06","2020 06","2020 Jun","Jun","June",2,"Tuesday","Tue","Q2","2020 Q2",25,"16Jun2020",1
2020-06-17 00:00:00.000,"20200617",2020,"06","2020 06","2020 Jun","Jun","June",3,"Wednesday","Wed","Q2","2020 Q2",25,"17Jun2020",1
2020-06-18 00:00:00.000,"20200618",2020,"06","2020 06","2020 Jun","Jun","June",4,"Thursday","Thu","Q2","2020 Q2",25,"18Jun2020",1
2020-06-19 00:00:00.000,"20200619",2020,"06","2020 06","2020 Jun","Jun","June",5,"Friday","Fri","Q2","2020 Q2",25,"19Jun2020",1
2020-06-20 00:00:00.000,"20200620",2020,"06","2020 06","2020 Jun","Jun","June",6,"Saturday","Sat","Q2","2020 Q2",25,"20Jun2020",0
2020-06-21 00:00:00.000,"20200621",2020,"06","2020 06","2020 Jun","Jun","June",7,"Sunday","Sun","Q2","2020 Q2",26,"21Jun2020",0
2020-06-22 00:00:00.000,"20200622",2020,"06","2020 06","2020 Jun","Jun","June",1,"Monday","Mon","Q2","2020 Q2",26,"22Jun2020",1
2020-06-23 00:00:00.000,"20200623",2020,"06","2020 06","2020 Jun","Jun","June",2,"Tuesday","Tue","Q2","2020 Q2",26,"23Jun2020",1
2020-06-24 00:00:00.000,"20200624",2020,"06","2020 06","2020 Jun","Jun","June",3,"Wednesday","Wed","Q2","2020 Q2",26,"24Jun2020",1
2020-06-25 00:00:00.000,"20200625",2020,"06","2020 06","2020 Jun","Jun","June",4,"Thursday","Thu","Q2","2020 Q2",26,"25Jun2020",1
2020-06-26 00:00:00.000,"20200626",2020,"06","2020 06","2020 Jun","Jun","June",5,"Friday","Fri","Q2","2020 Q2",26,"26Jun2020",1
2020-06-27 00:00:00.000,"20200627",2020,"06","2020 06","2020 Jun","Jun","June",6,"Saturday","Sat","Q2","2020 Q2",26,"27Jun2020",0
2020-06-28 00:00:00.000,"20200628",2020,"06","2020 06","2020 Jun","Jun","June",7,"Sunday","Sun","Q2","2020 Q2",27,"28Jun2020",0
2020-06-29 00:00:00.000,"20200629",2020,"06","2020 06","2020 Jun","Jun","June",1,"Monday","Mon","Q2","2020 Q2",27,"29Jun2020",1
2020-06-30 00:00:00.000,"20200630",2020,"06","2020 06","2020 Jun","Jun","June",2,"Tuesday","Tue","Q2","2020 Q2",27,"30Jun2020",1
2019-04-01 00:00:00.000,"20190401",2019,"04","2019 04","2019 Apr","Apr","April",1,"Monday","Mon","Q2","2019 Q2",14,"01Apr2019",1
2019-04-02 00:00:00.000,"20190402",2019,"04","2019 04","2019 Apr","Apr","April",2,"Tuesday","Tue","Q2","2019 Q2",14,"02Apr2019",1
2019-04-03 00:00:00.000,"20190403",2019,"04","2019 04","2019 Apr","Apr","April",3,"Wednesday","Wed","Q2","2019 Q2",14,"03Apr2019",1
2019-04-04 00:00:00.000,"20190404",2019,"04","2019 04","2019 Apr","Apr","April",4,"Thursday","Thu","Q2","2019 Q2",14,"04Apr2019",1
2019-04-05 00:00:00.000,"20190405",2019,"04","2019 04","2019 Apr","Apr","April",5,"Friday","Fri","Q2","2019 Q2",14,"05Apr2019",1
2019-04-06 00:00:00.000,"20190406",2019,"04","2019 04","2019 Apr","Apr","April",6,"Saturday","Sat","Q2","2019 Q2",14,"06Apr2019",0
2019-04-07 00:00:00.000,"20190407",2019,"04","2019 04","2019 Apr","Apr","April",7,"Sunday","Sun","Q2","2019 Q2",15,"07Apr2019",0
2019-04-08 00:00:00.000,"20190408",2019,"04","2019 04","2019 Apr","Apr","April",1,"Monday","Mon","Q2","2019 Q2",15,"08Apr2019",1
2019-04-09 00:00:00.000,"20190409",2019,"04","2019 04","2019 Apr","Apr","April",2,"Tuesday","Tue","Q2","2019 Q2",15,"09Apr2019",1
2019-04-10 00:00:00.000,"20190410",2019,"04","2019 04","2019 Apr","Apr","April",3,"Wednesday","Wed","Q2","2019 Q2",15,"10Apr2019",1
2019-04-11 00:00:00.000,"20190411",2019,"04","2019 04","2019 Apr","Apr","April",4,"Thursday","Thu","Q2","2019 Q2",15,"11Apr2019",1
2019-04-12 00:00:00.000,"20190412",2019,"04","2019 04","2019 Apr","Apr","April",5,"Friday","Fri","Q2","2019 Q2",15,"12Apr2019",1
2019-04-13 00:00:00.000,"20190413",2019,"04","2019 04","2019 Apr","Apr","April",6,"Saturday","Sat","Q2","2019 Q2",15,"13Apr2019",0
2019-04-14 00:00:00.000,"20190414",2019,"04","2019 04","2019 Apr","Apr","April",7,"Sunday","Sun","Q2","2019 Q2",16,"14Apr2019",0
2019-04-15 00:00:00.000,"20190415",2019,"04","2019 04","2019 Apr","Apr","April",1,"Monday","Mon","Q2","2019 Q2",16,"15Apr2019",1
2019-04-16 00:00:00.000,"20190416",2019,"04","2019 04","2019 Apr","Apr","April",2,"Tuesday","Tue","Q2","2019 Q2",16,"16Apr2019",1
2019-04-17 00:00:00.000,"20190417",2019,"04","2019 04","2019 Apr","Apr","April",3,"Wednesday","Wed","Q2","2019 Q2",16,"17Apr2019",1
2019-04-18 00:00:00.000,"20190418",2019,"04","2019 04","2019 Apr","Apr","April",4,"Thursday","Thu","Q2","2019 Q2",16,"18Apr2019",1
2019-04-19 00:00:00.000,"20190419",2019,"04","2019 04","2019 Apr","Apr","April",5,"Friday","Fri","Q2","2019 Q2",16,"19Apr2019",1
2019-04-20 00:00:00.000,"20190420",2019,"04","2019 04","2019 Apr","Apr","April",6,"Saturday","Sat","Q2","2019 Q2",16,"20Apr2019",0
2019-04-21 00:00:00.000,"20190421",2019,"04","2019 04","2019 Apr","Apr","April",7,"Sunday","Sun","Q2","2019 Q2",17,"21Apr2019",0
2019-04-22 00:00:00.000,"20190422",2019,"04","2019 04","2019 Apr","Apr","April",1,"Monday","Mon","Q2","2019 Q2",17,"22Apr2019",1
2019-04-23 00:00:00.000,"20190423",2019,"04","2019 04","2019 Apr","Apr","April",2,"Tuesday","Tue","Q2","2019 Q2",17,"23Apr2019",1
2019-04-24 00:00:00.000,"20190424",2019,"04","2019 04","2019 Apr","Apr","April",3,"Wednesday","Wed","Q2","2019 Q2",17,"24Apr2019",1
2019-04-25 00:00:00.000,"20190425",2019,"04","2019 04","2019 Apr","Apr","April",4,"Thursday","Thu","Q2","2019 Q2",17,"25Apr2019",1
2019-04-26 00:00:00.000,"20190426",2019,"04","2019 04","2019 Apr","Apr","April",5,"Friday","Fri","Q2","2019 Q2",17,"26Apr2019",1
2019-04-27 00:00:00.000,"20190427",2019,"04","2019 04","2019 Apr","Apr","April",6,"Saturday","Sat","Q2","2019 Q2",17,"27Apr2019",0
2019-04-28 00:00:00.000,"20190428",2019,"04","2019 04","2019 Apr","Apr","April",7,"Sunday","Sun","Q2","2019 Q2",18,"28Apr2019",0
2019-04-29 00:00:00.000,"20190429",2019,"04","2019 04","2019 Apr","Apr","April",1,"Monday","Mon","Q2","2019 Q2",18,"29Apr2019",1
2019-04-30 00:00:00.000,"20190430",2019,"04","2019 04","2019 Apr","Apr","April",2,"Tuesday","Tue","Q2","2019 Q2",18,"30Apr2019",1
2019-05-01 00:00:00.000,"20190501",2019,"05","2019 05","2019 May","May","May",3,"Wednesday","Wed","Q2","2019 Q2",18,"01May2019",1
2019-05-02 00:00:00.000,"20190502",2019,"05","2019 05","2019 May","May","May",4,"Thursday","Thu","Q2","2019 Q2",18,"02May2019",1
2019-05-03 00:00:00.000,"20190503",2019,"05","2019 05","2019 May","May","May",5,"Friday","Fri","Q2","2019 Q2",18,"03May2019",1
2019-05-04 00:00:00.000,"20190504",2019,"05","2019 05","2019 May","May","May",6,"Saturday","Sat","Q2","2019 Q2",18,"04May2019",0
2019-05-05 00:00:00.000,"20190505",2019,"05","2019 05","2019 May","May","May",7,"Sunday","Sun","Q2","2019 Q2",19,"05May2019",0
2019-05-06 00:00:00.000,"20190506",2019,"05","2019 05","2019 May","May","May",1,"Monday","Mon","Q2","2019 Q2",19,"06May2019",1
2019-05-07 00:00:00.000,"20190507",2019,"05","2019 05","2019 May","May","May",2,"Tuesday","Tue","Q2","2019 Q2",19,"07May2019",1
2019-05-08 00:00:00.000,"20190508",2019,"05","2019 05","2019 May","May","May",3,"Wednesday","Wed","Q2","2019 Q2",19,"08May2019",1
2019-05-09 00:00:00.000,"20190509",2019,"05","2019 05","2019 May","May","May",4,"Thursday","Thu","Q2","2019 Q2",19,"09May2019",1
2019-05-10 00:00:00.000,"20190510",2019,"05","2019 05","2019 May","May","May",5,"Friday","Fri","Q2","2019 Q2",19,"10May2019",1
2019-05-11 00:00:00.000,"20190511",2019,"05","2019 05","2019 May","May","May",6,"Saturday","Sat","Q2","2019 Q2",19,"11May2019",0
2019-05-12 00:00:00.000,"20190512",2019,"05","2019 05","2019 May","May","May",7,"Sunday","Sun","Q2","2019 Q2",20,"12May2019",0
2019-05-13 00:00:00.000,"20190513",2019,"05","2019 05","2019 May","May","May",1,"Monday","Mon","Q2","2019 Q2",20,"13May2019",1
2019-05-14 00:00:00.000,"20190514",2019,"05","2019 05","2019 May","May","May",2,"Tuesday","Tue","Q2","2019 Q2",20,"14May2019",1
2019-05-15 00:00:00.000,"20190515",2019,"05","2019 05","2019 May","May","May",3,"Wednesday","Wed","Q2","2019 Q2",20,"15May2019",1
2019-05-16 00:00:00.000,"20190516",2019,"05","2019 05","2019 May","May","May",4,"Thursday","Thu","Q2","2019 Q2",20,"16May2019",1
2019-05-17 00:00:00.000,"20190517",2019,"05","2019 05","2019 May","May","May",5,"Friday","Fri","Q2","2019 Q2",20,"17May2019",1
2019-05-18 00:00:00.000,"20190518",2019,"05","2019 05","2019 May","May","May",6,"Saturday","Sat","Q2","2019 Q2",20,"18May2019",0
2019-05-19 00:00:00.000,"20190519",2019,"05","2019 05","2019 May","May","May",7,"Sunday","Sun","Q2","2019 Q2",21,"19May2019",0
2019-05-20 00:00:00.000,"20190520",2019,"05","2019 05","2019 May","May","May",1,"Monday","Mon","Q2","2019 Q2",21,"20May2019",1
2019-05-21 00:00:00.000,"20190521",2019,"05","2019 05","2019 May","May","May",2,"Tuesday","Tue","Q2","2019 Q2",21,"21May2019",1
2019-05-22 00:00:00.000,"20190522",2019,"05","2019 05","2019 May","May","May",3,"Wednesday","Wed","Q2","2019 Q2",21,"22May2019",1
2019-05-23 00:00:00.000,"20190523",2019,"05","2019 05","2019 May","May","May",4,"Thursday","Thu","Q2","2019 Q2",21,"23May2019",1
2019-05-24 00:00:00.000,"20190524",2019,"05","2019 05","2019 May","May","May",5,"Friday","Fri","Q2","2019 Q2",21,"24May2019",1
2019-05-25 00:00:00.000,"20190525",2019,"05","2019 05","2019 May","May","May",6,"Saturday","Sat","Q2","2019 Q2",21,"25May2019",0
2019-05-26 00:00:00.000,"20190526",2019,"05","2019 05","2019 May","May","May",7,"Sunday","Sun","Q2","2019 Q2",22,"26May2019",0
2019-05-27 00:00:00.000,"20190527",2019,"05","2019 05","2019 May","May","May",1,"Monday","Mon","Q2","2019 Q2",22,"27May2019",1
2019-05-28 00:00:00.000,"20190528",2019,"05","2019 05","2019 May","May","May",2,"Tuesday","Tue","Q2","2019 Q2",22,"28May2019",1
2019-05-29 00:00:00.000,"20190529",2019,"05","2019 05","2019 May","May","May",3,"Wednesday","Wed","Q2","2019 Q2",22,"29May2019",1
2019-05-30 00:00:00.000,"20190530",2019,"05","2019 05","2019 May","May","May",4,"Thursday","Thu","Q2","2019 Q2",22,"30May2019",1
2019-05-31 00:00:00.000,"20190531",2019,"05","2019 05","2019 May","May","May",5,"Friday","Fri","Q2","2019 Q2",22,"31May2019",1
2019-06-01 00:00:00.000,"20190601",2019,"06","2019 06","2019 Jun","Jun","June",6,"Saturday","Sat","Q2","2019 Q2",22,"01Jun2019",0
2019-06-02 00:00:00.000,"20190602",2019,"06","2019 06","2019 Jun","Jun","June",7,"Sunday","Sun","Q2","2019 Q2",23,"02Jun2019",0
2019-06-03 00:00:00.000,"20190603",2019,"06","2019 06","2019 Jun","Jun","June",1,"Monday","Mon","Q2","2019 Q2",23,"03Jun2019",1
2019-06-04 00:00:00.000,"20190604",2019,"06","2019 06","2019 Jun","Jun","June",2,"Tuesday","Tue","Q2","2019 Q2",23,"04Jun2019",1
2019-06-05 00:00:00.000,"20190605",2019,"06","2019 06","2019 Jun","Jun","June",3,"Wednesday","Wed","Q2","2019 Q2",23,"05Jun2019",1
2019-06-06 00:00:00.000,"20190606",2019,"06","2019 06","2019 Jun","Jun","June",4,"Thursday","Thu","Q2","2019 Q2",23,"06Jun2019",1
2019-06-07 00:00:00.000,"20190607",2019,"06","2019 06","2019 Jun","Jun","June",5,"Friday","Fri","Q2","2019 Q2",23,"07Jun2019",1
2019-06-08 00:00:00.000,"20190608",2019,"06","2019 06","2019 Jun","Jun","June",6,"Saturday","Sat","Q2","2019 Q2",23,"08Jun2019",0
2019-06-09 00:00:00.000,"20190609",2019,"06","2019 06","2019 Jun","Jun","June",7,"Sunday","Sun","Q2","2019 Q2",24,"09Jun2019",0
2019-06-10 00:00:00.000,"20190610",2019,"06","2019 06","2019 Jun","Jun","June",1,"Monday","Mon","Q2","2019 Q2",24,"10Jun2019",1
2019-06-11 00:00:00.000,"20190611",2019,"06","2019 06","2019 Jun","Jun","June",2,"Tuesday","Tue","Q2","2019 Q2",24,"11Jun2019",1
2019-06-12 00:00:00.000,"20190612",2019,"06","2019 06","2019 Jun","Jun","June",3,"Wednesday","Wed","Q2","2019 Q2",24,"12Jun2019",1
2019-06-13 00:00:00.000,"20190613",2019,"06","2019 06","2019 Jun","Jun","June",4,"Thursday","Thu","Q2","2019 Q2",24,"13Jun2019",1
2019-06-14 00:00:00.000,"20190614",2019,"06","2019 06","2019 Jun","Jun","June",5,"Friday","Fri","Q2","2019 Q2",24,"14Jun2019",1
2019-06-15 00:00:00.000,"20190615",2019,"06","2019 06","2019 Jun","Jun","June",6,"Saturday","Sat","Q2","2019 Q2",24,"15Jun2019",0
2019-06-16 00:00:00.000,"20190616",2019,"06","2019 06","2019 Jun","Jun","June",7,"Sunday","Sun","Q2","2019 Q2",25,"16Jun2019",0
2019-06-17 00:00:00.000,"20190617",2019,"06","2019 06","2019 Jun","Jun","June",1,"Monday","Mon","Q2","2019 Q2",25,"17Jun2019",1
2019-06-18 00:00:00.000,"20190618",2019,"06","2019 06","2019 Jun","Jun","June",2,"Tuesday","Tue","Q2","2019 Q2",25,"18Jun2019",1
2019-06-19 00:00:00.000,"20190619",2019,"06","2019 06","2019 Jun","Jun","June",3,"Wednesday","Wed","Q2","2019 Q2",25,"19Jun2019",1
2019-06-20 00:00:00.000,"20190620",2019,"06","2019 06","2019 Jun","Jun","June",4,"Thursday","Thu","Q2","2019 Q2",25,"20Jun2019",1
2019-06-21 00:00:00.000,"20190621",2019,"06","2019 06","2019 Jun","Jun","June",5,"Friday","Fri","Q2","2019 Q2",25,"21Jun2019",1
2019-06-22 00:00:00.000,"20190622",2019,"06","2019 06","2019 Jun","Jun","June",6,"Saturday","Sat","Q2","2019 Q2",25,"22Jun2019",0
2019-06-23 00:00:00.000,"20190623",2019,"06","2019 06","2019 Jun","Jun","June",7,"Sunday","Sun","Q2","2019 Q2",26,"23Jun2019",0
2019-06-24 00:00:00.000,"20190624",2019,"06","2019 06","2019 Jun","Jun","June",1,"Monday","Mon","Q2","2019 Q2",26,"24Jun2019",1
2019-06-25 00:00:00.000,"20190625",2019,"06","2019 06","2019 Jun","Jun","June",2,"Tuesday","Tue","Q2","2019 Q2",26,"25Jun2019",1
2019-06-26 00:00:00.000,"20190626",2019,"06","2019 06","2019 Jun","Jun","June",3,"Wednesday","Wed","Q2","2019 Q2",26,"26Jun2019",1
2019-06-27 00:00:00.000,"20190627",2019,"06","2019 06","2019 Jun","Jun","June",4,"Thursday","Thu","Q2","2019 Q2",26,"27Jun2019",1
2019-06-28 00:00:00.000,"20190628",2019,"06","2019 06","2019 Jun","Jun","June",5,"Friday","Fri","Q2","2019 Q2",26,"28Jun2019",1
2019-06-29 00:00:00.000,"20190629",2019,"06","2019 06","2019 Jun","Jun","June",6,"Saturday","Sat","Q2","2019 Q2",26,"29Jun2019",0
2019-06-30 00:00:00.000,"20190630",2019,"06","2019 06","2019 Jun","Jun","June",7,"Sunday","Sun","Q2","2019 Q2",27,"30Jun2019",0
2019-01-01 00:00:00.000,"20190101",2019,"01","2019 01","2019 Jan","Jan","January",2,"Tuesday","Tue","Q1","2019 Q1",1,"01Jan2019",1
2019-01-02 00:00:00.000,"20190102",2019,"01","2019 01","2019 Jan","Jan","January",3,"Wednesday","Wed","Q1","2019 Q1",1,"02Jan2019",1
2019-01-03 00:00:00.000,"20190103",2019,"01","2019 01","2019 Jan","Jan","January",4,"Thursday","Thu","Q1","2019 Q1",1,"03Jan2019",1
2019-01-04 00:00:00.000,"20190104",2019,"01","2019 01","2019 Jan","Jan","January",5,"Friday","Fri","Q1","2019 Q1",1,"04Jan2019",1
2019-01-05 00:00:00.000,"20190105",2019,"01","2019 01","2019 Jan","Jan","January",6,"Saturday","Sat","Q1","2019 Q1",1,"05Jan2019",0
2019-01-06 00:00:00.000,"20190106",2019,"01","2019 01","2019 Jan","Jan","January",7,"Sunday","Sun","Q1","2019 Q1",2,"06Jan2019",0
2019-01-07 00:00:00.000,"20190107",2019,"01","2019 01","2019 Jan","Jan","January",1,"Monday","Mon","Q1","2019 Q1",2,"07Jan2019",1
2019-01-08 00:00:00.000,"20190108",2019,"01","2019 01","2019 Jan","Jan","January",2,"Tuesday","Tue","Q1","2019 Q1",2,"08Jan2019",1
2019-01-09 00:00:00.000,"20190109",2019,"01","2019 01","2019 Jan","Jan","January",3,"Wednesday","Wed","Q1","2019 Q1",2,"09Jan2019",1
2019-01-10 00:00:00.000,"20190110",2019,"01","2019 01","2019 Jan","Jan","January",4,"Thursday","Thu","Q1","2019 Q1",2,"10Jan2019",1
2019-01-11 00:00:00.000,"20190111",2019,"01","2019 01","2019 Jan","Jan","January",5,"Friday","Fri","Q1","2019 Q1",2,"11Jan2019",1
2019-01-12 00:00:00.000,"20190112",2019,"01","2019 01","2019 Jan","Jan","January",6,"Saturday","Sat","Q1","2019 Q1",2,"12Jan2019",0
2019-01-13 00:00:00.000,"20190113",2019,"01","2019 01","2019 Jan","Jan","January",7,"Sunday","Sun","Q1","2019 Q1",3,"13Jan2019",0
2019-01-14 00:00:00.000,"20190114",2019,"01","2019 01","2019 Jan","Jan","January",1,"Monday","Mon","Q1","2019 Q1",3,"14Jan2019",1
2019-01-15 00:00:00.000,"20190115",2019,"01","2019 01","2019 Jan","Jan","January",2,"Tuesday","Tue","Q1","2019 Q1",3,"15Jan2019",1
2019-01-16 00:00:00.000,"20190116",2019,"01","2019 01","2019 Jan","Jan","January",3,"Wednesday","Wed","Q1","2019 Q1",3,"16Jan2019",1
2019-01-17 00:00:00.000,"20190117",2019,"01","2019 01","2019 Jan","Jan","January",4,"Thursday","Thu","Q1","2019 Q1",3,"17Jan2019",1
2019-01-18 00:00:00.000,"20190118",2019,"01","2019 01","2019 Jan","Jan","January",5,"Friday","Fri","Q1","2019 Q1",3,"18Jan2019",1
2019-01-19 00:00:00.000,"20190119",2019,"01","2019 01","2019 Jan","Jan","January",6,"Saturday","Sat","Q1","2019 Q1",3,"19Jan2019",0
2019-01-20 00:00:00.000,"20190120",2019,"01","2019 01","2019 Jan","Jan","January",7,"Sunday","Sun","Q1","2019 Q1",4,"20Jan2019",0
2019-01-21 00:00:00.000,"20190121",2019,"01","2019 01","2019 Jan","Jan","January",1,"Monday","Mon","Q1","2019 Q1",4,"21Jan2019",1
2019-01-22 00:00:00.000,"20190122",2019,"01","2019 01","2019 Jan","Jan","January",2,"Tuesday","Tue","Q1","2019 Q1",4,"22Jan2019",1
2019-01-23 00:00:00.000,"20190123",2019,"01","2019 01","2019 Jan","Jan","January",3,"Wednesday","Wed","Q1","2019 Q1",4,"23Jan2019",1
2019-01-24 00:00:00.000,"20190124",2019,"01","2019 01","2019 Jan","Jan","January",4,"Thursday","Thu","Q1","2019 Q1",4,"24Jan2019",1
2019-01-25 00:00:00.000,"20190125",2019,"01","2019 01","2019 Jan","Jan","January",5,"Friday","Fri","Q1","2019 Q1",4,"25Jan2019",1
2019-01-26 00:00:00.000,"20190126",2019,"01","2019 01","2019 Jan","Jan","January",6,"Saturday","Sat","Q1","2019 Q1",4,"26Jan2019",0
2019-01-27 00:00:00.000,"20190127",2019,"01","2019 01","2019 Jan","Jan","January",7,"Sunday","Sun","Q1","2019 Q1",5,"27Jan2019",0
2019-01-28 00:00:00.000,"20190128",2019,"01","2019 01","2019 Jan","Jan","January",1,"Monday","Mon","Q1","2019 Q1",5,"28Jan2019",1
2019-01-29 00:00:00.000,"20190129",2019,"01","2019 01","2019 Jan","Jan","January",2,"Tuesday","Tue","Q1","2019 Q1",5,"29Jan2019",1
2019-01-30 00:00:00.000,"20190130",2019,"01","2019 01","2019 Jan","Jan","January",3,"Wednesday","Wed","Q1","2019 Q1",5,"30Jan2019",1
2019-01-31 00:00:00.000,"20190131",2019,"01","2019 01","2019 Jan","Jan","January",4,"Thursday","Thu","Q1","2019 Q1",5,"31Jan2019",1
2019-02-01 00:00:00.000,"20190201",2019,"02","2019 02","2019 Feb","Feb","February",5,"Friday","Fri","Q1","2019 Q1",5,"01Feb2019",1
2019-02-02 00:00:00.000,"20190202",2019,"02","2019 02","2019 Feb","Feb","February",6,"Saturday","Sat","Q1","2019 Q1",5,"02Feb2019",0
2019-02-03 00:00:00.000,"20190203",2019,"02","2019 02","2019 Feb","Feb","February",7,"Sunday","Sun","Q1","2019 Q1",6,"03Feb2019",0
2019-02-04 00:00:00.000,"20190204",2019,"02","2019 02","2019 Feb","Feb","February",1,"Monday","Mon","Q1","2019 Q1",6,"04Feb2019",1
2019-02-05 00:00:00.000,"20190205",2019,"02","2019 02","2019 Feb","Feb","February",2,"Tuesday","Tue","Q1","2019 Q1",6,"05Feb2019",1
2019-02-06 00:00:00.000,"20190206",2019,"02","2019 02","2019 Feb","Feb","February",3,"Wednesday","Wed","Q1","2019 Q1",6,"06Feb2019",1
2019-02-07 00:00:00.000,"20190207",2019,"02","2019 02","2019 Feb","Feb","February",4,"Thursday","Thu","Q1","2019 Q1",6,"07Feb2019",1
2019-02-08 00:00:00.000,"20190208",2019,"02","2019 02","2019 Feb","Feb","February",5,"Friday","Fri","Q1","2019 Q1",6,"08Feb2019",1
2019-02-09 00:00:00.000,"20190209",2019,"02","2019 02","2019 Feb","Feb","February",6,"Saturday","Sat","Q1","2019 Q1",6,"09Feb2019",0
2019-02-10 00:00:00.000,"20190210",2019,"02","2019 02","2019 Feb","Feb","February",7,"Sunday","Sun","Q1","2019 Q1",7,"10Feb2019",0
2019-02-11 00:00:00.000,"20190211",2019,"02","2019 02","2019 Feb","Feb","February",1,"Monday","Mon","Q1","2019 Q1",7,"11Feb2019",1
2019-02-12 00:00:00.000,"20190212",2019,"02","2019 02","2019 Feb","Feb","February",2,"Tuesday","Tue","Q1","2019 Q1",7,"12Feb2019",1
2019-02-13 00:00:00.000,"20190213",2019,"02","2019 02","2019 Feb","Feb","February",3,"Wednesday","Wed","Q1","2019 Q1",7,"13Feb2019",1
2019-02-14 00:00:00.000,"20190214",2019,"02","2019 02","2019 Feb","Feb","February",4,"Thursday","Thu","Q1","2019 Q1",7,"14Feb2019",1
2019-02-15 00:00:00.000,"20190215",2019,"02","2019 02","2019 Feb","Feb","February",5,"Friday","Fri","Q1","2019 Q1",7,"15Feb2019",1
2019-02-16 00:00:00.000,"20190216",2019,"02","2019 02","2019 Feb","Feb","February",6,"Saturday","Sat","Q1","2019 Q1",7,"16Feb2019",0
2019-02-17 00:00:00.000,"20190217",2019,"02","2019 02","2019 Feb","Feb","February",7,"Sunday","Sun","Q1","2019 Q1",8,"17Feb2019",0
2019-02-18 00:00:00.000,"20190218",2019,"02","2019 02","2019 Feb","Feb","February",1,"Monday","Mon","Q1","2019 Q1",8,"18Feb2019",1
2019-02-19 00:00:00.000,"20190219",2019,"02","2019 02","2019 Feb","Feb","February",2,"Tuesday","Tue","Q1","2019 Q1",8,"19Feb2019",1
2019-02-20 00:00:00.000,"20190220",2019,"02","2019 02","2019 Feb","Feb","February",3,"Wednesday","Wed","Q1","2019 Q1",8,"20Feb2019",1
2019-02-21 00:00:00.000,"20190221",2019,"02","2019 02","2019 Feb","Feb","February",4,"Thursday","Thu","Q1","2019 Q1",8,"21Feb2019",1
2019-02-22 00:00:00.000,"20190222",2019,"02","2019 02","2019 Feb","Feb","February",5,"Friday","Fri","Q1","2019 Q1",8,"22Feb2019",1
2019-02-23 00:00:00.000,"20190223",2019,"02","2019 02","2019 Feb","Feb","February",6,"Saturday","Sat","Q1","2019 Q1",8,"23Feb2019",0
2019-02-24 00:00:00.000,"20190224",2019,"02","2019 02","2019 Feb","Feb","February",7,"Sunday","Sun","Q1","2019 Q1",9,"24Feb2019",0
2019-02-25 00:00:00.000,"20190225",2019,"02","2019 02","2019 Feb","Feb","February",1,"Monday","Mon","Q1","2019 Q1",9,"25Feb2019",1
2019-02-26 00:00:00.000,"20190226",2019,"02","2019 02","2019 Feb","Feb","February",2,"Tuesday","Tue","Q1","2019 Q1",9,"26Feb2019",1
2019-02-27 00:00:00.000,"20190227",2019,"02","2019 02","2019 Feb","Feb","February",3,"Wednesday","Wed","Q1","2019 Q1",9,"27Feb2019",1
2019-02-28 00:00:00.000,"20190228",2019,"02","2019 02","2019 Feb","Feb","February",4,"Thursday","Thu","Q1","2019 Q1",9,"28Feb2019",1
2019-03-01 00:00:00.000,"20190301",2019,"03","2019 03","2019 Mar","Mar","March",5,"Friday","Fri","Q1","2019 Q1",9,"01Mar2019",1
2019-03-02 00:00:00.000,"20190302",2019,"03","2019 03","2019 Mar","Mar","March",6,"Saturday","Sat","Q1","2019 Q1",9,"02Mar2019",0
2019-03-03 00:00:00.000,"20190303",2019,"03","2019 03","2019 Mar","Mar","March",7,"Sunday","Sun","Q1","2019 Q1",10,"03Mar2019",0
2019-03-04 00:00:00.000,"20190304",2019,"03","2019 03","2019 Mar","Mar","March",1,"Monday","Mon","Q1","2019 Q1",10,"04Mar2019",1
2019-03-05 00:00:00.000,"20190305",2019,"03","2019 03","2019 Mar","Mar","March",2,"Tuesday","Tue","Q1","2019 Q1",10,"05Mar2019",1
2019-03-06 00:00:00.000,"20190306",2019,"03","2019 03","2019 Mar","Mar","March",3,"Wednesday","Wed","Q1","2019 Q1",10,"06Mar2019",1
2019-03-07 00:00:00.000,"20190307",2019,"03","2019 03","2019 Mar","Mar","March",4,"Thursday","Thu","Q1","2019 Q1",10,"07Mar2019",1
2019-03-08 00:00:00.000,"20190308",2019,"03","2019 03","2019 Mar","Mar","March",5,"Friday","Fri","Q1","2019 Q1",10,"08Mar2019",1
2019-03-09 00:00:00.000,"20190309",2019,"03","2019 03","2019 Mar","Mar","March",6,"Saturday","Sat","Q1","2019 Q1",10,"09Mar2019",0
2019-03-10 00:00:00.000,"20190310",2019,"03","2019 03","2019 Mar","Mar","March",7,"Sunday","Sun","Q1","2019 Q1",11,"10Mar2019",0
2019-03-11 00:00:00.000,"20190311",2019,"03","2019 03","2019 Mar","Mar","March",1,"Monday","Mon","Q1","2019 Q1",11,"11Mar2019",1
2019-03-12 00:00:00.000,"20190312",2019,"03","2019 03","2019 Mar","Mar","March",2,"Tuesday","Tue","Q1","2019 Q1",11,"12Mar2019",1
2019-03-13 00:00:00.000,"20190313",2019,"03","2019 03","2019 Mar","Mar","March",3,"Wednesday","Wed","Q1","2019 Q1",11,"13Mar2019",1
2019-03-14 00:00:00.000,"20190314",2019,"03","2019 03","2019 Mar","Mar","March",4,"Thursday","Thu","Q1","2019 Q1",11,"14Mar2019",1
2019-03-15 00:00:00.000,"20190315",2019,"03","2019 03","2019 Mar","Mar","March",5,"Friday","Fri","Q1","2019 Q1",11,"15Mar2019",1
2019-03-16 00:00:00.000,"20190316",2019,"03","2019 03","2019 Mar","Mar","March",6,"Saturday","Sat","Q1","2019 Q1",11,"16Mar2019",0
2019-03-17 00:00:00.000,"20190317",2019,"03","2019 03","2019 Mar","Mar","March",7,"Sunday","Sun","Q1","2019 Q1",12,"17Mar2019",0
2019-03-18 00:00:00.000,"20190318",2019,"03","2019 03","2019 Mar","Mar","March",1,"Monday","Mon","Q1","2019 Q1",12,"18Mar2019",1
2019-03-19 00:00:00.000,"20190319",2019,"03","2019 03","2019 Mar","Mar","March",2,"Tuesday","Tue","Q1","2019 Q1",12,"19Mar2019",1
2019-03-20 00:00:00.000,"20190320",2019,"03","2019 03","2019 Mar","Mar","March",3,"Wednesday","Wed","Q1","2019 Q1",12,"20Mar2019",1
2019-03-21 00:00:00.000,"20190321",2019,"03","2019 03","2019 Mar","Mar","March",4,"Thursday","Thu","Q1","2019 Q1",12,"21Mar2019",1
2019-03-22 00:00:00.000,"20190322",2019,"03","2019 03","2019 Mar","Mar","March",5,"Friday","Fri","Q1","2019 Q1",12,"22Mar2019",1
2019-03-23 00:00:00.000,"20190323",2019,"03","2019 03","2019 Mar","Mar","March",6,"Saturday","Sat","Q1","2019 Q1",12,"23Mar2019",0
2019-03-24 00:00:00.000,"20190324",2019,"03","2019 03","2019 Mar","Mar","March",7,"Sunday","Sun","Q1","2019 Q1",13,"24Mar2019",0
2019-03-25 00:00:00.000,"20190325",2019,"03","2019 03","2019 Mar","Mar","March",1,"Monday","Mon","Q1","2019 Q1",13,"25Mar2019",1
2019-03-26 00:00:00.000,"20190326",2019,"03","2019 03","2019 Mar","Mar","March",2,"Tuesday","Tue","Q1","2019 Q1",13,"26Mar2019",1
2019-03-27 00:00:00.000,"20190327",2019,"03","2019 03","2019 Mar","Mar","March",3,"Wednesday","Wed","Q1","2019 Q1",13,"27Mar2019",1
2019-03-28 00:00:00.000,"20190328",2019,"03","2019 03","2019 Mar","Mar","March",4,"Thursday","Thu","Q1","2019 Q1",13,"28Mar2019",1
2019-03-29 00:00:00.000,"20190329",2019,"03","2019 03","2019 Mar","Mar","March",5,"Friday","Fri","Q1","2019 Q1",13,"29Mar2019",1
2019-03-30 00:00:00.000,"20190330",2019,"03","2019 03","2019 Mar","Mar","March",6,"Saturday","Sat","Q1","2019 Q1",13,"30Mar2019",0
2019-03-31 00:00:00.000,"20190331",2019,"03","2019 03","2019 Mar","Mar","March",7,"Sunday","Sun","Q1","2019 Q1",14,"31Mar2019",0
2020-01-01 00:00:00.000,"20200101",2020,"01","2020 01","2020 Jan","Jan","January",3,"Wednesday","Wed","Q1","2020 Q1",1,"01Jan2020",1
2020-01-02 00:00:00.000,"20200102",2020,"01","2020 01","2020 Jan","Jan","January",4,"Thursday","Thu","Q1","2020 Q1",1,"02Jan2020",1
2020-01-03 00:00:00.000,"20200103",2020,"01","2020 01","2020 Jan","Jan","January",5,"Friday","Fri","Q1","2020 Q1",1,"03Jan2020",1
2020-01-04 00:00:00.000,"20200104",2020,"01","2020 01","2020 Jan","Jan","January",6,"Saturday","Sat","Q1","2020 Q1",1,"04Jan2020",0
2020-01-05 00:00:00.000,"20200105",2020,"01","2020 01","2020 Jan","Jan","January",7,"Sunday","Sun","Q1","2020 Q1",2,"05Jan2020",0
2020-01-06 00:00:00.000,"20200106",2020,"01","2020 01","2020 Jan","Jan","January",1,"Monday","Mon","Q1","2020 Q1",2,"06Jan2020",1
2020-01-07 00:00:00.000,"20200107",2020,"01","2020 01","2020 Jan","Jan","January",2,"Tuesday","Tue","Q1","2020 Q1",2,"07Jan2020",1
2020-01-08 00:00:00.000,"20200108",2020,"01","2020 01","2020 Jan","Jan","January",3,"Wednesday","Wed","Q1","2020 Q1",2,"08Jan2020",1
2020-01-09 00:00:00.000,"20200109",2020,"01","2020 01","2020 Jan","Jan","January",4,"Thursday","Thu","Q1","2020 Q1",2,"09Jan2020",1
2020-01-10 00:00:00.000,"20200110",2020,"01","2020 01","2020 Jan","Jan","January",5,"Friday","Fri","Q1","2020 Q1",2,"10Jan2020",1
2020-01-11 00:00:00.000,"20200111",2020,"01","2020 01","2020 Jan","Jan","January",6,"Saturday","Sat","Q1","2020 Q1",2,"11Jan2020",0
2020-01-12 00:00:00.000,"20200112",2020,"01","2020 01","2020 Jan","Jan","January",7,"Sunday","Sun","Q1","2020 Q1",3,"12Jan2020",0
2020-01-13 00:00:00.000,"20200113",2020,"01","2020 01","2020 Jan","Jan","January",1,"Monday","Mon","Q1","2020 Q1",3,"13Jan2020",1
2020-01-14 00:00:00.000,"20200114",2020,"01","2020 01","2020 Jan","Jan","January",2,"Tuesday","Tue","Q1","2020 Q1",3,"14Jan2020",1
2020-01-15 00:00:00.000,"20200115",2020,"01","2020 01","2020 Jan","Jan","January",3,"Wednesday","Wed","Q1","2020 Q1",3,"15Jan2020",1
2020-01-16 00:00:00.000,"20200116",2020,"01","2020 01","2020 Jan","Jan","January",4,"Thursday","Thu","Q1","2020 Q1",3,"16Jan2020",1
2020-01-17 00:00:00.000,"20200117",2020,"01","2020 01","2020 Jan","Jan","January",5,"Friday","Fri","Q1","2020 Q1",3,"17Jan2020",1
2020-01-18 00:00:00.000,"20200118",2020,"01","2020 01","2020 Jan","Jan","January",6,"Saturday","Sat","Q1","2020 Q1",3,"18Jan2020",0
2020-01-19 00:00:00.000,"20200119",2020,"01","2020 01","2020 Jan","Jan","January",7,"Sunday","Sun","Q1","2020 Q1",4,"19Jan2020",0
2020-01-20 00:00:00.000,"20200120",2020,"01","2020 01","2020 Jan","Jan","January",1,"Monday","Mon","Q1","2020 Q1",4,"20Jan2020",1
2020-01-21 00:00:00.000,"20200121",2020,"01","2020 01","2020 Jan","Jan","January",2,"Tuesday","Tue","Q1","2020 Q1",4,"21Jan2020",1
2020-01-22 00:00:00.000,"20200122",2020,"01","2020 01","2020 Jan","Jan","January",3,"Wednesday","Wed","Q1","2020 Q1",4,"22Jan2020",1
2020-01-23 00:00:00.000,"20200123",2020,"01","2020 01","2020 Jan","Jan","January",4,"Thursday","Thu","Q1","2020 Q1",4,"23Jan2020",1
2020-01-24 00:00:00.000,"20200124",2020,"01","2020 01","2020 Jan","Jan","January",5,"Friday","Fri","Q1","2020 Q1",4,"24Jan2020",1
2020-01-25 00:00:00.000,"20200125",2020,"01","2020 01","2020 Jan","Jan","January",6,"Saturday","Sat","Q1","2020 Q1",4,"25Jan2020",0
2020-01-26 00:00:00.000,"20200126",2020,"01","2020 01","2020 Jan","Jan","January",7,"Sunday","Sun","Q1","2020 Q1",5,"26Jan2020",0
2020-01-27 00:00:00.000,"20200127",2020,"01","2020 01","2020 Jan","Jan","January",1,"Monday","Mon","Q1","2020 Q1",5,"27Jan2020",1
2020-01-28 00:00:00.000,"20200128",2020,"01","2020 01","2020 Jan","Jan","January",2,"Tuesday","Tue","Q1","2020 Q1",5,"28Jan2020",1
2020-01-29 00:00:00.000,"20200129",2020,"01","2020 01","2020 Jan","Jan","January",3,"Wednesday","Wed","Q1","2020 Q1",5,"29Jan2020",1
2020-01-30 00:00:00.000,"20200130",2020,"01","2020 01","2020 Jan","Jan","January",4,"Thursday","Thu","Q1","2020 Q1",5,"30Jan2020",1
2020-01-31 00:00:00.000,"20200131",2020,"01","2020 01","2020 Jan","Jan","January",5,"Friday","Fri","Q1","2020 Q1",5,"31Jan2020",1
2020-02-01 00:00:00.000,"20200201",2020,"02","2020 02","2020 Feb","Feb","February",6,"Saturday","Sat","Q1","2020 Q1",5,"01Feb2020",0
2020-02-02 00:00:00.000,"20200202",2020,"02","2020 02","2020 Feb","Feb","February",7,"Sunday","Sun","Q1","2020 Q1",6,"02Feb2020",0
2020-02-03 00:00:00.000,"20200203",2020,"02","2020 02","2020 Feb","Feb","February",1,"Monday","Mon","Q1","2020 Q1",6,"03Feb2020",1
2020-02-04 00:00:00.000,"20200204",2020,"02","2020 02","2020 Feb","Feb","February",2,"Tuesday","Tue","Q1","2020 Q1",6,"04Feb2020",1
2020-02-05 00:00:00.000,"20200205",2020,"02","2020 02","2020 Feb","Feb","February",3,"Wednesday","Wed","Q1","2020 Q1",6,"05Feb2020",1
2020-02-06 00:00:00.000,"20200206",2020,"02","2020 02","2020 Feb","Feb","February",4,"Thursday","Thu","Q1","2020 Q1",6,"06Feb2020",1
2020-02-07 00:00:00.000,"20200207",2020,"02","2020 02","2020 Feb","Feb","February",5,"Friday","Fri","Q1","2020 Q1",6,"07Feb2020",1
2020-02-08 00:00:00.000,"20200208",2020,"02","2020 02","2020 Feb","Feb","February",6,"Saturday","Sat","Q1","2020 Q1",6,"08Feb2020",0
2020-02-09 00:00:00.000,"20200209",2020,"02","2020 02","2020 Feb","Feb","February",7,"Sunday","Sun","Q1","2020 Q1",7,"09Feb2020",0
2020-02-10 00:00:00.000,"20200210",2020,"02","2020 02","2020 Feb","Feb","February",1,"Monday","Mon","Q1","2020 Q1",7,"10Feb2020",1
2020-02-11 00:00:00.000,"20200211",2020,"02","2020 02","2020 Feb","Feb","February",2,"Tuesday","Tue","Q1","2020 Q1",7,"11Feb2020",1
2020-02-12 00:00:00.000,"20200212",2020,"02","2020 02","2020 Feb","Feb","February",3,"Wednesday","Wed","Q1","2020 Q1",7,"12Feb2020",1
2020-02-13 00:00:00.000,"20200213",2020,"02","2020 02","2020 Feb","Feb","February",4,"Thursday","Thu","Q1","2020 Q1",7,"13Feb2020",1
2020-02-14 00:00:00.000,"20200214",2020,"02","2020 02","2020 Feb","Feb","February",5,"Friday","Fri","Q1","2020 Q1",7,"14Feb2020",1
2020-02-15 00:00:00.000,"20200215",2020,"02","2020 02","2020 Feb","Feb","February",6,"Saturday","Sat","Q1","2020 Q1",7,"15Feb2020",0
2020-02-16 00:00:00.000,"20200216",2020,"02","2020 02","2020 Feb","Feb","February",7,"Sunday","Sun","Q1","2020 Q1",8,"16Feb2020",0
2020-02-17 00:00:00.000,"20200217",2020,"02","2020 02","2020 Feb","Feb","February",1,"Monday","Mon","Q1","2020 Q1",8,"17Feb2020",1
2020-02-18 00:00:00.000,"20200218",2020,"02","2020 02","2020 Feb","Feb","February",2,"Tuesday","Tue","Q1","2020 Q1",8,"18Feb2020",1
2020-02-19 00:00:00.000,"20200219",2020,"02","2020 02","2020 Feb","Feb","February",3,"Wednesday","Wed","Q1","2020 Q1",8,"19Feb2020",1
2020-02-20 00:00:00.000,"20200220",2020,"02","2020 02","2020 Feb","Feb","February",4,"Thursday","Thu","Q1","2020 Q1",8,"20Feb2020",1
2020-02-21 00:00:00.000,"20200221",2020,"02","2020 02","2020 Feb","Feb","February",5,"Friday","Fri","Q1","2020 Q1",8,"21Feb2020",1
2020-02-22 00:00:00.000,"20200222",2020,"02","2020 02","2020 Feb","Feb","February",6,"Saturday","Sat","Q1","2020 Q1",8,"22Feb2020",0
2020-02-23 00:00:00.000,"20200223",2020,"02","2020 02","2020 Feb","Feb","February",7,"Sunday","Sun","Q1","2020 Q1",9,"23Feb2020",0
2020-02-24 00:00:00.000,"20200224",2020,"02","2020 02","2020 Feb","Feb","February",1,"Monday","Mon","Q1","2020 Q1",9,"24Feb2020",1
2020-02-25 00:00:00.000,"20200225",2020,"02","2020 02","2020 Feb","Feb","February",2,"Tuesday","Tue","Q1","2020 Q1",9,"25Feb2020",1
2020-02-26 00:00:00.000,"20200226",2020,"02","2020 02","2020 Feb","Feb","February",3,"Wednesday","Wed","Q1","2020 Q1",9,"26Feb2020",1
2020-02-27 00:00:00.000,"20200227",2020,"02","2020 02","2020 Feb","Feb","February",4,"Thursday","Thu","Q1","2020 Q1",9,"27Feb2020",1
2020-02-28 00:00:00.000,"20200228",2020,"02","2020 02","2020 Feb","Feb","February",5,"Friday","Fri","Q1","2020 Q1",9,"28Feb2020",1
2020-02-29 00:00:00.000,"20200229",2020,"02","2020 02","2020 Feb","Feb","February",6,"Saturday","Sat","Q1","2020 Q1",9,"29Feb2020",0
2020-03-01 00:00:00.000,"20200301",2020,"03","2020 03","2020 Mar","Mar","March",7,"Sunday","Sun","Q1","2020 Q1",10,"01Mar2020",0
2020-03-02 00:00:00.000,"20200302",2020,"03","2020 03","2020 Mar","Mar","March",1,"Monday","Mon","Q1","2020 Q1",10,"02Mar2020",1
2020-03-03 00:00:00.000,"20200303",2020,"03","2020 03","2020 Mar","Mar","March",2,"Tuesday","Tue","Q1","2020 Q1",10,"03Mar2020",1
2020-03-04 00:00:00.000,"20200304",2020,"03","2020 03","2020 Mar","Mar","March",3,"Wednesday","Wed","Q1","2020 Q1",10,"04Mar2020",1
2020-03-05 00:00:00.000,"20200305",2020,"03","2020 03","2020 Mar","Mar","March",4,"Thursday","Thu","Q1","2020 Q1",10,"05Mar2020",1
2020-03-06 00:00:00.000,"20200306",2020,"03","2020 03","2020 Mar","Mar","March",5,"Friday","Fri","Q1","2020 Q1",10,"06Mar2020",1
2020-03-07 00:00:00.000,"20200307",2020,"03","2020 03","2020 Mar","Mar","March",6,"Saturday","Sat","Q1","2020 Q1",10,"07Mar2020",0
2020-03-08 00:00:00.000,"20200308",2020,"03","2020 03","2020 Mar","Mar","March",7,"Sunday","Sun","Q1","2020 Q1",11,"08Mar2020",0
2020-03-09 00:00:00.000,"20200309",2020,"03","2020 03","2020 Mar","Mar","March",1,"Monday","Mon","Q1","2020 Q1",11,"09Mar2020",1
2020-03-10 00:00:00.000,"20200310",2020,"03","2020 03","2020 Mar","Mar","March",2,"Tuesday","Tue","Q1","2020 Q1",11,"10Mar2020",1
2020-03-11 00:00:00.000,"20200311",2020,"03","2020 03","2020 Mar","Mar","March",3,"Wednesday","Wed","Q1","2020 Q1",11,"11Mar2020",1
2020-03-12 00:00:00.000,"20200312",2020,"03","2020 03","2020 Mar","Mar","March",4,"Thursday","Thu","Q1","2020 Q1",11,"12Mar2020",1
2020-03-13 00:00:00.000,"20200313",2020,"03","2020 03","2020 Mar","Mar","March",5,"Friday","Fri","Q1","2020 Q1",11,"13Mar2020",1
2020-03-14 00:00:00.000,"20200314",2020,"03","2020 03","2020 Mar","Mar","March",6,"Saturday","Sat","Q1","2020 Q1",11,"14Mar2020",0
2020-03-15 00:00:00.000,"20200315",2020,"03","2020 03","2020 Mar","Mar","March",7,"Sunday","Sun","Q1","2020 Q1",12,"15Mar2020",0
2020-03-16 00:00:00.000,"20200316",2020,"03","2020 03","2020 Mar","Mar","March",1,"Monday","Mon","Q1","2020 Q1",12,"16Mar2020",1
2020-03-17 00:00:00.000,"20200317",2020,"03","2020 03","2020 Mar","Mar","March",2,"Tuesday","Tue","Q1","2020 Q1",12,"17Mar2020",1
2020-03-18 00:00:00.000,"20200318",2020,"03","2020 03","2020 Mar","Mar","March",3,"Wednesday","Wed","Q1","2020 Q1",12,"18Mar2020",1
2020-03-19 00:00:00.000,"20200319",2020,"03","2020 03","2020 Mar","Mar","March",4,"Thursday","Thu","Q1","2020 Q1",12,"19Mar2020",1
2020-03-20 00:00:00.000,"20200320",2020,"03","2020 03","2020 Mar","Mar","March",5,"Friday","Fri","Q1","2020 Q1",12,"20Mar2020",1
2020-03-21 00:00:00.000,"20200321",2020,"03","2020 03","2020 Mar","Mar","March",6,"Saturday","Sat","Q1","2020 Q1",12,"21Mar2020",0
2020-03-22 00:00:00.000,"20200322",2020,"03","2020 03","2020 Mar","Mar","March",7,"Sunday","Sun","Q1","2020 Q1",13,"22Mar2020",0
2020-03-23 00:00:00.000,"20200323",2020,"03","2020 03","2020 Mar","Mar","March",1,"Monday","Mon","Q1","2020 Q1",13,"23Mar2020",1
2020-03-24 00:00:00.000,"20200324",2020,"03","2020 03","2020 Mar","Mar","March",2,"Tuesday","Tue","Q1","2020 Q1",13,"24Mar2020",1
2020-03-25 00:00:00.000,"20200325",2020,"03","2020 03","2020 Mar","Mar","March",3,"Wednesday","Wed","Q1","2020 Q1",13,"25Mar2020",1
2020-03-26 00:00:00.000,"20200326",2020,"03","2020 03","2020 Mar","Mar","March",4,"Thursday","Thu","Q1","2020 Q1",13,"26Mar2020",1
2020-03-27 00:00:00.000,"20200327",2020,"03","2020 03","2020 Mar","Mar","March",5,"Friday","Fri","Q1","2020 Q1",13,"27Mar2020",1
2020-03-28 00:00:00.000,"20200328",2020,"03","2020 03","2020 Mar","Mar","March",6,"Saturday","Sat","Q1","2020 Q1",13,"28Mar2020",0
2020-03-29 00:00:00.000,"20200329",2020,"03","2020 03","2020 Mar","Mar","March",7,"Sunday","Sun","Q1","2020 Q1",14,"29Mar2020",0
2020-03-30 00:00:00.000,"20200330",2020,"03","2020 03","2020 Mar","Mar","March",1,"Monday","Mon","Q1","2020 Q1",14,"30Mar2020",1
2020-03-31 00:00:00.000,"20200331",2020,"03","2020 03","2020 Mar","Mar","March",2,"Tuesday","Tue","Q1","2020 Q1",14,"31Mar2020",1
2020-10-01 00:00:00.000,"20201001",2020,"10","2020 10","2020 Oct","Oct","October",4,"Thursday","Thu","Q4","2020 Q4",40,"01Oct2020",1
2020-10-02 00:00:00.000,"20201002",2020,"10","2020 10","2020 Oct","Oct","October",5,"Friday","Fri","Q4","2020 Q4",40,"02Oct2020",1
2020-10-03 00:00:00.000,"20201003",2020,"10","2020 10","2020 Oct","Oct","October",6,"Saturday","Sat","Q4","2020 Q4",40,"03Oct2020",0
2020-10-04 00:00:00.000,"20201004",2020,"10","2020 10","2020 Oct","Oct","October",7,"Sunday","Sun","Q4","2020 Q4",41,"04Oct2020",0
2020-10-05 00:00:00.000,"20201005",2020,"10","2020 10","2020 Oct","Oct","October",1,"Monday","Mon","Q4","2020 Q4",41,"05Oct2020",1
2020-10-06 00:00:00.000,"20201006",2020,"10","2020 10","2020 Oct","Oct","October",2,"Tuesday","Tue","Q4","2020 Q4",41,"06Oct2020",1
2020-10-07 00:00:00.000,"20201007",2020,"10","2020 10","2020 Oct","Oct","October",3,"Wednesday","Wed","Q4","2020 Q4",41,"07Oct2020",1
2020-10-08 00:00:00.000,"20201008",2020,"10","2020 10","2020 Oct","Oct","October",4,"Thursday","Thu","Q4","2020 Q4",41,"08Oct2020",1
2020-10-09 00:00:00.000,"20201009",2020,"10","2020 10","2020 Oct","Oct","October",5,"Friday","Fri","Q4","2020 Q4",41,"09Oct2020",1
2020-10-10 00:00:00.000,"20201010",2020,"10","2020 10","2020 Oct","Oct","October",6,"Saturday","Sat","Q4","2020 Q4",41,"10Oct2020",0
2020-10-11 00:00:00.000,"20201011",2020,"10","2020 10","2020 Oct","Oct","October",7,"Sunday","Sun","Q4","2020 Q4",42,"11Oct2020",0
2020-10-12 00:00:00.000,"20201012",2020,"10","2020 10","2020 Oct","Oct","October",1,"Monday","Mon","Q4","2020 Q4",42,"12Oct2020",1
2020-10-13 00:00:00.000,"20201013",2020,"10","2020 10","2020 Oct","Oct","October",2,"Tuesday","Tue","Q4","2020 Q4",42,"13Oct2020",1
2020-10-14 00:00:00.000,"20201014",2020,"10","2020 10","2020 Oct","Oct","October",3,"Wednesday","Wed","Q4","2020 Q4",42,"14Oct2020",1
2020-10-15 00:00:00.000,"20201015",2020,"10","2020 10","2020 Oct","Oct","October",4,"Thursday","Thu","Q4","2020 Q4",42,"15Oct2020",1
2020-10-16 00:00:00.000,"20201016",2020,"10","2020 10","2020 Oct","Oct","October",5,"Friday","Fri","Q4","2020 Q4",42,"16Oct2020",1
2020-10-17 00:00:00.000,"20201017",2020,"10","2020 10","2020 Oct","Oct","October",6,"Saturday","Sat","Q4","2020 Q4",42,"17Oct2020",0
2020-10-18 00:00:00.000,"20201018",2020,"10","2020 10","2020 Oct","Oct","October",7,"Sunday","Sun","Q4","2020 Q4",43,"18Oct2020",0
2020-10-19 00:00:00.000,"20201019",2020,"10","2020 10","2020 Oct","Oct","October",1,"Monday","Mon","Q4","2020 Q4",43,"19Oct2020",1
2020-10-20 00:00:00.000,"20201020",2020,"10","2020 10","2020 Oct","Oct","October",2,"Tuesday","Tue","Q4","2020 Q4",43,"20Oct2020",1
2020-10-21 00:00:00.000,"20201021",2020,"10","2020 10","2020 Oct","Oct","October",3,"Wednesday","Wed","Q4","2020 Q4",43,"21Oct2020",1
2020-10-22 00:00:00.000,"20201022",2020,"10","2020 10","2020 Oct","Oct","October",4,"Thursday","Thu","Q4","2020 Q4",43,"22Oct2020",1
2020-10-23 00:00:00.000,"20201023",2020,"10","2020 10","2020 Oct","Oct","October",5,"Friday","Fri","Q4","2020 Q4",43,"23Oct2020",1
2020-10-24 00:00:00.000,"20201024",2020,"10","2020 10","2020 Oct","Oct","October",6,"Saturday","Sat","Q4","2020 Q4",43,"24Oct2020",0
2020-10-25 00:00:00.000,"20201025",2020,"10","2020 10","2020 Oct","Oct","October",7,"Sunday","Sun","Q4","2020 Q4",44,"25Oct2020",0
2020-10-26 00:00:00.000,"20201026",2020,"10","2020 10","2020 Oct","Oct","October",1,"Monday","Mon","Q4","2020 Q4",44,"26Oct2020",1
2020-10-27 00:00:00.000,"20201027",2020,"10","2020 10","2020 Oct","Oct","October",2,"Tuesday","Tue","Q4","2020 Q4",44,"27Oct2020",1
2020-10-28 00:00:00.000,"20201028",2020,"10","2020 10","2020 Oct","Oct","October",3,"Wednesday","Wed","Q4","2020 Q4",44,"28Oct2020",1
2020-10-29 00:00:00.000,"20201029",2020,"10","2020 10","2020 Oct","Oct","October",4,"Thursday","Thu","Q4","2020 Q4",44,"29Oct2020",1
2020-10-30 00:00:00.000,"20201030",2020,"10","2020 10","2020 Oct","Oct","October",5,"Friday","Fri","Q4","2020 Q4",44,"30Oct2020",1
2020-10-31 00:00:00.000,"20201031",2020,"10","2020 10","2020 Oct","Oct","October",6,"Saturday","Sat","Q4","2020 Q4",44,"31Oct2020",0
2020-11-01 00:00:00.000,"20201101",2020,"11","2020 11","2020 Nov","Nov","November",7,"Sunday","Sun","Q4","2020 Q4",45,"01Nov2020",0
2020-11-02 00:00:00.000,"20201102",2020,"11","2020 11","2020 Nov","Nov","November",1,"Monday","Mon","Q4","2020 Q4",45,"02Nov2020",1
2020-11-03 00:00:00.000,"20201103",2020,"11","2020 11","2020 Nov","Nov","November",2,"Tuesday","Tue","Q4","2020 Q4",45,"03Nov2020",1
2020-11-04 00:00:00.000,"20201104",2020,"11","2020 11","2020 Nov","Nov","November",3,"Wednesday","Wed","Q4","2020 Q4",45,"04Nov2020",1
2020-11-05 00:00:00.000,"20201105",2020,"11","2020 11","2020 Nov","Nov","November",4,"Thursday","Thu","Q4","2020 Q4",45,"05Nov2020",1
2020-11-06 00:00:00.000,"20201106",2020,"11","2020 11","2020 Nov","Nov","November",5,"Friday","Fri","Q4","2020 Q4",45,"06Nov2020",1
2020-11-07 00:00:00.000,"20201107",2020,"11","2020 11","2020 Nov","Nov","November",6,"Saturday","Sat","Q4","2020 Q4",45,"07Nov2020",0
2020-11-08 00:00:00.000,"20201108",2020,"11","2020 11","2020 Nov","Nov","November",7,"Sunday","Sun","Q4","2020 Q4",46,"08Nov2020",0
2020-11-09 00:00:00.000,"20201109",2020,"11","2020 11","2020 Nov","Nov","November",1,"Monday","Mon","Q4","2020 Q4",46,"09Nov2020",1
2020-11-10 00:00:00.000,"20201110",2020,"11","2020 11","2020 Nov","Nov","November",2,"Tuesday","Tue","Q4","2020 Q4",46,"10Nov2020",1
2020-11-11 00:00:00.000,"20201111",2020,"11","2020 11","2020 Nov","Nov","November",3,"Wednesday","Wed","Q4","2020 Q4",46,"11Nov2020",1
2020-11-12 00:00:00.000,"20201112",2020,"11","2020 11","2020 Nov","Nov","November",4,"Thursday","Thu","Q4","2020 Q4",46,"12Nov2020",1
2020-11-13 00:00:00.000,"20201113",2020,"11","2020 11","2020 Nov","Nov","November",5,"Friday","Fri","Q4","2020 Q4",46,"13Nov2020",1
2020-11-14 00:00:00.000,"20201114",2020,"11","2020 11","2020 Nov","Nov","November",6,"Saturday","Sat","Q4","2020 Q4",46,"14Nov2020",0
2020-11-15 00:00:00.000,"20201115",2020,"11","2020 11","2020 Nov","Nov","November",7,"Sunday","Sun","Q4","2020 Q4",47,"15Nov2020",0
2020-11-16 00:00:00.000,"20201116",2020,"11","2020 11","2020 Nov","Nov","November",1,"Monday","Mon","Q4","2020 Q4",47,"16Nov2020",1
2020-11-17 00:00:00.000,"20201117",2020,"11","2020 11","2020 Nov","Nov","November",2,"Tuesday","Tue","Q4","2020 Q4",47,"17Nov2020",1
2020-11-18 00:00:00.000,"20201118",2020,"11","2020 11","2020 Nov","Nov","November",3,"Wednesday","Wed","Q4","2020 Q4",47,"18Nov2020",1
2020-11-19 00:00:00.000,"20201119",2020,"11","2020 11","2020 Nov","Nov","November",4,"Thursday","Thu","Q4","2020 Q4",47,"19Nov2020",1
2020-11-20 00:00:00.000,"20201120",2020,"11","2020 11","2020 Nov","Nov","November",5,"Friday","Fri","Q4","2020 Q4",47,"20Nov2020",1
2020-11-21 00:00:00.000,"20201121",2020,"11","2020 11","2020 Nov","Nov","November",6,"Saturday","Sat","Q4","2020 Q4",47,"21Nov2020",0
2020-11-22 00:00:00.000,"20201122",2020,"11","2020 11","2020 Nov","Nov","November",7,"Sunday","Sun","Q4","2020 Q4",48,"22Nov2020",0
2020-11-23 00:00:00.000,"20201123",2020,"11","2020 11","2020 Nov","Nov","November",1,"Monday","Mon","Q4","2020 Q4",48,"23Nov2020",1
2020-11-24 00:00:00.000,"20201124",2020,"11","2020 11","2020 Nov","Nov","November",2,"Tuesday","Tue","Q4","2020 Q4",48,"24Nov2020",1
2020-11-25 00:00:00.000,"20201125",2020,"11","2020 11","2020 Nov","Nov","November",3,"Wednesday","Wed","Q4","2020 Q4",48,"25Nov2020",1
2020-11-26 00:00:00.000,"20201126",2020,"11","2020 11","2020 Nov","Nov","November",4,"Thursday","Thu","Q4","2020 Q4",48,"26Nov2020",1
2020-11-27 00:00:00.000,"20201127",2020,"11","2020 11","2020 Nov","Nov","November",5,"Friday","Fri","Q4","2020 Q4",48,"27Nov2020",1
2020-11-28 00:00:00.000,"20201128",2020,"11","2020 11","2020 Nov","Nov","November",6,"Saturday","Sat","Q4","2020 Q4",48,"28Nov2020",0
2020-11-29 00:00:00.000,"20201129",2020,"11","2020 11","2020 Nov","Nov","November",7,"Sunday","Sun","Q4","2020 Q4",49,"29Nov2020",0
2020-11-30 00:00:00.000,"20201130",2020,"11","2020 11","2020 Nov","Nov","November",1,"Monday","Mon","Q4","2020 Q4",49,"30Nov2020",1
2020-12-01 00:00:00.000,"20201201",2020,"12","2020 12","2020 Dec","Dec","December",2,"Tuesday","Tue","Q4","2020 Q4",49,"01Dec2020",1
2020-12-02 00:00:00.000,"20201202",2020,"12","2020 12","2020 Dec","Dec","December",3,"Wednesday","Wed","Q4","2020 Q4",49,"02Dec2020",1
2020-12-03 00:00:00.000,"20201203",2020,"12","2020 12","2020 Dec","Dec","December",4,"Thursday","Thu","Q4","2020 Q4",49,"03Dec2020",1
2020-12-04 00:00:00.000,"20201204",2020,"12","2020 12","2020 Dec","Dec","December",5,"Friday","Fri","Q4","2020 Q4",49,"04Dec2020",1
2020-12-05 00:00:00.000,"20201205",2020,"12","2020 12","2020 Dec","Dec","December",6,"Saturday","Sat","Q4","2020 Q4",49,"05Dec2020",0
2020-12-06 00:00:00.000,"20201206",2020,"12","2020 12","2020 Dec","Dec","December",7,"Sunday","Sun","Q4","2020 Q4",50,"06Dec2020",0
2020-12-07 00:00:00.000,"20201207",2020,"12","2020 12","2020 Dec","Dec","December",1,"Monday","Mon","Q4","2020 Q4",50,"07Dec2020",1
2020-12-08 00:00:00.000,"20201208",2020,"12","2020 12","2020 Dec","Dec","December",2,"Tuesday","Tue","Q4","2020 Q4",50,"08Dec2020",1
2020-12-09 00:00:00.000,"20201209",2020,"12","2020 12","2020 Dec","Dec","December",3,"Wednesday","Wed","Q4","2020 Q4",50,"09Dec2020",1
2020-12-10 00:00:00.000,"20201210",2020,"12","2020 12","2020 Dec","Dec","December",4,"Thursday","Thu","Q4","2020 Q4",50,"10Dec2020",1
2020-12-11 00:00:00.000,"20201211",2020,"12","2020 12","2020 Dec","Dec","December",5,"Friday","Fri","Q4","2020 Q4",50,"11Dec2020",1
2020-12-12 00:00:00.000,"20201212",2020,"12","2020 12","2020 Dec","Dec","December",6,"Saturday","Sat","Q4","2020 Q4",50,"12Dec2020",0
2020-12-13 00:00:00.000,"20201213",2020,"12","2020 12","2020 Dec","Dec","December",7,"Sunday","Sun","Q4","2020 Q4",51,"13Dec2020",0
2020-12-14 00:00:00.000,"20201214",2020,"12","2020 12","2020 Dec","Dec","December",1,"Monday","Mon","Q4","2020 Q4",51,"14Dec2020",1
2020-12-15 00:00:00.000,"20201215",2020,"12","2020 12","2020 Dec","Dec","December",2,"Tuesday","Tue","Q4","2020 Q4",51,"15Dec2020",1
2020-12-16 00:00:00.000,"20201216",2020,"12","2020 12","2020 Dec","Dec","December",3,"Wednesday","Wed","Q4","2020 Q4",51,"16Dec2020",1
2019-10-01 00:00:00.000,"20191001",2019,"10","2019 10","2019 Oct","Oct","October",2,"Tuesday","Tue","Q4","2019 Q4",40,"01Oct2019",1
2019-10-02 00:00:00.000,"20191002",2019,"10","2019 10","2019 Oct","Oct","October",3,"Wednesday","Wed","Q4","2019 Q4",40,"02Oct2019",1
2019-10-03 00:00:00.000,"20191003",2019,"10","2019 10","2019 Oct","Oct","October",4,"Thursday","Thu","Q4","2019 Q4",40,"03Oct2019",1
2019-10-04 00:00:00.000,"20191004",2019,"10","2019 10","2019 Oct","Oct","October",5,"Friday","Fri","Q4","2019 Q4",40,"04Oct2019",1
2019-10-05 00:00:00.000,"20191005",2019,"10","2019 10","2019 Oct","Oct","October",6,"Saturday","Sat","Q4","2019 Q4",40,"05Oct2019",0
2019-10-06 00:00:00.000,"20191006",2019,"10","2019 10","2019 Oct","Oct","October",7,"Sunday","Sun","Q4","2019 Q4",41,"06Oct2019",0
2019-10-07 00:00:00.000,"20191007",2019,"10","2019 10","2019 Oct","Oct","October",1,"Monday","Mon","Q4","2019 Q4",41,"07Oct2019",1
2019-10-08 00:00:00.000,"20191008",2019,"10","2019 10","2019 Oct","Oct","October",2,"Tuesday","Tue","Q4","2019 Q4",41,"08Oct2019",1
2019-10-09 00:00:00.000,"20191009",2019,"10","2019 10","2019 Oct","Oct","October",3,"Wednesday","Wed","Q4","2019 Q4",41,"09Oct2019",1
2019-10-10 00:00:00.000,"20191010",2019,"10","2019 10","2019 Oct","Oct","October",4,"Thursday","Thu","Q4","2019 Q4",41,"10Oct2019",1
2019-10-11 00:00:00.000,"20191011",2019,"10","2019 10","2019 Oct","Oct","October",5,"Friday","Fri","Q4","2019 Q4",41,"11Oct2019",1
2019-10-12 00:00:00.000,"20191012",2019,"10","2019 10","2019 Oct","Oct","October",6,"Saturday","Sat","Q4","2019 Q4",41,"12Oct2019",0
2019-10-13 00:00:00.000,"20191013",2019,"10","2019 10","2019 Oct","Oct","October",7,"Sunday","Sun","Q4","2019 Q4",42,"13Oct2019",0
2019-10-14 00:00:00.000,"20191014",2019,"10","2019 10","2019 Oct","Oct","October",1,"Monday","Mon","Q4","2019 Q4",42,"14Oct2019",1
2019-10-15 00:00:00.000,"20191015",2019,"10","2019 10","2019 Oct","Oct","October",2,"Tuesday","Tue","Q4","2019 Q4",42,"15Oct2019",1
2019-10-16 00:00:00.000,"20191016",2019,"10","2019 10","2019 Oct","Oct","October",3,"Wednesday","Wed","Q4","2019 Q4",42,"16Oct2019",1
2019-10-17 00:00:00.000,"20191017",2019,"10","2019 10","2019 Oct","Oct","October",4,"Thursday","Thu","Q4","2019 Q4",42,"17Oct2019",1
2019-10-18 00:00:00.000,"20191018",2019,"10","2019 10","2019 Oct","Oct","October",5,"Friday","Fri","Q4","2019 Q4",42,"18Oct2019",1
2019-10-19 00:00:00.000,"20191019",2019,"10","2019 10","2019 Oct","Oct","October",6,"Saturday","Sat","Q4","2019 Q4",42,"19Oct2019",0
2019-10-20 00:00:00.000,"20191020",2019,"10","2019 10","2019 Oct","Oct","October",7,"Sunday","Sun","Q4","2019 Q4",43,"20Oct2019",0
2019-10-21 00:00:00.000,"20191021",2019,"10","2019 10","2019 Oct","Oct","October",1,"Monday","Mon","Q4","2019 Q4",43,"21Oct2019",1
2019-10-22 00:00:00.000,"20191022",2019,"10","2019 10","2019 Oct","Oct","October",2,"Tuesday","Tue","Q4","2019 Q4",43,"22Oct2019",1
2019-10-23 00:00:00.000,"20191023",2019,"10","2019 10","2019 Oct","Oct","October",3,"Wednesday","Wed","Q4","2019 Q4",43,"23Oct2019",1
2019-10-24 00:00:00.000,"20191024",2019,"10","2019 10","2019 Oct","Oct","October",4,"Thursday","Thu","Q4","2019 Q4",43,"24Oct2019",1
2019-10-25 00:00:00.000,"20191025",2019,"10","2019 10","2019 Oct","Oct","October",5,"Friday","Fri","Q4","2019 Q4",43,"25Oct2019",1
2019-10-26 00:00:00.000,"20191026",2019,"10","2019 10","2019 Oct","Oct","October",6,"Saturday","Sat","Q4","2019 Q4",43,"26Oct2019",0
2019-10-27 00:00:00.000,"20191027",2019,"10","2019 10","2019 Oct","Oct","October",7,"Sunday","Sun","Q4","2019 Q4",44,"27Oct2019",0
2019-10-28 00:00:00.000,"20191028",2019,"10","2019 10","2019 Oct","Oct","October",1,"Monday","Mon","Q4","2019 Q4",44,"28Oct2019",1
2019-10-29 00:00:00.000,"20191029",2019,"10","2019 10","2019 Oct","Oct","October",2,"Tuesday","Tue","Q4","2019 Q4",44,"29Oct2019",1
2019-10-30 00:00:00.000,"20191030",2019,"10","2019 10","2019 Oct","Oct","October",3,"Wednesday","Wed","Q4","2019 Q4",44,"30Oct2019",1
2019-10-31 00:00:00.000,"20191031",2019,"10","2019 10","2019 Oct","Oct","October",4,"Thursday","Thu","Q4","2019 Q4",44,"31Oct2019",1
2019-11-01 00:00:00.000,"20191101",2019,"11","2019 11","2019 Nov","Nov","November",5,"Friday","Fri","Q4","2019 Q4",44,"01Nov2019",1
2019-11-02 00:00:00.000,"20191102",2019,"11","2019 11","2019 Nov","Nov","November",6,"Saturday","Sat","Q4","2019 Q4",44,"02Nov2019",0
2019-11-03 00:00:00.000,"20191103",2019,"11","2019 11","2019 Nov","Nov","November",7,"Sunday","Sun","Q4","2019 Q4",45,"03Nov2019",0
2019-11-04 00:00:00.000,"20191104",2019,"11","2019 11","2019 Nov","Nov","November",1,"Monday","Mon","Q4","2019 Q4",45,"04Nov2019",1
2019-11-05 00:00:00.000,"20191105",2019,"11","2019 11","2019 Nov","Nov","November",2,"Tuesday","Tue","Q4","2019 Q4",45,"05Nov2019",1
2019-11-06 00:00:00.000,"20191106",2019,"11","2019 11","2019 Nov","Nov","November",3,"Wednesday","Wed","Q4","2019 Q4",45,"06Nov2019",1
2019-11-07 00:00:00.000,"20191107",2019,"11","2019 11","2019 Nov","Nov","November",4,"Thursday","Thu","Q4","2019 Q4",45,"07Nov2019",1
2019-11-08 00:00:00.000,"20191108",2019,"11","2019 11","2019 Nov","Nov","November",5,"Friday","Fri","Q4","2019 Q4",45,"08Nov2019",1
2019-11-09 00:00:00.000,"20191109",2019,"11","2019 11","2019 Nov","Nov","November",6,"Saturday","Sat","Q4","2019 Q4",45,"09Nov2019",0
2019-11-10 00:00:00.000,"20191110",2019,"11","2019 11","2019 Nov","Nov","November",7,"Sunday","Sun","Q4","2019 Q4",46,"10Nov2019",0
2019-11-11 00:00:00.000,"20191111",2019,"11","2019 11","2019 Nov","Nov","November",1,"Monday","Mon","Q4","2019 Q4",46,"11Nov2019",1
2019-11-12 00:00:00.000,"20191112",2019,"11","2019 11","2019 Nov","Nov","November",2,"Tuesday","Tue","Q4","2019 Q4",46,"12Nov2019",1
2019-11-13 00:00:00.000,"20191113",2019,"11","2019 11","2019 Nov","Nov","November",3,"Wednesday","Wed","Q4","2019 Q4",46,"13Nov2019",1
2019-11-14 00:00:00.000,"20191114",2019,"11","2019 11","2019 Nov","Nov","November",4,"Thursday","Thu","Q4","2019 Q4",46,"14Nov2019",1
2019-11-15 00:00:00.000,"20191115",2019,"11","2019 11","2019 Nov","Nov","November",5,"Friday","Fri","Q4","2019 Q4",46,"15Nov2019",1
2019-11-16 00:00:00.000,"20191116",2019,"11","2019 11","2019 Nov","Nov","November",6,"Saturday","Sat","Q4","2019 Q4",46,"16Nov2019",0
2019-11-17 00:00:00.000,"20191117",2019,"11","2019 11","2019 Nov","Nov","November",7,"Sunday","Sun","Q4","2019 Q4",47,"17Nov2019",0
2019-11-18 00:00:00.000,"20191118",2019,"11","2019 11","2019 Nov","Nov","November",1,"Monday","Mon","Q4","2019 Q4",47,"18Nov2019",1
2019-11-19 00:00:00.000,"20191119",2019,"11","2019 11","2019 Nov","Nov","November",2,"Tuesday","Tue","Q4","2019 Q4",47,"19Nov2019",1
2019-11-20 00:00:00.000,"20191120",2019,"11","2019 11","2019 Nov","Nov","November",3,"Wednesday","Wed","Q4","2019 Q4",47,"20Nov2019",1
2019-11-21 00:00:00.000,"20191121",2019,"11","2019 11","2019 Nov","Nov","November",4,"Thursday","Thu","Q4","2019 Q4",47,"21Nov2019",1
2019-11-22 00:00:00.000,"20191122",2019,"11","2019 11","2019 Nov","Nov","November",5,"Friday","Fri","Q4","2019 Q4",47,"22Nov2019",1
2019-11-23 00:00:00.000,"20191123",2019,"11","2019 11","2019 Nov","Nov","November",6,"Saturday","Sat","Q4","2019 Q4",47,"23Nov2019",0
2019-11-24 00:00:00.000,"20191124",2019,"11","2019 11","2019 Nov","Nov","November",7,"Sunday","Sun","Q4","2019 Q4",48,"24Nov2019",0
2019-11-25 00:00:00.000,"20191125",2019,"11","2019 11","2019 Nov","Nov","November",1,"Monday","Mon","Q4","2019 Q4",48,"25Nov2019",1
2019-11-26 00:00:00.000,"20191126",2019,"11","2019 11","2019 Nov","Nov","November",2,"Tuesday","Tue","Q4","2019 Q4",48,"26Nov2019",1
2019-11-27 00:00:00.000,"20191127",2019,"11","2019 11","2019 Nov","Nov","November",3,"Wednesday","Wed","Q4","2019 Q4",48,"27Nov2019",1
2019-11-28 00:00:00.000,"20191128",2019,"11","2019 11","2019 Nov","Nov","November",4,"Thursday","Thu","Q4","2019 Q4",48,"28Nov2019",1
2019-11-29 00:00:00.000,"20191129",2019,"11","2019 11","2019 Nov","Nov","November",5,"Friday","Fri","Q4","2019 Q4",48,"29Nov2019",1
2019-11-30 00:00:00.000,"20191130",2019,"11","2019 11","2019 Nov","Nov","November",6,"Saturday","Sat","Q4","2019 Q4",48,"30Nov2019",0
2019-12-01 00:00:00.000,"20191201",2019,"12","2019 12","2019 Dec","Dec","December",7,"Sunday","Sun","Q4","2019 Q4",49,"01Dec2019",0
2019-12-02 00:00:00.000,"20191202",2019,"12","2019 12","2019 Dec","Dec","December",1,"Monday","Mon","Q4","2019 Q4",49,"02Dec2019",1
2019-12-03 00:00:00.000,"20191203",2019,"12","2019 12","2019 Dec","Dec","December",2,"Tuesday","Tue","Q4","2019 Q4",49,"03Dec2019",1
2019-12-04 00:00:00.000,"20191204",2019,"12","2019 12","2019 Dec","Dec","December",3,"Wednesday","Wed","Q4","2019 Q4",49,"04Dec2019",1
2019-12-05 00:00:00.000,"20191205",2019,"12","2019 12","2019 Dec","Dec","December",4,"Thursday","Thu","Q4","2019 Q4",49,"05Dec2019",1
2019-12-06 00:00:00.000,"20191206",2019,"12","2019 12","2019 Dec","Dec","December",5,"Friday","Fri","Q4","2019 Q4",49,"06Dec2019",1
2019-12-07 00:00:00.000,"20191207",2019,"12","2019 12","2019 Dec","Dec","December",6,"Saturday","Sat","Q4","2019 Q4",49,"07Dec2019",0
2019-12-08 00:00:00.000,"20191208",2019,"12","2019 12","2019 Dec","Dec","December",7,"Sunday","Sun","Q4","2019 Q4",50,"08Dec2019",0
2019-12-09 00:00:00.000,"20191209",2019,"12","2019 12","2019 Dec","Dec","December",1,"Monday","Mon","Q4","2019 Q4",50,"09Dec2019",1
2019-12-10 00:00:00.000,"20191210",2019,"12","2019 12","2019 Dec","Dec","December",2,"Tuesday","Tue","Q4","2019 Q4",50,"10Dec2019",1
2019-12-11 00:00:00.000,"20191211",2019,"12","2019 12","2019 Dec","Dec","December",3,"Wednesday","Wed","Q4","2019 Q4",50,"11Dec2019",1
2019-12-12 00:00:00.000,"20191212",2019,"12","2019 12","2019 Dec","Dec","December",4,"Thursday","Thu","Q4","2019 Q4",50,"12Dec2019",1
2019-12-13 00:00:00.000,"20191213",2019,"12","2019 12","2019 Dec","Dec","December",5,"Friday","Fri","Q4","2019 Q4",50,"13Dec2019",1
2019-12-14 00:00:00.000,"20191214",2019,"12","2019 12","2019 Dec","Dec","December",6,"Saturday","Sat","Q4","2019 Q4",50,"14Dec2019",0
2019-12-15 00:00:00.000,"20191215",2019,"12","2019 12","2019 Dec","Dec","December",7,"Sunday","Sun","Q4","2019 Q4",51,"15Dec2019",0
2019-12-16 00:00:00.000,"20191216",2019,"12","2019 12","2019 Dec","Dec","December",1,"Monday","Mon","Q4","2019 Q4",51,"16Dec2019",1
2019-12-17 00:00:00.000,"20191217",2019,"12","2019 12","2019 Dec","Dec","December",2,"Tuesday","Tue","Q4","2019 Q4",51,"17Dec2019",1
2019-12-18 00:00:00.000,"20191218",2019,"12","2019 12","2019 Dec","Dec","December",3,"Wednesday","Wed","Q4","2019 Q4",51,"18Dec2019",1
2019-12-19 00:00:00.000,"20191219",2019,"12","2019 12","2019 Dec","Dec","December",4,"Thursday","Thu","Q4","2019 Q4",51,"19Dec2019",1
2019-12-20 00:00:00.000,"20191220",2019,"12","2019 12","2019 Dec","Dec","December",5,"Friday","Fri","Q4","2019 Q4",51,"20Dec2019",1
2019-12-21 00:00:00.000,"20191221",2019,"12","2019 12","2019 Dec","Dec","December",6,"Saturday","Sat","Q4","2019 Q4",51,"21Dec2019",0
2019-12-22 00:00:00.000,"20191222",2019,"12","2019 12","2019 Dec","Dec","December",7,"Sunday","Sun","Q4","2019 Q4",52,"22Dec2019",0
2019-12-23 00:00:00.000,"20191223",2019,"12","2019 12","2019 Dec","Dec","December",1,"Monday","Mon","Q4","2019 Q4",52,"23Dec2019",1
2019-12-24 00:00:00.000,"20191224",2019,"12","2019 12","2019 Dec","Dec","December",2,"Tuesday","Tue","Q4","2019 Q4",52,"24Dec2019",1
2019-12-25 00:00:00.000,"20191225",2019,"12","2019 12","2019 Dec","Dec","December",3,"Wednesday","Wed","Q4","2019 Q4",52,"25Dec2019",1
2019-12-26 00:00:00.000,"20191226",2019,"12","2019 12","2019 Dec","Dec","December",4,"Thursday","Thu","Q4","2019 Q4",52,"26Dec2019",1
2019-12-27 00:00:00.000,"20191227",2019,"12","2019 12","2019 Dec","Dec","December",5,"Friday","Fri","Q4","2019 Q4",52,"27Dec2019",1
2019-12-28 00:00:00.000,"20191228",2019,"12","2019 12","2019 Dec","Dec","December",6,"Saturday","Sat","Q4","2019 Q4",52,"28Dec2019",0
2019-12-29 00:00:00.000,"20191229",2019,"12","2019 12","2019 Dec","Dec","December",7,"Sunday","Sun","Q4","2019 Q4",53,"29Dec2019",0
2019-12-30 00:00:00.000,"20191230",2019,"12","2019 12","2019 Dec","Dec","December",1,"Monday","Mon","Q4","2019 Q4",53,"30Dec2019",1
2019-12-31 00:00:00.000,"20191231",2019,"12","2019 12","2019 Dec","Dec","December",2,"Tuesday","Tue","Q4","2019 Q4",53,"31Dec2019",1
