id,lng,lat
"001e30af-518b-429b-a61b-a02f9957a878",-122.41787478067438,37.734036577974962
"0032474b-1727-41fa-931d-57cbc2f67cae",-122.49389619677056,37.780390559205884
"0044b881-381c-4060-b07a-55cd3b3065a0",-122.46039596757778,37.765154624593144
"00527b1c-3afa-4750-a878-3b23989ab20d",-122.42022601797204,37.749071277721285
"0059432f-68de-45be-9928-d1c8ae967de2",-122.4363531695416,37.76346394956434
"006133b9-9da1-4814-947c-c3eb3d2b6ac3",-122.43954021832604,37.77869577051549
"006252d4-60ba-40df-bfd5-a56d4e86db2f",-122.44386177824569,37.751846590283016
"00717d57-8d45-44c4-b678-ac160a54bf4e",-122.39300437658049,37.787681345769279
"0079b2ea-778d-492d-92dc-3507b221c12e",-122.50128398384877,37.779815187859732
"00879d7d-b2c3-4351-919c-4a43a8ea599f",-122.43344135645324,37.734934243437117
"0089a204-6a67-4dee-ab21-82aa7d3ced74",-122.40154797004648,37.729750542754282
"009118d6-eded-4020-a351-b9192b956c41",-122.45716247957347,37.774919927881783
"0092b50c-5fda-4112-8bdd-aa4ab56aea02",-122.39662391936261,37.758515125169005
"00934fab-7c9e-44da-ba62-380fb551573d",-122.42879826359867,37.798991786467042
"0096da8f-90bd-49af-a0bc-6e0713b91c7d",-122.45078405851878,37.762055874657655
"009dd0ed-6903-43ea-baca-147a19920c32",-122.41298991599845,37.7363379764533
"00b2c8f8-bc7f-4204-8e18-4b80416b98bf",-122.4628504181711,37.774385290851463
"00b8b515-516c-450a-b325-c391c3e82264",-122.40715336481205,37.747168837492353
"00c868af-0daf-4734-be9c-c1a53552f5c6",-122.46904326118462,37.718510043638261
"00cb75ef-cd76-4019-b3bf-6ac4b762a635",-122.44790030423434,37.774199073279817
"00df3eb3-83ea-4e96-95f6-c1d87a17228d",-122.39946568464251,37.757701504698083
"00e22267-5311-4334-89fc-9f2121c62216",-122.42980623007037,37.800774946855327
"00e4e210-1bbb-406b-8d4d-4b568a7efb9b",-122.42840111718726,37.793348927617444
"00e6d81d-6289-4809-81b4-a5ed8fd6b74a",-122.42054055922939,37.80596360027495
"00e806c6-3b1a-4ae5-b68f-c44f0557f80f",-122.40383786468551,37.762779855564489
"00ebf0c1-f48f-4b0c-a524-102725a65429",-122.39046256562897,37.721304343824279
"00f05e08-abb8-4b03-83ba-43f4c3c4cb1e",-122.40763505419305,37.751772311531354
"00f4ff2f-9cc4-4295-a6d1-8485a2b5d1c8",-122.46726519105756,37.720371309463644
"00f8ec2f-d8c9-4aae-ac82-abfe4c0a06de",-122.43025406660627,37.77700769931802
"00fc8921-2650-4592-aca3-5f38a315a649",-122.41802469743526,37.763882937679405
"010d12c7-e369-4350-af5c-28140f2ea48f",-122.42833162793217,37.744804503347368
"010ef089-6445-4053-8d64-ceba82954b8b",-122.44344340297373,37.793307064244196
"01108ee6-d2a8-4781-a6f0-f1ae0c01086d",-122.46051111897498,37.747363461914063
"0113aacc-67b2-4a2a-bec1-c6061f860475",-122.41145573849741,37.790297468627365
"0126d7c7-8a6b-4d10-b2af-ee5a90ea56f2",-122.42041554506082,37.795080766143244
"012c0426-1e86-4088-9018-70385061710a",-122.41236237546511,37.789127845331286
"012c3580-9b13-452d-be3e-52a77fd01dc0",-122.46583305149542,37.749547825558487
"0133a68f-f7ef-4d06-a8be-c848a058050a",-122.44620726903624,37.776701885660266
"01367665-927d-4ee0-8f49-834a85e490d4",-122.42338812492744,37.739279597589785
"01389e9d-f828-46ab-a344-5c95f67e988d",-122.44851200364864,37.760967059550175
"0138b4af-2549-4705-85c7-78b7cafe1672",-122.44378042969821,37.794496205530479
"013ad76e-038c-442d-8234-3f1bb756be7d",-122.50873743478738,37.756270653172528
"013b5cb0-a323-440a-847d-59e5aa8d64a5",-122.41340194664603,37.792956968985862
"016b38fb-4a35-4bdb-a852-a9182b0f7840",-122.4131778272463,37.805243438431276
"0170f9cc-0fac-430c-8e84-5b9573faf72c",-122.41824301534953,37.76341805182971
"01716a84-dce5-4643-b94c-e270e470f11a",-122.43467082359928,37.774173731017235
"0187bd3b-1813-424e-afec-261f7423544d",-122.50479317711192,37.736608272341222
"01956d51-2806-45b2-9f63-45deadee76ae",-122.40057100912297,37.759149506494389
"0195ed47-5b88-4b49-bd96-d9d0d6f7e01e",-122.43680926611454,37.773766348087364
"019ae028-cb29-432a-91ee-a04c18901528",-122.44754357499544,37.769068136109375
"01a82a76-7f2b-4eeb-a9c7-00cf2723b3b5",-122.41370426253378,37.790012459490946
"01a8f029-578b-4147-a936-54cf4e9ba6f3",-122.41904810943458,37.749073982066655
"01b7ba85-cc86-44a0-b674-15450dce8f51",-122.41609709129506,37.793541402305955
"01b86a93-fd83-4196-86b1-0548d4fcda56",-122.40692556709013,37.753801790324168
"01bdf47c-4246-4228-9528-e1d1ef1e0165",-122.44551619035187,37.765330404759077
"01cb23e3-f43c-4aa7-b381-68cf7d260f98",-122.43184505774204,37.756006338116244
"01d12aba-1cdd-409e-9766-67d2236e8bd9",-122.43230666949455,37.777128549371284
"01d97b76-2f4a-484c-bf95-99949f7d7a28",-122.43100991231604,37.744010111098582
"01e45f85-2815-4e8a-8ec1-069a294fca4e",-122.41323235853854,37.750856226195076
"01ebd1d4-d523-48b0-895d-95249a1d4eb9",-122.50867142288398,37.775306104046976
"01f0c95a-8ff7-473c-a4c9-eaa0bbe7e3a3",-122.4237586103847,37.744767514610409
"01f85c07-fc50-474b-9350-7984750f94b4",-122.46055121565411,37.783235780122489
"01f9fb67-1ec7-49c4-bff6-626f0b6bad61",-122.43635134515935,37.7181804266588
"01fced29-e698-4ef0-966c-f73c1611852f",-122.39311000931659,37.733810152750415
"01feebd7-1253-4b63-8b63-7ad83fb31536",-122.44259676037692,37.764896748027226
"020be12c-22ae-46fe-b93e-593fa5197aa9",-122.47551414523627,37.765396886692237
"0217a09c-ada5-4214-9be0-86d88a1f4f73",-122.47702059549687,37.784844077114947
"02276d27-595d-49bc-87b1-6941784ae3c2",-122.41391727792171,37.752286275092253
"0228f1b6-19b1-4fa9-93ab-2474fc730847",-122.41756062161586,37.7674493567658
"02298606-86e9-41ce-83de-1e439a80bb65",-122.50665385067498,37.77836660694792
"022e5e56-a102-4b7e-ade8-5412f7b8f87f",-122.44335024324005,37.789100329375557
"02333ffb-449c-4f73-b5c9-d2665c2ae2cc",-122.41709854044315,37.78536832153241
"0238789e-9c5a-4191-aebe-ea24962ad604",-122.46148520665805,37.765347048099827
"0251301d-f135-412f-8d0b-a4b0dae272e7",-122.43799980992178,37.802956447051891
"02580866-2af9-47c0-96f6-0db5ea42727e",-122.45348891429184,37.7452765299779
"025aad2b-5c16-4664-ba47-25dc37636c24",-122.4372199116472,37.763276201192589
"0264f04b-392e-48d6-ba02-75c324907d73",-122.4859310515268,37.776414675616927
"026abc16-14bc-4e3d-90d0-5cbed11cac4f",-122.42687250273012,37.739303044898882
"026b1e4a-7048-4973-9981-41ed911bc74c",-122.48546070929942,37.782584313773611
"02712011-aece-40a1-86a5-2b8737ae72cc",-122.45834404698799,37.72724873785824
"027644f3-c40f-4e07-b2f9-1e766de0e0a9",-122.41090690976104,37.729162518916304
"02768655-ef8d-4922-8124-c3a9d30e4c54",-122.49402183638706,37.745601071299482
"02790015-b0b6-4666-9578-fe0ca5d56bbb",-122.4729428187571,37.730059083710728
"027f0452-2a41-4886-ad7d-0334955e7c75",-122.43188406770713,37.719240839047181
"02989152-9fe1-4c45-81f1-d1c73f6d47fc",-122.43726211846773,37.76948825131506
"02a38367-68fe-4541-aef9-56c4e9240276",-122.42734984843911,37.801088950717684
"02a49db4-0c3a-4ad6-a68d-cc3d43a83b08",-122.40619979905958,37.729704250261605
"02aa7a69-e1db-43e7-898f-83a9ed090367",-122.40385039765104,37.73241586773446
"02b07460-4054-4474-944a-183ae59ad024",-122.43272406805794,37.744223684292557
"02b7014d-d6da-4276-9c15-7cc39fc6783d",-122.4378903396383,37.768935818447723
"02babc6c-75c8-4048-bbd7-f66e4524e8bb",-122.42616958176967,37.739208442102864
"02c20ef4-816e-4419-bc81-def1b4493a16",-122.38977551094649,37.735614902784569
"02c2f4e2-13f8-4fff-85fc-dd78af3129cf",-122.41763193954372,37.760749072249723
"02c9f0c1-eb3e-44c0-9f5f-9ce31c7afe22",-122.44608973800112,37.744501988940584
"02cb85c0-2e8c-4f9d-a605-882352fe9a94",-122.4741050340626,37.742734307469483
"02d62015-fbc6-4f26-a901-7734635d6f8a",-122.40272813527949,37.761354057749585
"02dce36a-743f-4a54-846d-3a08ea0b4472",-122.41352801302756,37.735755031281371
"02dd6f2e-f6ad-4b46-81f9-1c9846d8718e",-122.42078489723708,37.79365410471376
"02ee5c43-289f-4e0c-9f2e-839a8bd74a1a",-122.42347060813421,37.768150993119463
"02ffa0f0-5ae4-4438-a459-6edc5c61cdc0",-122.42890841401746,37.721457986882513
"031641c1-35d7-45a1-b078-29ae81019cb0",-122.42865694052556,37.748495234136065
"031bdeb8-610b-462a-a4d7-89bb1db24d21",-122.48979808370798,37.783209415991266
"031f6c70-403b-472e-8c38-923c038a6e1a",-122.44927632377279,37.741088204209909
"032cb630-9eb1-4521-8266-78c7b40e0f64",-122.46214336351825,37.721611533716732
"032ea820-fbfb-42ef-95ec-08c1f177c6e4",-122.41039477492228,37.737455712892285
"03505d97-295b-4491-9ec9-b8347688a5f9",-122.40816991750444,37.775972083322728
"03539190-2cda-4d64-9b41-c55c10015835",-122.40562443515239,37.748117751091925
"03595523-6e08-4605-a7f7-d29b3345945e",-122.45102371115301,37.772939810025989
"035d5359-aac3-4f4c-8ce4-511f6ee8983e",-122.41603686912836,37.796414553347184
"03631aa2-fe2d-48a8-aa9b-2d9b2197fc30",-122.41062531792787,37.773616184253747
"03684ff8-0ec2-44fb-8e46-99cf22f3bb17",-122.46408990448202,37.711111062151993
"036dc173-1834-4bf2-9be9-ddf2e0c01901",-122.4676966068628,37.760830639809591
"03703c30-a079-4ac6-95d8-a24e1a0aa9fc",-122.41237370492733,37.754122571321915
"037d216a-8ea2-4623-b7ea-04bd3aa6d016",-122.44387886355061,37.791734914431018
"038a34cd-7966-4466-b4f9-83a714f3efb5",-122.43932838137768,37.71390142635758
"038a989c-c935-47cd-acd1-c98d0aac0ebd",-122.40008471405666,37.7377681325527
"038b286b-3c28-4464-bdb8-659d336fc540",-122.4049630546732,37.781000750298482
"038e2dd4-11aa-4c78-9085-fd87b1c0fe2b",-122.39685039874178,37.783128468574525
"03ac63ed-18b2-49c4-8d0a-6558c0401cc0",-122.42355255561969,37.752524647533512
"03b3095e-1d0a-423a-bbc6-0abbb1dfeb97",-122.45505069964487,37.762427570301234
"03c20e96-2326-471e-8e63-2840aa471385",-122.44454349863288,37.796032549468663
"03ca0d0f-cfab-4608-bfa2-c9a6e0cad4d3",-122.38968044134153,37.763909879902592
"03cc09e2-e833-4538-a2e2-c788fb5d4b70",-122.41562906250664,37.788423291021047
"03d05f58-9ea5-474a-a404-051fcd59c250",-122.44041373722386,37.794299596093971
"03e4cd4c-ad2c-4b4d-974b-f4076b89a8dd",-122.41986756979362,37.759594161773222
"03f60bed-5f28-498d-8b54-5ce0495bd418",-122.40805065588314,37.800210946053056
"03f891c5-c8f1-4c2a-a221-0a47b3dc5bc5",-122.4114616337357,37.77248445803852
"042448a0-9386-476b-b6d6-6cf01ca72059",-122.41533902517415,37.764127716915851
"042b518d-f057-42e7-b427-9c000931d97f",-122.4299932401758,37.776768121414563
"0435fcea-3a2f-44f0-b645-54e09bd6e147",-122.41804838457584,37.742382127706563
"043d18dc-9b0e-47d7-9ecc-e3a54482cf93",-122.41470178623975,37.802140063654733
"043fe2a8-2dc7-40bf-ab46-f2647745d71f",-122.45112086696165,37.75982662762371
"044496a1-f968-46f7-ba0e-6b402508c65d",-122.47091137592284,37.746476416338822
"04499b17-505f-4378-8a4b-da3d4ba49dd8",-122.42600971404255,37.786529762940255
"044c6d57-736a-475d-a636-9baf392964d6",-122.41794651449386,37.750927393866753
"0456ce92-aa0a-4841-8a20-62bdd49ffcff",-122.49560028492233,37.731204401163069
"045f2ffd-ca31-49ea-86ad-d6a4615a0c3e",-122.41599313264344,37.766540268747718
"04621762-dcf6-4880-b649-63b036ffd431",-122.40845198377409,37.775035996241066
"048103c4-e9cd-4724-a6b5-4e0b6f2fbb48",-122.40138100661775,37.723104777316919
"04849ce6-4aa1-46da-bcb8-0a0a78e566d2",-122.42770364252965,37.735968684887808
"0484fad0-ea91-448a-a284-5bc070bb5d59",-122.50431617651802,37.756546714840404
"04896e26-bb59-4997-88ef-740883389aaa",-122.44076182747335,37.715794567331329
"048d0f46-be76-436b-98a2-56cdbccc9d81",-122.47008467374292,37.77380713048
"048dbab9-3d4f-45d1-8043-76eb55c64dba",-122.44727508080095,37.790298499606322
"0493ecdd-1c1e-4657-8b05-e293b2883d23",-122.4210869008773,37.795541463018715
"04a41de8-8215-44ea-9812-dc3650434b6d",-122.48385352892065,37.781062876867026
"04a56e7e-4e46-42a6-ac1d-fe2a878343ed",-122.44326944871575,37.752751894306513
"04a5ac50-c897-4649-8afa-7a8f45e4954c",-122.43538776096582,37.766344796878947
"04b31d0f-2a51-4ad0-b063-61c8db7c5246",-122.4366587863318,37.723680233039794
"04b43fe2-e91d-4a8f-8165-a16a5db3daf9",-122.39523250800775,37.720839670175607
"04b7c1d9-ec9f-4e03-82cf-906738f37b75",-122.38703884304644,37.718079323198054
"04ba0d39-4428-4bec-badc-67e915a49879",-122.47928636496881,37.780772737202618
"04bcc665-be50-4225-a36b-d0ae75d40e38",-122.44215522956054,37.750351806103993
"04bdd75a-dc13-4ab4-bc55-58cd900300c7",-122.48337594296368,37.743615701447219
"04c86334-522c-49a3-8a11-815df9ecfaad",-122.40137329174387,37.781054857240861
"04cc1087-bde6-46fc-964e-1766051dfc97",-122.45865922483507,37.72430190270466
"04d44d5d-1988-4640-aca3-d24d340f240c",-122.46834354888306,37.786622071918345
"04d54274-8f17-4ad5-92db-1755107c9269",-122.42323640942892,37.761070029048383
"04d86cf7-37bf-4140-bb1e-762c1649d2e3",-122.48613225081654,37.782878366240148
"0509588a-c950-4adb-a86e-a14adad467ed",-122.43895348541029,37.77627917608023
"050ad86a-3082-4578-9d29-a6415ba99914",-122.42620421386084,37.74864232402566
"0511f93b-6aeb-4980-a7ea-26ed3fc17fa3",-122.42457706028769,37.760274383481544
"0519b934-f891-43fa-a804-51e4b4dacd68",-122.48082618107487,37.731457431795178
"053ce0ec-ef0a-44a5-a870-2dab8383c2d0",-122.50220945573187,37.761042689067779
"05426123-9db1-410a-b90c-b2de29824414",-122.41254221932361,37.744277158252494
"05498fa9-4ae2-4bc7-8a11-966c67e1e8c8",-122.49154658270128,37.742599488358337
"055a442b-9364-4414-ad0d-0b59bbc4fe62",-122.50597487262631,37.76281154074811
"0568c74c-a988-479f-ae0f-31beac198514",-122.40341603020424,37.798950426312452
"057bf339-21c0-4097-81c5-a6e1f6932189",-122.42338335968402,37.762272502109624
"05875f64-aa75-4883-8de6-917b39b5d6b9",-122.44767818793608,37.767780980167316
"058acc31-66a3-43bc-8550-2cce074399d6",-122.40531628954355,37.7989180041669
"058c2e6c-15e0-4e6f-a509-d718ff0c4330",-122.40896464919294,37.7916051395679
"058faf72-1bb1-42c5-a421-0c19f390bf6a",-122.4489482158742,37.709361912158329
"059aba52-3194-4648-bef8-141cea14b902",-122.40609986832371,37.79843558958612
"059d062d-45fe-4a77-bb59-195e0c938075",-122.43901803558082,37.758401728999786
"059db4dd-f806-4616-80cd-29a5eb6c0fa6",-122.44494686966127,37.776248116709496
"05a4baa3-bb84-4cc9-acfc-7f0ec7ab2f2b",-122.39875693359312,37.781933726192982
"05ac8f74-9890-4dac-9bfe-403178a50fdd",-122.43516897250046,37.773324281304461
"05b5da53-b94c-4f68-966b-e9d37384fc39",-122.43778809733836,37.769679139073112
"05be167a-cbde-4d99-99c0-a33a1412db17",-122.39628486938373,37.786342911812731
"05be344b-a77c-4bfa-b53b-fc91625b590a",-122.40076790684257,37.799495478569838
"05bf1a96-a88c-4069-8502-6f7c8db48e71",-122.44356235627355,37.711587973839769
"05c5bd94-0ca6-4911-9ef0-b91e6e73ec8e",-122.42020363246748,37.7929422442015
"05c8bb9a-c0ee-4860-979d-2c070e7f2f42",-122.41489336546663,37.7457811999826
"05e0e617-dffe-4c9b-8341-d7e128d3103d",-122.42286054566355,37.744518537920293
"05e1cc86-822a-44d5-982e-a3a63cadd213",-122.43956334529136,37.761905726949941
"05e72f8b-e2a4-42a9-8e0f-cb9b7d99a6d6",-122.49825889041587,37.735375640032494
"05f19c2d-3cd3-4b21-8ad4-5e6ada94a93c",-122.39472957711195,37.7862683409085
"05f2323d-9d33-4a5c-9541-0e1386557496",-122.44761111690984,37.761822543841134
"05fd86cd-9224-4cf2-9d18-da061fe50314",-122.45999847136366,37.711517421765443
"060f5c2d-574e-4d5f-b77d-f60f7b2ec40b",-122.41989040476054,37.782152511259419
"06154af9-3968-40ba-8d24-ec582f3b6399",-122.41056940714945,37.75328979716943
"06227beb-7c85-4c75-b5aa-a20b9c35feb5",-122.41468558020775,37.79831778907139
"062d24bb-b2c8-4ceb-ba04-200cafaaac2b",-122.47598873470142,37.785432790253417
"0630e075-62a3-4dd0-96ef-8dd9aa3c4cc5",-122.43632462517076,37.766083788596177
"06348016-40a4-4af8-86e6-d4569868df3e",-122.43722421682834,37.769732660985504
"063a4785-aa62-434d-8f73-bea0f1ab73e4",-122.43315628779331,37.758826475915669
"063c83fd-863d-4dea-855b-5cc5b1cfeef2",-122.40975135569107,37.784512522048871
"063f36cf-f7f6-4eab-b570-40bb51161a4e",-122.43514190929145,37.757573779687583
"064d4209-9d30-42de-8fe9-3b628ae11632",-122.46551445097542,37.747596364497731
"0653aaf6-32b7-4800-84f1-8e560bd78fb1",-122.4126800131685,37.773569862594364
"06556ded-badb-4bcf-8baf-08500003622c",-122.45128727115411,37.7872647445941
"065998a2-2bb7-464d-b9d0-3a08de9ad379",-122.46291404999296,37.78436110166929
"0664c667-3978-4364-a697-db61bdb3ec13",-122.40672446344681,37.74368926300253
"066c1aea-146e-4c4d-bced-6040458b997f",-122.47150807756971,37.7396069832193
"06800896-80f4-475b-8a14-4935e4bdf2e9",-122.4440115625754,37.799925279636177
"068f897f-2c91-4539-8ec0-5f647508d663",-122.41057698058162,37.753369214173681
"069cef9f-14f5-4bf1-9c45-1a16ea2d32bf",-122.42895063615995,37.780807146610073
"06a98ee7-0938-4d7f-922b-72558809d907",-122.41844925925443,37.790429748147652
"06b0c357-9b02-4e94-be2e-8b4e0aa78740",-122.43217518170027,37.789604703798375
"06b291f7-1a97-4e0d-af0e-bfb7997f4031",-122.42045010136751,37.787618631924545
"06b45c40-d150-4408-b506-1ec07eba546e",-122.48382864386362,37.780720154364282
"06bad37a-429b-48f8-bfac-57d3850b29d3",-122.42355684925572,37.768145781766123
"06c2ab9b-fe3d-48c3-8d99-07fb9539fde6",-122.40591578519069,37.779490680094248
"06c6c977-0f22-4447-9038-f99775a5eead",-122.39066371500891,37.753855082182845
"06d192b8-dc2f-4306-88e4-ac1d5aba3e80",-122.43261733919037,37.710711591083538
"06d2eecc-5e04-4f26-8979-b4415f55faa7",-122.48626232937673,37.78455378258613
"06dd171f-8fa1-4923-9a81-b95ba6b1a547",-122.45544346978674,37.736592944640485
"06dd49e7-c582-45aa-836d-5151338f0c66",-122.41822797101811,37.78741714461983
"06e46e4c-5ee7-43a8-8d27-d2fe71656daa",-122.48558458630656,37.747912164597153
"06ed2970-0680-4de2-8e58-dc1e16631e77",-122.44438605441968,37.783011678926862
"06f52473-e3b1-40d6-aa38-0dfb970bb615",-122.43186176041861,37.744273961826522
"06f5fb37-22f1-4b29-9d9e-c188b3793e34",-122.44102768180564,37.784051842164253
"06fcc827-a332-4482-b7a8-8e59027f5933",-122.45398351092447,37.783179938272951
"07119f97-9810-4007-a287-46509036e735",-122.42088542339506,37.768637207041088
"071b8123-abbc-40f6-9ae7-78ac48d963cc",-122.44302151877791,37.778670475318258
"07214238-f4a3-44c6-8d6c-ff8ca4b29e33",-122.43053921415762,37.759304743933384
"0724e8f1-ee6f-437f-a129-5701d3fb1ced",-122.41658613243646,37.799611078812049
"0728fc77-7cad-4113-8f1d-1bed4701ce96",-122.43958403884734,37.718941222849971
"0744eebd-fc74-46a9-bd54-c472f418ba26",-122.41386225347898,37.784824264504373
"0748be7e-80f9-4ef1-b54e-354f2fcac341",-122.41646240564371,37.750454997215918
"074dbe62-a33f-43e4-8467-c9be81bd8ea2",-122.46217849075259,37.726916271080889
"075c40b0-2f10-45b2-8402-b09fdd80ab65",-122.44154384170174,37.77844111036049
"075df4f1-0f58-4791-8776-4a41d7db8cca",-122.46919945840887,37.74106991014915
"075e2682-a0c0-4997-8cdc-2461db592129",-122.38715193799305,37.71780597121235
"075e3e51-72bc-42e8-b593-bc3f4604a64b",-122.4133765956487,37.773794561700029
"076375b5-b5f9-4839-8318-1f0cbf4a83b6",-122.43384324154017,37.767030460174333
"0769e930-007a-4d08-ae2b-b8fbbafa0f44",-122.4912283563734,37.757787607273762
"076d0309-680e-4eb7-a37b-d0bc82f5e130",-122.40410399713561,37.734286575308936
"078297fb-dd1e-47bd-91fa-34c2a37d3730",-122.43529297599588,37.759430580908742
"078fbd99-80f7-4120-a07b-5f697611592d",-122.43217729679174,37.7421582452081
"0791dd2b-5d23-4516-bf09-f0870f844db2",-122.411660397552,37.751630466723853
"0796ce95-5500-4f43-b720-a41e2b47aa7e",-122.4016911701919,37.730776243900948
"07aad57d-92db-42b7-9dda-7d08092816a7",-122.41249267803637,37.774932417947021
"07c15c79-47af-46da-8cbe-c5f47026486e",-122.46317991019998,37.788098100262
"07cb2b1e-691e-485c-ba35-549b427cdca9",-122.45729684995928,37.787874536032994
"07cfe50e-0c8c-4d8e-8525-57971b47fb56",-122.48559223226751,37.781603026516876
"07d20732-fe6a-4e08-ba91-fc6ec57b9f82",-122.41228357487573,37.744292741007655
"07d7172e-db25-4f48-aa0c-e15700b96527",-122.45873643835937,37.746122666439909
"07da71a8-a48f-48ed-9775-1e3148a59d9e",-122.40335843753394,37.757793733708318
"07e2544c-56c6-434a-b9bb-d75e4f09dde6",-122.44668586973047,37.791924963723581
"07ea1571-9f32-4461-9bd7-3b6ebb81fc43",-122.44603903632805,37.758605921457793
"07eac538-5877-410a-9e4d-8571af680c90",-122.4936155503804,37.755180125626104
"07ed92fe-d373-4dcc-ad42-2fe48a192c5b",-122.42057847113121,37.769417344907787
"07fbf7c7-b828-4d80-a855-2c0d74d24bac",-122.49127727901904,37.738736371711219
"07fd8412-fd8b-4443-bacc-ce33cedcc8fc",-122.4087774060967,37.783939303014996
"07ff0e35-8abd-40ff-8ace-f2eb21ee9232",-122.42274265143951,37.742435144610688
"07ff1257-dd65-482f-8cf6-82860dbf1a4a",-122.41058081630246,37.803227430024116
"08018d05-a0b4-49d5-9389-189cb7a90120",-122.45771529368406,37.722198516251687
"0810345d-1900-4141-8268-c85b556b0066",-122.41285106946712,37.799316711156081
"081cdc83-f850-4986-b6c5-0011c7ad0c68",-122.43349319740015,37.793057872656291
"081e8519-3260-4bc3-911b-e52ecd598c1f",-122.46575375286005,37.714668000573781
"08203b27-d5c0-47d9-bc44-8b5058aefe78",-122.43537172595632,37.763171262384496
"0823ae2a-527f-4bfa-ab6a-2eed3788b7fb",-122.43762558910505,37.794421049346653
"082e4866-0b73-40a2-98b3-66c931ae4caf",-122.48550782226309,37.762188559336138
"082e6075-4755-4ac7-80b4-3205d27fa07a",-122.41132304767986,37.780557917804479
"0832a559-4eb6-428e-a50b-57019fd5106f",-122.49513830473988,37.738628250551841
"0837d342-727e-4f0a-92d9-22a59e4fe3b7",-122.50474648046622,37.777628123180676
"08403cf6-2d21-4931-a1bf-17d753ec0f05",-122.4148404205183,37.783743947327281
"084a5932-b9ac-4b55-ba23-9866df0aad02",-122.44210111161692,37.760033334331709
"084bbc45-bc14-492c-9acc-b52fc7883350",-122.40075692296234,37.712386647474304
"085fd799-01bd-4527-8859-6c36844c6964",-122.4443114836255,37.761516381174935
"086cd07e-a025-4d55-87af-03fb20c440d4",-122.43633689563136,37.737582484572677
"087ffd0b-cf15-4898-b8ac-6441dfe41a52",-122.43970679047173,37.803629710920816
"088764ba-f175-4bbc-97cf-5eadc1659a9c",-122.41228979519094,37.78445541325015
"088a8e6a-a59c-4b1a-b7ee-f1583a2e47bd",-122.41361038885725,37.771076627814416
"089a1bec-b1ef-4a1b-aeb9-00df8c8b469a",-122.41713558205747,37.751155310102753
"08a2843a-0908-4fa4-8756-24d1ca12fed3",-122.41837868577969,37.757526786017849
"08b274f2-a690-4dd9-ad3c-55db9af8aa53",-122.43178769638423,37.721711027375278
"08b38723-b88b-4cc5-8993-d08ef0e7deb2",-122.50334825390684,37.777691710647595
"08d42482-531b-4397-ad2e-23981bf3ddec",-122.41796942392514,37.74250429478964
"08d56abc-2d48-4ef3-bf99-b490f2f61545",-122.44050327103669,37.752602834142365
"08d69b37-2494-40f9-a784-b555b58b13b6",-122.41396464248723,37.794729408141464
"08f2599d-7a9e-4bc3-8224-44d82858a872",-122.40751535683306,37.717039001869324
"08fbea8b-dec7-4744-8a10-4becd25eb965",-122.40112806817511,37.781248616254196
"09008e0c-5568-4443-affb-129b94206f81",-122.48061555877766,37.742448396694549
"09023282-dbde-4739-9ec0-b6ad5733304a",-122.40685194913667,37.779332731033684
"0904dec5-b4e8-4672-b600-c2e76ce4e0b3",-122.46621081730497,37.754306525022081
"090be20a-f0c5-4c32-99ba-b3f787c8281e",-122.44282957420388,37.761349736685659
"091f5bd5-ade0-48e1-8b3a-d9d13df5dab1",-122.50173680207783,37.748378881371323
"0924d340-4ac1-4e6e-9d7a-4a866db68685",-122.46599534241385,37.757787442045384
"0928aadd-bdc2-48b9-811b-43fa461e983f",-122.41744412001191,37.754365724045684
"09346edd-ec23-410e-bd37-9e4d4074a786",-122.45859135197135,37.714760086174778
"09381949-b6a2-4ad5-b2d9-d3ae40a6f89e",-122.39164626025125,37.712096933524805
"093957c4-50f6-4f1c-acc2-07ab652286f0",-122.41414275268316,37.713283243205872
"093c63f0-325b-4bd2-96e0-c3b123314e19",-122.46564440816286,37.756202053377223
"09405a0a-52fd-453b-8851-e8cadb5eff6d",-122.45206407938849,37.709134098753694
"0950ffc2-8584-48bf-ae84-9f6687326e55",-122.40588646757448,37.75272475919369
"0955d1d2-4eae-4a36-9875-1c7889fcf80c",-122.39486020130175,37.757637192485852
"095dc6f0-d8c1-4d58-a40a-f9fcdbdaab53",-122.50540006619084,37.747035390151467
"096056fa-441c-4b1b-934c-20edee7e3bbb",-122.44240429220535,37.76052465496047
"09682729-0212-4a7d-bf09-e83a81997e34",-122.42551789859978,37.800748900537137
"0978a9b9-a0f1-47df-b0ae-22ffe0ae9e7c",-122.43738947165926,37.757170503761834
"0988f074-b27f-4fdb-8a0d-2ed470c12e44",-122.43947732717591,37.794765585593048
"098b6be7-8d23-4d91-aa56-ba136b18ba47",-122.43459532946503,37.744115153894377
"098e5e2f-8ea7-4004-8505-5b962f101754",-122.46758711852138,37.722149819490163
"099e9b69-0160-40ec-948e-ea93929888c9",-122.42986274110487,37.7761004987593
"09a31814-a48f-497f-8eb6-43b8dd130c4d",-122.40483899386344,37.779896748585386
"09b3af8d-35fa-4908-91ad-f4b6bbb4a769",-122.41743445741071,37.75805139826214
"09b9a5ea-1241-40bd-9641-4e6f116a7cbd",-122.45765849420719,37.7189857409224
"09bae563-fc05-41ef-8315-61a98d3a16ab",-122.42436309004394,37.741422631035768
"09bc9a98-45b5-4cf0-91ed-1f5d2ce10cb1",-122.40942531617631,37.730862596198591
"09be34d9-d175-43c3-8197-6228b478af11",-122.43927514770259,37.778729457758537
"09be8065-fb26-4f04-bde8-a1acb3eb79c1",-122.41201018436587,37.755326916022078
"09c05385-1cd0-4f8d-a2af-cc9ed97a590a",-122.45960556594534,37.781402649372069
"09c41eb5-1eac-41bb-901c-a336aef80d2d",-122.44520592433271,37.78706360416534
"09d3912a-d9ba-4a50-96df-25f981144f87",-122.416144945425,37.791268062602541
"09e294f6-0d9e-46de-8329-36f5c0ba6a40",-122.40550321330416,37.711791476550871
"09e4dec8-dcad-4ea4-8ce6-1e5610a045c6",-122.42236502488446,37.80117773980087
"09e5b128-2cda-4bc6-816a-af159c9d520a",-122.44263261198591,37.783847213107549
"09e8e8be-79f1-4591-94de-2e5ea5761e46",-122.4343471756726,37.761016545381686
"09f4fb91-c3f8-4483-b87e-fe237b59f5fe",-122.43724969995468,37.743934168788236
"09fc3e96-4236-4a62-b4fc-d7a8b907823f",-122.49907123750762,37.752928723629807
"09fd166b-9618-4e86-96ec-3cd7b106b762",-122.42375060044876,37.75056353927
"0a04bbc5-2dbf-4436-9bf6-95b6f52d59b4",-122.45670065875477,37.723574921387772
"0a081f84-4c38-401a-a376-56394b379420",-122.4259996567172,37.7692881995105
"0a08db20-b9dd-4470-9b87-f96bd65d6f26",-122.42513058036373,37.773834279521679
"0a0aad9d-c4d7-4a9c-82f2-8acfd49fb016",-122.41293931401111,37.774265801865958
"0a21b679-8722-4d5a-9409-cdb10693be39",-122.44954780124087,37.787026007147453
"0a30516b-d28e-407e-b9da-82b4b6db2063",-122.41359159809687,37.752892577280846
"0a34896f-e881-4f18-8c3b-58fa056b12a6",-122.459441520872,37.765623283099295
"0a4e0158-427f-48c4-a37d-b87692549766",-122.49275189298181,37.77768284467912
"0a4ec38d-9390-4ad0-b3f3-9216b6539404",-122.4377609096986,37.756528543349312
"0a5090bd-9a5d-4adf-9b65-03d6fdac5bb6",-122.41474825613398,37.753590299800464
"0a56dc0e-35fe-4b10-aae4-f6a166731772",-122.42952860221345,37.728620119388253
"0a5c0595-c873-4fd0-a58f-643034be0e8c",-122.42068678033854,37.761156730011841
"0a612773-20e5-4592-aa2c-67edf1a9d872",-122.44218574505288,37.802487077164614
"0a6b4799-69ab-4ffe-bfcf-07bf6af48aed",-122.50484325646103,37.780147350384951
"0a715785-72be-4e1d-81b5-d7da7a4bf0b2",-122.391743629274,37.717980695010155
"0a780314-7d3b-47bc-b55c-429263d0c597",-122.44571325283871,37.787513930038124
"0a994f7a-21e0-4c50-b0e7-b3453e632a2d",-122.45508359883237,37.781010489043105
"0aa85630-16bf-43d3-9bcd-4b7fc3dae42d",-122.44503385230199,37.764434585196646
"0aa89bed-9ae1-4a75-af72-8c2c5b656e35",-122.41715851796893,37.801827183278085
"0aa9429a-763d-40fe-a6be-1a22e7ead836",-122.43479965902718,37.725434348251184
"0ab96954-f53a-49f8-a2d6-7fd7a41365c8",-122.41834875775417,37.790366152486861
"0abba255-5539-43cf-9243-170add3c23b7",-122.4756615425401,37.745852610019895
"0ac3bdaa-f942-4c47-b9a7-75deea89ded6",-122.47485559322884,37.765150928477453
"0ac3f946-6f35-43ca-871b-d653bdd536d8",-122.41528546076322,37.755557263111079
"0acf2353-018f-4b9b-89d8-74f6fbe5c347",-122.42902136138078,37.746462916074009
"0ad399e5-4ed5-46ad-a22d-3a10f56b95d9",-122.47968892669248,37.777244738514611
"0adccbb9-4a24-4e4f-9a05-05e100fda6ea",-122.43762255617847,37.794039036013586
"0adf351f-0e7c-4eaa-be45-7ff4ddf3f99a",-122.43069630869456,37.750782656788466
"0ae280ee-543d-4205-8be2-a1cd4c2ca962",-122.40320443599575,37.779180013816514
"0ae5c6aa-76db-4495-b460-c7c5bfcc1253",-122.41070020607459,37.80264446519196
"0ae8157f-34fd-4c2e-8a6f-87c8dc507d11",-122.4558741353609,37.774985768616936
"0af8cfa1-9223-47ac-802f-f2d076ae898e",-122.4183917486808,37.767278972471971
"0afc584d-9395-401d-8835-a5f7b9bc2baf",-122.39137907932464,37.791533417108234
"0b01e46c-e5f2-4148-a628-a3a2ddcf5cc6",-122.41031489819127,37.745237235720907
"0b0c47b6-f01c-4065-94f1-96241755fc60",-122.40783885251332,37.784812311593782
"0b19152e-610b-46ac-9678-29c64764d44d",-122.44226274911132,37.77490446745783
"0b238fda-e6c8-419c-b8b8-7c1d9cc6e870",-122.40397677490033,37.802292478636168
"0b2e7790-285f-481c-af3c-1cdb46b2cb12",-122.3958385532811,37.727549024827539
"0b3328cc-c161-4583-98e7-6b63a7f8c1d6",-122.44369692025099,37.801404383716317
"0b41ed5f-e169-4385-8bf3-cd28f5f7fac3",-122.43736794526484,37.795033759633085
"0b652c6f-24cd-4008-a3e7-8e350f53a50e",-122.4619117519066,37.776256049164509
"0b6e9d7f-ee9f-413d-8c00-5cd34cd17c78",-122.40968375764356,37.746103659767172
"0b7197d6-dd97-462c-9ed7-74095b3772b6",-122.42485025893892,37.79987617374185
"0b75d915-f44e-41f2-9cb5-4f5e9e23178a",-122.4015504191955,37.73069649563692
"0b83c631-f087-49ff-8ee5-4fd0fcbd012d",-122.40913797557428,37.778333185059743
"0b8a0eb5-2758-49de-8caf-5a311a75a65c",-122.44520490250648,37.784232027907407
"0b905bbf-91dc-44b4-ae3b-7ac250debf81",-122.4116320158509,37.78453883884999
"0b95c321-9bbf-46a1-8838-4bf31831f5c6",-122.41968993869867,37.746137707836489
"0bb00a22-521c-4a98-83ee-379881f00963",-122.43302209411576,37.777113849429213
"0bb36995-2093-4745-afe8-fe82e30208a6",-122.40698770264345,37.765352872854976
"0bb62b18-5174-49fd-b547-d1f12b9e0ebb",-122.50609391167539,37.741045879443327
"0bba4b6d-66ac-4bd1-99bd-e92fd5cb3627",-122.39118020383471,37.78868046739418
"0bbc2da2-7496-49f6-9353-6427302860e2",-122.43733541270943,37.775146954314494
"0bbc4f61-683a-4be3-bd3e-19c2a3d69a70",-122.40254903499974,37.712721385351337
"0bbe2717-864f-4652-8270-fb418a4e5470",-122.43503697101552,37.7661586887202
"0bc16a8f-d93e-423a-817b-45ce8c707a6a",-122.51099341312425,37.774426944631855
"0bce8da7-21c5-4022-bedc-280bb2a8c42f",-122.43668592492793,37.778560472331804
"0bd94ee5-8bae-4c84-8849-c3e91ede6a1c",-122.43072143959431,37.755603091260085
"0bdfcbef-de41-48f1-a9a3-9baf5509cd41",-122.40262194719443,37.748671941028064
"0be56b39-e16a-4b03-b4c5-1259d295c27a",-122.4178096112299,37.792458731391818
"0be5d026-129c-4c84-9b81-b76c967e28bf",-122.42625159579369,37.728988325121968
"0becb203-ff72-47bf-9c45-7449c2b5d668",-122.44145842747851,37.778451967219027
"0bf133c5-eda3-41fb-b5b0-37fc3d56e1d5",-122.42605380546208,37.768450115101885
"0bf30d04-ec8f-45f1-bbdd-c547c5b59a0e",-122.39205873658052,37.786598942501747
"0bf59d0c-ec4c-416d-a91a-5ae6cd3af88f",-122.43870199147594,37.759681950519884
"0bf998ca-fe74-4431-9dca-3c71b688f5d2",-122.4301345162434,37.772241957814373
"0c0716db-a352-4016-8552-266edb8446a0",-122.49968825611781,37.777157916997496
"0c07c243-4e6a-42cd-a205-3ffe10a0448e",-122.43730412363089,37.789944514372976
"0c1f4050-b8df-439f-ad2f-fef41123f7b5",-122.45941972613736,37.724143895023829
"0c204848-c1e5-43e0-b092-8ad67d7fc324",-122.43311916684303,37.748538073604273
"0c2604e6-37c1-4fd5-9cea-c740ebe07e5c",-122.39744916419154,37.737213372927741
"0c38f534-c3e7-4d51-b907-1fd62c70f6e5",-122.43554097754696,37.724987351653517
"0c3b1cad-1ce6-4fba-9234-12abb049cdf5",-122.42497873328213,37.744237616654338
"0c51506b-12a7-41c5-bcdc-225ed3002c8b",-122.48601035197065,37.775479324193519
"0c566841-ca42-4496-85d4-3e0b98d5bd1e",-122.41023940652758,37.80270058741015
"0c5cbe46-cd81-4bdb-b39a-a0710af9af4e",-122.46071984758061,37.7435555929408
"0c69d670-e582-483b-ac61-7f28fb364090",-122.45563488751928,37.722616625730723
"0c70e880-6d0d-4169-9e61-d41e5565aa13",-122.40692556709013,37.753801790324168
"0c736a94-3b7f-4832-b3ac-8df0e72e5d24",-122.48092627441955,37.782308580347859
"0c73b961-a254-4904-bd2d-9c99ab9b5cde",-122.431285365624,37.788345872486325
"0c743a5d-b1bd-4032-9a26-e5706bac91a0",-122.43372380122206,37.77063712480161
"0c78644c-9474-40d8-a3e1-5252d82a9691",-122.46295628106536,37.773884375907585
"0c79bcfd-d54c-49f8-a434-41f8375c163f",-122.43637243206001,37.753405037790124
"0c7d665e-0c7e-483c-bbd3-53fb7be1d018",-122.42052851579265,37.761441260044911
"0c8e21df-c94f-4e1e-a383-75e043f1b4de",-122.47238924587647,37.749964801686289
"0c8f4f16-cf8a-4263-b78a-f126cebf3491",-122.44215522956054,37.750351806103993
"0ca36d25-7a5f-4639-bcf6-2a411ba07416",-122.41016446614164,37.76077268807574
"0caa286a-a83c-4056-a6b4-ace7611a1601",-122.41603766269735,37.745723385558421
"0cb33c3a-71c2-4fce-842a-b6ed79732d11",-122.41617987672608,37.774896978354626
"0cc23020-3b8c-45a5-8544-b54806722608",-122.41436632362776,37.77103726236669
"0cc5873c-2b7e-43d9-9fa4-9c0abd0f4705",-122.42265318984145,37.794795032918991
"0ccc1106-edef-4d6e-af59-e0fd1f1553d9",-122.40673848198115,37.73348780564843
"0cd739e1-40b2-4e7f-9773-0ba32226dbf2",-122.50647492996693,37.739237134772338
"0ce19258-41c5-49d7-93d4-c7a9125e146c",-122.40222534200589,37.756113122774543
"0d07815f-e56e-49c5-a787-5d0cfe200482",-122.41923194024368,37.754437176614196
"0d0b6842-de14-4847-88c4-81f158c13f3a",-122.44609068070305,37.771167569099077
"0d1305a6-1406-493a-9d44-66a49528ab3d",-122.41341891720327,37.74941355420534
"0d14e633-1aa6-4117-b4a6-f399b400d5dd",-122.43342257794961,37.714320125162544
"0d19f550-a241-47ed-a341-c6d733fd2210",-122.43228852492216,37.757272706721544
"0d286583-a122-4077-97a8-eb54463eff61",-122.42768374413495,37.746476183980469
"0d3486cf-c342-4ffb-a3be-7ab26b1625d4",-122.42191213856877,37.728541132593143
"0d4092d1-59ab-4738-84cf-5fe81a4eaff4",-122.44668788910006,37.776053169236476
"0d47e303-2529-46ae-be5c-1858b5202929",-122.41680948822315,37.729167292006061
"0d544c91-3200-4ed0-8b3f-4d2615d119af",-122.45599839926398,37.77718927337304
"0d605ef8-392d-4857-b2bc-0bc69ff7ea3f",-122.39770561289322,37.730390503373712
"0d6139fe-ffc0-4542-b59f-2cb7c69e2ce2",-122.41233289267089,37.7557028146349
"0d70d241-f494-4a9f-bbf0-480d5f3d6fae",-122.40817485370988,37.778445429613967
"0d76b49d-1784-40c2-afaa-55f856f114bf",-122.44800989540698,37.762332531354076
"0d780533-c1ca-4817-9ea2-34b7cf5f5922",-122.42010130916567,37.735278390145822
"0d7e1cf7-07b1-4858-b6ef-1fe005c152b8",-122.46865649196732,37.75981206774
"0d7f98cb-45eb-43bc-8c2f-60f47bb2af8d",-122.44836096253901,37.768128532338636
"0d81457d-628b-425a-a618-a86e4cfb6d4e",-122.48616006445971,37.762091216609313
"0d8d448c-679e-4326-bec4-d2b2eb3ad8cb",-122.40588646757448,37.75272475919369
"0d8e3219-8a70-4d6a-ba02-d50c34555f9b",-122.50424173777567,37.776998851658661
"0d92bf8c-76e1-4ee2-b07f-2739968f47c3",-122.4211596384386,37.741653415049669
"0d99c32f-464a-4e4e-bd1c-48bb3f6d6734",-122.41552770602969,37.8008630687312
"0da0d845-5bd9-45ea-ac20-7ff25beadc9a",-122.38867344459211,37.756923791354041
"0da92eb0-6715-42ea-931d-bd8bcebff55e",-122.42978448727233,37.756291878024236
"0db3babc-d87c-416b-80ce-fee2c7625ae5",-122.449820601882,37.710781987678686
"0db893c7-ec82-4f12-a902-2991c1ee306e",-122.48760228200739,37.782624510712566
"0dd0acc1-2b0a-474a-bf40-ab73283f47c3",-122.44872661468651,37.760294451570459
"0dd83fef-d8e9-428d-a416-57d238040881",-122.45369091032936,37.735753038123555
"0ddd9d14-671b-4401-9b1a-16b3f86f65f4",-122.44920831299825,37.775357861375795
"0de85fdb-dd4d-45c8-b28f-bece589b0156",-122.46731994173669,37.755411816856068
"0deed530-23de-4868-ab26-1106eee2c346",-122.43983301003169,37.787643612653355
"0df0de9a-180b-4a47-b073-6807057511c6",-122.47268642358215,37.754193331109853
"0df8725d-6df1-4d72-8b19-b239ac339b0b",-122.42706197750162,37.774979070074018
"0dfaee56-85b6-4b62-ba3b-4cd1628bb61e",-122.42323420986105,37.7764196962473
"0e0773f8-342e-4941-b687-baf8d3c93a40",-122.3827607207155,37.72682537122634
"0e0bb8a0-41e1-4e60-959f-cf44263b62c6",-122.44182257205752,37.754920495183882
"0e0d16ac-2e48-41ef-a8ce-cf1f876c50c2",-122.4408084682737,37.728658225974122
"0e1e6305-3375-43de-924c-b81a28412340",-122.4928776794428,37.786568743535291
"0e26a485-c3c0-4727-b5bf-362f582031bc",-122.45460379656608,37.780794893600543
"0e27290a-1174-451a-949d-a89b9bf2018e",-122.46872617088819,37.739711002374932
"0e41afa1-a1ff-4e30-9451-8d514cfc680a",-122.44660748511086,37.763810722999928
"0e468dd8-b3cc-4046-9ce6-144bcb99704c",-122.44280820130581,37.797209499494478
"0e46efd3-a3b3-40a1-8c3e-42f831046e89",-122.41495862917489,37.757000848088616
"0e4cae22-9d53-4c8f-9b3f-c1254cb1108a",-122.40451763777901,37.759826680062844
"0e4cda8c-544f-4fd4-8d65-baefd997b7d9",-122.41237490307623,37.789413970323622
"0e4f5442-421b-483e-800f-4f409c4d7859",-122.44518652803313,37.795311513772582
"0e5229f0-66d8-4ac0-99fc-3bce99cbbc55",-122.41413412843083,37.757041208997109
"0e591e2e-d8b3-4f12-b22b-44f90e7e11e7",-122.46883688086024,37.755792025026381
"0e59a720-e341-472c-b76c-37daf7740b85",-122.42257956183886,37.725708697447629
"0e5e054f-7494-4c6c-a730-f9dc20ab8878",-122.43110338094249,37.76817272433945
"0e63c6c0-1c35-4fd2-b9cb-c4607a37181a",-122.42772034412137,37.750471762537252
"0e6ccf2c-c361-41a6-9388-7ee661afce95",-122.48704879703772,37.787638476549454
"0e6d6468-8e7e-479f-985f-e308f2e47936",-122.46931308829029,37.747251937611992
"0e714d46-f5c0-4a15-a68a-3550378fe396",-122.4467967427447,37.7571969151061
"0e73c423-e1e1-4787-b93d-a21bbbb291ba",-122.41983211432363,37.738508695604907
"0e7d508e-0734-4098-a487-04856e3aeb74",-122.44346676892407,37.805224304623813
"0e91e064-3b52-43f4-bd55-91688bf029c6",-122.48130542701591,37.763627978198677
"0e94e688-e966-486c-bbdd-968d0d2840e6",-122.47619866415209,37.742641779596696
"0e954f72-01de-42a2-abee-de9c4d532b36",-122.41078725102612,37.787511290662273
"0e9745a5-ff24-4ee7-832d-044b10b8ceb3",-122.49958955295173,37.742108190088516
"0e9eafe3-a014-43b5-988b-b3590cdf59ef",-122.4236861786264,37.777844540868408
"0e9efa84-b8b5-4c1d-b4ff-2e24d9d1f8ec",-122.46986653890733,37.711428054955945
"0eb25e77-d898-4c1f-86d5-d9da90bea873",-122.37833978705987,37.732223428783861
"0eb26ab0-b811-4cfe-94cc-6360bbf669a8",-122.4478851628029,37.769024579214665
"0ebc35a6-7f61-491b-bf98-960dc98659b6",-122.4893534204132,37.761046048441131
"0ec2b7a9-18e7-4988-8574-164647981459",-122.40390406854119,37.796095900352753
"0ecbb20e-9855-4e40-beac-89e893f3fc5c",-122.48520403603119,37.773392479320144
"0ece3de6-4caf-43be-b049-4d0a5c42af07",-122.43710028424674,37.732612165376317
"0ecf64f2-b5cb-404f-a57b-287f7007d162",-122.40974043365014,37.796955630226336
"0ee3c6fc-a7af-47b9-9f21-1c6dea86dab8",-122.41493276002092,37.746191964466064
"0eed6715-603f-49f0-9b6b-490c9e94324e",-122.46897784826794,37.727314873557049
"0eeed3c1-e93d-406a-ad93-d2c352632be2",-122.42413754894329,37.754603202977741
"0ef08934-42e7-471a-9225-541b87c57c5c",-122.41813763719004,37.80001565563726
"0ef215ff-788a-43db-b56e-d500fd39c5b2",-122.44077304814701,37.795858910581664
"0f003b9c-40d5-4136-987c-2feda3cbdd5b",-122.37032422913174,37.727505802404721
"0f0e999a-0083-45d2-804e-73b5b64299bc",-122.42902136138078,37.746462916074009
"0f14870f-d831-4fb4-8c0c-f0040bcfac16",-122.39344340662836,37.785824088085356
"0f161481-8814-464b-9c94-b424535c1572",-122.48565417175108,37.779609941213984
"0f1f72fc-fc0f-4fde-86c3-e9349f67f937",-122.40649384503439,37.744271751368245
"0f288cd3-bbde-4481-8d63-1d38c213cbef",-122.46903934989182,37.778759635368289
"0f2cf4a4-9d5e-4883-98e5-770f4730693b",-122.39946838080988,37.722858457143552
"0f2edb6d-eb7a-46ec-94aa-30572488e3f8",-122.50178061517273,37.771882259832857
"0f340022-0314-41e8-b8c3-9d9a4dd2d131",-122.44408972848373,37.799345871290015
"0f3e030d-9eda-4c09-9dac-5e8914deb22a",-122.42073590135739,37.783571167227485
"0f3e0bf6-b143-4351-a0ab-e2a4c2513c6a",-122.40122922049432,37.772322719914804
"0f440c38-ec64-4690-a703-bd386b3d8fe7",-122.4814767329175,37.781308070517959
"0f487bbb-57aa-41b1-a14f-f02e2dc90f20",-122.46556123101365,37.776372855302952
"0f48de66-6584-4481-bda8-4f1a7b0a74da",-122.41773101408238,37.798034747165055
"0f54dd2c-96b5-425d-96d5-7d71cf8d6dc7",-122.43629661312006,37.737855610744724
"0f63f90b-b57d-4600-9a6f-0cf5552dbea3",-122.44080588739448,37.786562899843041
"0f65fb1a-77b7-4ddc-a7db-fa6640da5a07",-122.4115585254807,37.774749275635969
"0f6aa296-1ae6-4d3a-85df-62694443bc1e",-122.48306823249484,37.779309146767787
"0f6e4d9d-ac6e-46e0-9112-a8823ebe182e",-122.45003006643144,37.771083193572245
"0f6f9f71-34c9-488f-a8dd-a7a0c43c017c",-122.43506646375243,37.725081495423787
"0f76a19a-fcf9-4107-8067-45d5b2114aeb",-122.41840993659268,37.783728280674744
"0f772fcc-8d9a-42bf-af6d-5d2c9a17ed37",-122.43334899134648,37.721621126238723
"0f7cbc23-77f7-4300-b0e6-08bb41d016f7",-122.40067696491558,37.756619712156237
"0f868b5d-4f62-452b-b40c-3f39e4264151",-122.43997103908843,37.718549415570514
"0f8da9d7-f2ec-473d-b67c-5c35df92673d",-122.4298185927537,37.747793289057988
"0fa05e6b-1f09-4f69-9102-a291b9ca0e32",-122.41982359533461,37.789287446546531
"0fa12f07-b12c-4582-8595-3e90ee729b24",-122.45370441225495,37.733162906108326
"0fa98e63-dec0-4151-a62b-d4cff4734699",-122.44104567302026,37.766003421071673
"0fac5072-20c4-46f7-8246-3a163ab6319f",-122.46073651228149,37.716170803513926
"0fbbd8fa-bf05-45ce-9534-a12f7da584e2",-122.46288638996369,37.729203678332517
"0fd4908f-5bfb-4efb-b768-706ae70a5214",-122.39524180619765,37.725808473430213
"0fe4b8d6-b646-4197-91ef-62de07bfbe06",-122.44400407514793,37.7607748667772
"0fed85bf-b1de-4d13-b6a8-eb04229ab184",-122.402108957044,37.780473577063887
"0ff90919-c27a-419d-b038-c4699a9beee6",-122.44118695436161,37.735379011974395
"0ffaaf04-8794-4066-8b8a-e01643fc464a",-122.42311509664322,37.775050376872016
"0ffbd42b-c6fc-4d22-b448-843cb129f470",-122.42669038263442,37.798686146874289
"1008c1fa-f5c6-456e-bab3-25e97fdfa588",-122.50307758471637,37.739660705515632
"100d0d26-b4b5-40ac-9f92-6116029162da",-122.4442845226841,37.799217166031951
"100d43a9-9e8b-4f3a-bc1a-f98321d919a3",-122.46259123652419,37.747653965428015
"10160d8a-46e1-4794-84c1-34e8223265d0",-122.41996264814719,37.7633141900952
"1022bdb4-410b-4909-b285-1bfb9c41ac91",-122.42553509275153,37.763502994737372
"102bec90-ee8a-4a54-9496-7c82b7969182",-122.44961541718615,37.789745513528061
"103990ec-f594-4b36-bdfe-8704338c7868",-122.48345825791726,37.784681167221336
"10441764-da41-43c4-b1a4-f6ce9e106b40",-122.39046535846101,37.728695856164975
"1051d035-a5fe-47fc-b11d-a8f6f0d5480e",-122.41690880146544,37.787023865348282
"10650152-6e64-4de1-be74-a61daec70d69",-122.41451128392328,37.787611076358083
"1069f302-bc2e-4e05-b95f-adb5e5b65385",-122.50295199673225,37.750336104701127
"106ca44c-6ccd-4451-9cda-8b1f3f7bbf44",-122.42484980272549,37.760621463278682
"106e4345-e81a-4cff-bc4a-7b7c44905138",-122.43885399538162,37.76122412817746
"106feafe-2ecf-430d-b896-37a063c71433",-122.41363292525662,37.803071620819985
"107fb8af-688c-4f77-94bf-5cf4703e902d",-122.49337757732582,37.778978587539711
"10857dd4-2dca-4acb-b442-778031e43158",-122.48756612655794,37.731796871993424
"1093c059-1c6d-4b7d-bcd1-f40142b1ce9d",-122.44181304025733,37.709166062626231
"10a1448d-f0c9-4df9-868f-ba989061184c",-122.42238868781266,37.768622712085651
"10a41cbe-ac78-4bde-a7e4-3903c3d8df06",-122.42419771067958,37.787333909025747
"10abab35-3a97-4052-bdf7-94631b8b41f0",-122.46692774409568,37.765157146873541
"10c006db-579b-49eb-a4e1-74a801c831ad",-122.39689316697691,37.757705605554342
"10cf8491-877c-4beb-983a-5ed4c4e3a2c5",-122.45844261561905,37.787728563001849
"10d03ef6-bb07-457f-af09-8a8dabf69a7b",-122.4041094370581,37.797881852595168
"10d6b34f-5bd6-44f7-8c93-28fad0fb8d97",-122.41128384873127,37.795512048791529
"10dbfe5d-4071-4a9c-804d-0955c2a9551b",-122.41952205670685,37.790221740102375
"10dc91b5-8923-4f93-ab81-d72419f0c736",-122.42177038826867,37.762211284948478
"10e12cc3-daf0-4d70-a8cd-4f756b6462c9",-122.42202538251216,37.792706420491442
"10e16ae5-aef2-4e3f-82bd-f52969d6a217",-122.41766567871761,37.733681657870136
"10e55a22-2be9-4ac8-8284-c3eb153b7aff",-122.39560636541268,37.717881041716332
"10e79770-438d-4314-b2fd-ed2a48b3c432",-122.43722054212189,37.799307973507247
"10f573ce-30d6-46f0-9d2b-5a1e1872938a",-122.44202486838277,37.7619840489991
"11084789-1e51-47e3-88d5-afe8e688c26d",-122.44620316390707,37.792193626966913
"110a4ed8-6e78-4d95-881a-ba2cd1062897",-122.41767216840552,37.73361318904476
"1111babb-aa12-48ae-b60d-71b265387a7e",-122.46190187690341,37.71122933805929
"112bc968-318d-434a-bd10-bfb81dafb6a1",-122.43047436966899,37.802880185988641
"11372648-44a3-4ac5-9dba-4e7412e21e9f",-122.41371837306485,37.796106692245893
"1138e1e8-22ca-4520-955e-5b15ecf2c8c1",-122.4694462961138,37.776466027697538
"114906e9-78d8-4418-a5e1-1e884cd83ef6",-122.42268362708482,37.756895869842715
"114cc57a-f8a7-454c-b46a-3fa44dcd77f8",-122.42747374589696,37.774676315750767
"1155edf3-2e89-495c-a618-621746988255",-122.50764706128511,37.762599809148924
"1171bf79-fbc3-4f18-af9e-45e4b6d7a548",-122.4518292943871,37.757717185477205
"1176387c-7af8-4183-9825-1863bb4df662",-122.43469508588962,37.734683741302263
"117d08eb-24e0-453b-82d8-f4f0a49f097a",-122.41436441338608,37.786098961295544
"118c0f65-fdf7-4b7c-a84a-cbb971e16357",-122.38878197388756,37.761036260842019
"118e9a69-2956-48bb-83a6-7ddc16376741",-122.46561149473665,37.755727654358154
"118f1f66-2b26-42ab-b485-0166a1732304",-122.42219521436124,37.754512748064208
"11a15263-7a8e-4c99-af81-53cc7c9f4c05",-122.4262941755067,37.757759764607243
"11a54d4c-1344-4ab0-899b-63ed255bded9",-122.43339562479682,37.73537744098391
"11a7c36b-acad-4f9f-8f35-d1b230719f4d",-122.40404318970344,37.729010632677451
"11b1bfc5-566d-468f-bd82-521e00206622",-122.5016487773575,37.777906518320684
"11b93303-573e-4ae1-a126-e65e4f19320a",-122.42830275326251,37.759242109532849
"11e68a33-6c75-4cdb-947b-1437cf660f41",-122.40914031318322,37.741707563801171
"11e711f7-b65d-4044-a765-3bc9dc1f98f3",-122.39238104570073,37.722058397613743
"11ea164a-9112-41e9-97f3-34343b0e9b95",-122.43002075132513,37.769019174780873
"11f4961f-90ab-455a-9522-8323c818f2a5",-122.39898434068316,37.761054118145005
"11fdc6d4-1b89-4ae3-9a0c-519356fc24e8",-122.46734676605951,37.719958717963728
"12076b13-7a37-4b81-a775-2f28dd223847",-122.41200826657487,37.786400462656609
"1214035a-1790-46fb-9203-df46c2f699ee",-122.40715978463733,37.743409564946766
"121bd626-cfdd-40ce-b2b4-e8231d978336",-122.50784723734246,37.758922999708091
"12216b1b-6fbc-4285-b333-8000ad00d5d8",-122.47572686316242,37.760614342080757
"122d7217-94da-4128-a7a3-789455a0ef76",-122.41960716018201,37.787282988160939
"122deab8-6853-41b8-bee0-0c7c6e230abe",-122.42053124721073,37.794705632147974
"1234b9c4-8512-4031-80fa-28b04d3bf088",-122.44200342814007,37.77168811994018
"12387702-27f3-4ac3-8041-e7de20e36c63",-122.44509639071767,37.775880742177456
"12461412-7367-4824-bced-582859266cf1",-122.41508144358615,37.773639444121081
"12461601-c9f8-47f5-806a-1cf2d0ae5578",-122.43659489332569,37.762487122818158
"12522aa8-bd20-4c0b-abd0-479a350eb3e6",-122.45317144795358,37.782245393408452
"1265c9a7-b6e5-42ff-8f47-12b43438d7a6",-122.409556374474,37.758769049917184
"1267f777-3052-43b8-995d-6ab1148ff8ae",-122.42431996607048,37.756797342647275
"126eb053-b896-4abe-8071-d22f33925248",-122.39928422930267,37.755808613431029
"1273f3fc-18ae-4e8d-96b8-597707a493f8",-122.4312580065894,37.785800146307288
"12743b89-6bdf-4336-8759-0596e6c233d8",-122.39704329029908,37.7760767440487
"12833a01-5069-447f-a0b2-95ec80484648",-122.42710647045909,37.766145442381
"1287f056-c023-4288-bc11-f5f531a887c3",-122.43871509106343,37.759818873327696
"128b2f62-e4df-4740-ae12-3db03b92f98e",-122.43387517869715,37.745723697510812
"128e6e25-0e48-400f-a152-d532b1f6857d",-122.44496727503054,37.760983489966684
"128ee114-3afe-46fd-92f3-ed06fb90865a",-122.42776386114905,37.771587167920991
"1290b96a-907d-4751-9d37-26cefc1d1f3f",-122.45387599663174,37.7165628436292
"12925a6c-46f1-4b4f-8a22-0fc64e153c38",-122.4306216633528,37.756492059538175
"12986f6d-9c45-45bf-9634-f5879233c0d9",-122.424463924822,37.773220024463456
"129b2a57-5a3a-4a8b-aeed-2b0e21127c4d",-122.43983753346478,37.79107726114794
"129f6f2d-ad8a-4f38-af07-85c04da71764",-122.48196603894768,37.7731964992228
"12b043d8-162d-48f0-811b-20821656e621",-122.46114961976949,37.783961933190838
"12bdb052-e22d-4cdb-95a0-89c0f13924e5",-122.44683376138414,37.711329314491138
"12bdc4de-412b-44d1-8fda-e2b62d9b0483",-122.4586491213539,37.722126950153395
"12c10801-9c1f-4388-b64f-a7acd6ead7b5",-122.41043353955041,37.746469126766023
"12c1ccf2-420c-4a33-8024-e49dd10830d2",-122.44296227315456,37.777721923016991
"12c26ec9-4700-4274-b828-d2a1cdbd686a",-122.3965511490733,37.787314682636662
"12c29dd3-6cc2-46c0-b86d-52c1841c6d4b",-122.43325154544733,37.770446932194467
"12cfc723-7575-4271-83ee-a2d6dc90944b",-122.4538388311028,37.780911234171732
"12d614d2-677e-4257-abcc-9181479eaf65",-122.41388997237175,37.797084761903058
"12d8b05b-c5b0-4971-9f31-b37f5f0ecc5c",-122.48918774140598,37.774812263131338
"12df8ff4-7c5c-4ed7-b49e-9f0a8f5b4453",-122.45874470342075,37.7128579295555
"12f62bcb-7fcc-4527-b5dd-fabcb4c66d5c",-122.50715036656398,37.756736846305593
"1314e87c-bf58-4aeb-a174-03e91fd2a6e1",-122.43612170384058,37.746114153493636
"13167475-92c4-4e53-b42e-6cbef77cfdad",-122.47799761936237,37.762453208922729
"1319a5f3-a211-4688-b1bc-c335e828d67e",-122.40555401430524,37.772420834142757
"13253f81-85f7-4801-9168-4e6285517a64",-122.41960583292227,37.791063927712486
"13373f7f-2767-4aff-932d-31f31731c09b",-122.42330209312267,37.804140687626138
"134ac3cb-fbf3-4a0e-8b09-2d965303c8c2",-122.44137410024659,37.76575713601563
"13508079-fec9-478e-adb5-f4bcc5b0c51a",-122.41098934137477,37.744370707702963
"1352e13a-802b-4d22-ac3e-45b36a71d1ff",-122.46408990448202,37.711111062151993
"13549e8e-b7e1-451f-908d-ed8964702ea2",-122.43433469449774,37.7726634310096
"1354b59d-4478-4219-8e34-04e4fa282c55",-122.39040460594036,37.731664110054879
"13590dd1-e3dd-4bbe-b60d-0c8ce99375ff",-122.42477344159686,37.7500123607054
"13766dab-54dc-4ee8-93d4-151aec193271",-122.47226456762358,37.747795853924245
"137749b1-214c-4046-9d60-d18fa9c1be97",-122.41770396621932,37.760414209509996
"13837197-91f9-454e-8a17-ce5a6838028d",-122.43293154806246,37.794950552109107
"13841502-f0ef-4a43-be31-6bf4db8ed99e",-122.41549360701151,37.796879687801372
"13a1dd5d-a0be-46f1-9349-0f8fce545ef3",-122.4528131857675,37.719567519978469
"13a866c2-1b6a-4687-aa73-243eba2da645",-122.44901507515476,37.735623441816962
"13ace8cc-783c-44eb-80f7-7bf2d1801668",-122.39032614564094,37.764142213873455
"13cbb857-3628-4465-b1d9-4bb844f866fb",-122.39829891085934,37.737087556866932
"13d37593-dac4-4dcd-9f97-9a2e73533e18",-122.44217156169815,37.772083854209384
"13da9ae5-92d5-42f8-ae6c-8c1c36cde30c",-122.43570169844318,37.775165916591362
"13e8e6a8-4afc-4731-bffb-fc6a6ceab55a",-122.41210938159958,37.774605459728747
"13ecf0df-0716-4e1b-a2d1-fba6605c1659",-122.4440318736838,37.7576669855642
"13f2b31c-1d79-41c3-9d5f-268ef7b0a43c",-122.39821995773596,37.785086633315288
"13f58f99-9904-450a-97b9-e677696faba8",-122.43005380390369,37.7684592758322
"13fa3652-2d5c-498d-ada3-f03dc52611b8",-122.38754800786337,37.728681684693619
"13fd1459-2882-45ca-b572-20eb7dc55e20",-122.42002987620845,37.763038003201281
"14012add-e071-40ca-baaa-9e2e5771247c",-122.41235369262829,37.758876090830732
"1407f2ab-ad7e-4187-ad89-daa62c4d0329",-122.41414989965537,37.727983075417384
"140834c6-b608-41c0-b57b-ec6c86282451",-122.44517090280172,37.721056083155922
"140c2586-815d-40b4-9e39-cba91eeec5b7",-122.50496999614802,37.775816114323177
"14145a89-ba72-4177-89dd-80629ed6ae2b",-122.43669198490925,37.751049897692369
"1414b9f6-fb3f-4d7b-9bb2-5755a4f84fb5",-122.4344071795483,37.759610911457742
"1421c386-7f16-44d4-b5e7-cbdecef11960",-122.41821316067704,37.784445221675078
"1425afa2-cb53-4d12-9922-b287a188b2c6",-122.43063655404079,37.734506714685175
"142f2a7b-2faa-4194-8467-cda7740a5dde",-122.41388997237175,37.797084761903058
"1433b554-97e7-493a-b7a8-569b60d84d94",-122.46460625596251,37.762628855928384
"14380061-24a6-4f8f-9f46-11505774ec14",-122.44947231226794,37.717786209774573
"1438488a-6d3d-4209-a0fe-fe01dc08688a",-122.39140599965836,37.783627343343547
"14431da9-2f5d-4f45-b685-11afc473e9c3",-122.46140839085349,37.778244588442057
"1443417d-4bb7-4c07-9500-e339bd132ddc",-122.41050275617204,37.760683564826316
"144c8932-2eba-469a-9f02-07f8b1fc1178",-122.46884677604243,37.70955176544178
"145129eb-4bbf-48b4-8d0a-76ac935eeac3",-122.41399966821197,37.755810856554739
"14577bea-7e9a-4b04-8615-23246e69e5df",-122.41938942413584,37.806239167031791
"145b7acb-5011-4179-9df6-30e2e0209102",-122.42093153893077,37.756440252010492
"146ad96e-ad88-484e-9f5e-a27cea4e334e",-122.40942125257914,37.780873596687648
"14701ad6-e5e0-43e1-97e7-947e9c5aeea3",-122.43697157926036,37.779976018396681
"14824dde-85ff-4c5a-9272-b9b2521369ab",-122.4031685388582,37.762338297737386
"1492736f-3f9e-45e6-9dc9-7b628fea10ab",-122.41533353453467,37.77625543632
"14a2d875-562a-4849-942e-dc4523f97292",-122.40068960104445,37.760469039006018
"14a7aead-42a7-4404-9deb-d3fe62bdf0d0",-122.41575048563934,37.80126565328041
"14b30188-0c05-474f-b9c7-3b6e12b0982b",-122.42399120147262,37.757620504218423
"14be124d-0ef0-4b99-bd4d-9503bad5e226",-122.44834265789591,37.772793149213093
"14be9a44-5fbb-48a5-9d1f-0ae146502d75",-122.40266423098305,37.72566672852097
"14d73412-9a4f-4938-be5a-d33b4375a4c6",-122.45042579142276,37.716806145258587
"14d8cd83-c0d3-4ca3-adb9-892f48f272de",-122.41727765018562,37.794215218129011
"14f09370-1a26-4cd0-a24c-7ac9e2f3e67d",-122.50488795807627,37.759192504762758
"14f92ef0-7153-4e64-bed5-58c0f9fff0d1",-122.43274195498914,37.787207941043775
"150afbf3-8f72-4300-adee-3ff18162b212",-122.39949619661864,37.774848822855148
"15164ab6-70b4-4b43-81e3-0631ffd3b731",-122.48843810003376,37.779340520189507
"151864ca-475a-4e6a-a705-9fb1d94cda81",-122.42876018500719,37.721387328030687
"1518aea7-656a-482e-b9f1-c35b902e59dd",-122.42502700268179,37.773322717950059
"151c80c8-05b0-4735-9f16-5da245719056",-122.41069050372984,37.730217869066422
"152b7267-7fb5-4569-895e-8b1fb4dd1a8e",-122.43214612279466,37.763463398474244
"15355a74-215d-43da-8f76-5c4ee1b1f9b7",-122.41812854509448,37.737472490334255
"1536c4d2-2f51-475d-a3d7-822e69c459c5",-122.42079650289469,37.758853027042846
"153d034d-86f8-498b-9aad-f2dafae94e55",-122.45533054698014,37.722205444419764
"15411148-cadf-421b-8360-7a8874f287b8",-122.39279406430744,37.736465062811369
"1542ab24-9d2f-4bc9-94e5-f4b9e7a45337",-122.44401124528301,37.765909851867853
"158658a8-6055-42f9-9dc2-6655fd3d22c4",-122.40755238379776,37.77814293046292
"158c7e6b-950b-4cac-884a-0a29bf8deccd",-122.41772132198876,37.798957361312482
"158caa36-41fc-4d27-b222-55bd7a53db1b",-122.41455870900691,37.741020235291153
"15940f9e-086c-4150-8382-4cbe11de88dc",-122.43286842394851,37.74484222608816
"1597991d-7450-4438-990c-fda919336305",-122.47758329826392,37.745224321012927
"159b1c68-6bb4-4343-ac96-e20a9181ed84",-122.41765918786032,37.733750125812072
"15a358eb-5601-471e-b878-4ebe1d4a7842",-122.44167130312114,37.764275303225837
"15a65fb8-8b6d-4344-bb28-3be1510516ac",-122.43871759270253,37.776413455141913
"15a6c936-ebd7-4ba1-8592-d0a0b236b15d",-122.40607761764845,37.7900374254489
"15bc9afb-b069-4817-8f55-58cba8314f6b",-122.41974234462647,37.79729378378731
"15be003b-ae7f-4a3a-873e-b8fbd4ec2501",-122.43263878956964,37.775206768637339
"15c36b86-bb1d-4798-97b4-f2979569553d",-122.42572365666895,37.7505920619591
"15ca68a6-b39b-4a64-a9e7-e7cf5badb2a5",-122.41592885950605,37.792717633750769
"15cd6454-de92-4630-a63d-ea3d98833428",-122.40719178793528,37.712419626346794
"15cd6cb2-f873-4837-906f-c65f0ba1113d",-122.46192467572018,37.727562258275384
"15e12ac2-98e5-4e57-865f-032c1127134f",-122.46721214962631,37.715480740292705
"15e3b3dd-d1f6-4e24-b9f9-906d51c900a7",-122.42151054481053,37.783333440725869
"15e776a6-552c-4ee8-b71f-73a582626409",-122.41667472536453,37.79639276178824
"15eda224-0ea4-4333-8c39-67cea7442c6b",-122.42186622388209,37.76620051240652
"15fad6b5-d0e1-4102-8895-74d648b63cb1",-122.45830830793781,37.712217495699726
"161732cd-e719-4e2c-80f9-0c3f83fe1044",-122.39047725035448,37.787049650848715
"161b08d3-a10d-426f-8755-b0e6bfee81b1",-122.42457706028769,37.760274383481544
"1624d9dd-0075-428c-b0be-0ebfde6b4d7a",-122.4048315068848,37.777121197531528
"1629075e-c6a2-4d2a-81ae-ae6dd5a0ba11",-122.42552096368419,37.78649576446859
"1641d913-92c3-4ddc-8a4f-a4c88e68a137",-122.41664066040859,37.745681595040693
"1644f0b5-46b8-4dca-8553-127773d94dba",-122.40795437652699,37.764958819360743
"16500768-0e76-466e-b564-b0395e99313c",-122.43450456984812,37.778378224117276
"165c6ef2-0a15-4353-ad35-fcd0e56f83b1",-122.42546194938349,37.777093347442651
"1661799a-41e0-4787-932e-5a15ab603b0c",-122.41422143016487,37.788607317264287
"1666bf33-7fc1-4afd-976c-e57dd6a6f058",-122.44006702761787,37.777169564324346
"166a6478-8466-4447-a17a-5706868bd0e7",-122.44996162951064,37.787712125529907
"1673c573-e25f-43be-bffb-bdd3ad811986",-122.46570619899128,37.764312364797227
"167acc1c-a93e-4a13-9b76-cd27524090d7",-122.41723342669107,37.736701898348109
"167cecee-e074-4cb6-b3d3-4cc7641dc220",-122.43023218898563,37.752490204294169
"16860581-e91c-4776-9940-be632fec674e",-122.41638405442153,37.74152015284178
"16874670-730b-42c0-9c50-b5f2163dacf4",-122.39140545840561,37.7871153777075
"16925510-e8a7-4784-b310-b0742e5d1d0a",-122.41608758627176,37.774214707313057
"16a92c43-8778-4ae4-947e-f54036d1ca00",-122.40406330501767,37.762421946720956
"16b887d0-d9fb-45dd-945c-9c3123ffa7f4",-122.4324808735615,37.787651559698986
"16b89f29-64bb-4e59-9d29-c4a1a813463a",-122.40998519412392,37.737763146414906
"16be27e4-64d5-45a7-b959-bdf4dcf5191a",-122.42567671295278,37.767701518174384
"16c9db96-b434-4b12-a6a6-04645286361f",-122.44433904100755,37.768693482192859
"16cb2377-5c42-4607-9647-6b07696cb252",-122.48308350077001,37.78524835167849
"16d5898e-a9aa-4009-b07c-f213301c63d9",-122.42568714517465,37.776107040206341
"16db8d8e-5b2f-4082-a3aa-e6cc8d347205",-122.43606239605958,37.722353570909874
"16e29c55-afe2-4abf-90c6-4324327a1977",-122.40484930790635,37.759669445301142
"16f05227-03a7-43d4-be42-3af9a3daf3a5",-122.43027338945994,37.777579619200587
"1706fd1a-c585-4a55-ad8e-51880b706cc7",-122.47656519047112,37.7335106374049
"1716209c-c377-4fc7-9e93-07c1b6315bce",-122.40578252078811,37.795298907720081
"1717ff4a-f7f3-470e-8d53-cd69d6b9d0ec",-122.42934375454892,37.766563360399353
"171d284e-4fb9-4b2f-a4e8-06def9b8b9bf",-122.39073254885889,37.736325758214377
"171f4374-2904-4b06-878d-fdfe31f6c22d",-122.40573559283273,37.752259879603592
"1725915c-f9a2-466c-8bbc-455df6dce443",-122.50531964259845,37.780696674765714
"172b6725-ed64-48e6-b562-e82a1f07861d",-122.41211978971417,37.80454788387437
"173014d6-3472-4c35-8ae4-eea3d081d4b4",-122.43059839459097,37.765656555166785
"17391309-ae11-472a-8216-93893d6e04b2",-122.40669722904111,37.74801713004225
"17471450-2ee8-4387-9525-6cfc474a28c1",-122.40776876502336,37.791500176699678
"1748dca2-ebe0-4e13-b486-b40ce79a7be7",-122.44028263796312,37.7654387929919
"174cc597-1168-4f78-a672-0b6f998f5009",-122.42188980287541,37.754040340465757
"174d0beb-12b1-4b34-89bf-b4ac6e5bab44",-122.40554602365324,37.760451135921187
"175a9300-4983-4b9c-bb9b-6b1d11f9d1bb",-122.43403991824378,37.742850315576995
"177122eb-31ab-4dac-a623-23656a46b84d",-122.40910514824451,37.749184446332954
"17742c97-c3d6-4bab-b838-4326df33014e",-122.50747316406405,37.74642629780017
"178a8dd3-22fa-4cea-bf99-4a14adb84348",-122.47470761486608,37.783303689161826
"17936987-e319-42e0-98ee-fdc1033ed647",-122.41429357211059,37.724673515694157
"17993330-21f8-46b7-9ac8-e5e0d736b3f5",-122.43309324864497,37.759676666047426
"17a1240b-a4f9-44ef-89a7-c65afcb4083d",-122.43161385007403,37.743487531218825
"17a83d47-fdac-486a-a318-6a3fb53f235e",-122.40992215237016,37.780785751760064
"17aebb77-7939-42d2-b2f5-342ffd57ce53",-122.41939330162748,37.790624479250454
"17b9ad57-17cf-48a9-98bf-1ffa909d3afb",-122.40856134639884,37.774950664153081
"17bd692a-420e-424a-9320-ad539b08a41a",-122.45439680746726,37.787693568939552
"17cb586b-0670-41c7-806a-4bdc12671e2f",-122.50417256310303,37.737120972926796
"17dc8c13-7002-4441-8675-0227593e06fb",-122.4800082756674,37.738737400715358
"17e99690-5baa-46b5-baab-548a2afce64f",-122.43509145270743,37.746786045000654
"17f1af8f-973a-42a4-ac9e-00890b12291b",-122.5086418212482,37.763933383526613
"17f36c99-3882-4943-8e50-7f53beab7fe9",-122.43242931098484,37.771132263407715
"1801080d-7ccb-4c1d-bc98-621edc3412b4",-122.40426651261541,37.779731506638022
"180f39de-6f9e-4de2-bdf5-4b14173a41cc",-122.39360353073585,37.72730254977202
"18136d1c-43b0-4689-9b4a-1981a793b116",-122.40581411076583,37.763208977344839
"18253111-9f76-4997-9095-4478e8ae26d4",-122.46845509336769,37.714921874127718
"1829a1fe-7fa1-4149-b4ef-3df41de91ed8",-122.42785900610643,37.733455405202989
"182ac9de-1a52-45ce-92c4-7d7d9850a309",-122.40455462271176,37.770759094959651
"182d1284-7aa1-45ea-919b-31c4f7bcec43",-122.45463138453057,37.780930454249052
"182e4ead-0875-41e2-83dc-88526187603f",-122.43903227992304,37.797324925504149
"182f461d-b524-4c9d-a0bf-51203e959121",-122.4888484814893,37.7638979230764
"18394dab-544c-4c94-967b-4446449f6a2d",-122.44027823399539,37.712690582980429
"18436c91-3ea7-4122-a01f-79d72e7a506d",-122.4173853890548,37.795126982460538
"1853e5ff-8ef0-42cd-8ce2-885e48ac8667",-122.43637207658522,37.777670756660896
"185c6944-8de8-406e-a32e-7098bfd3df6b",-122.43132281029615,37.723762418956525
"1863bef1-a7c5-47c1-b47f-4bdb71e6c7de",-122.4448016394027,37.71639031622049
"1869e6fc-5678-4d8e-8093-f941616729ed",-122.44670333376604,37.802867025103062
"18708877-34da-4744-b021-e68eac5541d1",-122.40272813527949,37.761354057749585
"18744a85-22e9-495d-a409-8b6fa2faf65a",-122.47743283056215,37.786393341701164
"187eabce-829d-4e93-9125-c448ad988bbf",-122.45475263172625,37.712748245370811
"1884eec1-1592-4c8e-b3c7-4e312f048d74",-122.45110767884377,37.742319157226966
"18887878-5d34-4d52-ad4d-2a9a57228e7c",-122.42142380667678,37.805108873313664
"18891519-e3ae-4bee-8a33-cb9277074e3f",-122.43219384913985,37.774846279808649
"1893abdd-e07d-4ae6-8e76-9587b1ae5709",-122.41050973799211,37.78733111644268
"1895f640-9946-4255-bf37-05861298c385",-122.43578509203367,37.7729049832521
"189653cb-3ffb-4c49-bbc4-2d35d54c4a73",-122.44414352047448,37.77715549452342
"1899a601-651b-482e-9e18-b2bc56e14fd7",-122.48919272341182,37.7748808078325
"189efc61-a0e5-4779-81c4-8772d20a00b9",-122.49171160588581,37.779939532841283
"189f6872-9875-40b4-833a-4cc44af67109",-122.43192134420821,37.76537777788819
"18a1a885-8c54-46d6-8ace-7d52ae79a261",-122.44924902020098,37.769128817024665
"18a389bb-606c-4061-9958-06b947288fdf",-122.44851306782148,37.71451490867689
"18a3be16-f297-412c-ac6b-e80335e44ff0",-122.45505571438518,37.764319440391432
"18c2b5d7-f22e-400f-bb80-8c0a1c27cfb1",-122.45691580814032,37.774568970997677
"18c3d2ec-0166-4624-8625-47275254b670",-122.42619795665203,37.790499511271555
"18ce271f-ed3b-43d0-a991-fd470148c189",-122.44051961020772,37.803402209958335
"18d35645-1622-4712-bfdd-c9b5255babae",-122.41154768753515,37.788528091072209
"18da0975-36af-4617-b01c-d94ba1252194",-122.44150356703034,37.734154845674084
"18ecc3d5-07a9-4b83-8aa3-213687bcc3d0",-122.4138944131968,37.77054190114039
"18f9900e-1fd9-4c60-8cce-0f229988142d",-122.4359839708729,37.772164076863859
"18fdda7d-0af4-4f2c-9c47-99834f7c62aa",-122.43187868697417,37.776225609489053
"1916b9b5-05a4-419e-b96b-dbd940684320",-122.47038042226069,37.75904369252634
"192976e7-7a13-4c30-8e5c-090a29f19aae",-122.40908776208133,37.788684135172119
"192bb595-2abc-476a-baea-e3b92e6c3c21",-122.38859243827352,37.756410946789408
"192cc426-8f97-49f1-bda1-2f2f40011fb7",-122.4384326928014,37.77171115897989
"193bc17b-280b-442d-8243-235df09a7be3",-122.4221378185354,37.801746664602831
"193fa4d9-b4dd-4b8b-a7b6-ca78819a7089",-122.41323158087467,37.742104206896833
"1943ffdb-4060-4383-a1a4-dee8133c984d",-122.436142206102,37.755534774941189
"1949de54-8579-490e-ad96-432ed43d7e74",-122.42631102005305,37.788977557473004
"1962739c-b869-4dd8-8c33-c32de548b7bf",-122.44486944093619,37.762492819551937
"196409bb-0140-4d84-b252-c105aa1d743e",-122.4126800131685,37.773569862594364
"196b3b35-6c8e-4d78-8a75-0a22fa388a25",-122.394003942639,37.761604711948024
"19a48ad2-f56a-47bd-bd3c-71d6a8c177bb",-122.48109975941009,37.751250636473948
"19b0dabc-0e4e-4d5e-9d0a-d42a3955bc16",-122.48388836933758,37.7815426899329
"19bc2f14-51c6-4ae9-8981-2cb217e3cbf3",-122.40327992337544,37.713695294144173
"19c423ca-2adc-45cb-9c65-be38ba45f39d",-122.43298708841886,37.723402900820261
"19e6e324-3d90-4bbc-86e1-51ce5db47eda",-122.4393922839583,37.750444868695844
"19ebd820-d8eb-4477-98d1-540dadd749c6",-122.42612068257084,37.768765578429679
"19f8a39e-1264-41b5-98e0-db4e2ada7e11",-122.43404597594935,37.741712536386729
"1a052e46-cfee-4cd3-90ea-4b5223194489",-122.44032932493322,37.752087811054295
"1a0533c1-9c63-4cc5-9d3b-75c9615ae37c",-122.46034842467938,37.715667573425911
"1a20fd51-25b6-4211-ae10-cdcc5b4e054a",-122.39844711586902,37.721540185888934
"1a352104-d8c2-4fe2-ae94-549b4fc9d65c",-122.4151303367625,37.802882099490716
"1a414232-2d4b-4ef3-8b2d-fc0e835ee024",-122.45436805917407,37.761685138173746
"1a4b0449-03da-478d-b4ae-64806aa47ea1",-122.44536672773245,37.766093854314441
"1a4ef02f-a036-4ad3-a581-91c6a2cefbc0",-122.39412112484958,37.734990356220607
"1a57d48b-4d88-4e96-aff2-79a30e961684",-122.39079354526878,37.736259265366677
"1a580469-5035-4cca-ad19-97c5f5769f6c",-122.42778799919941,37.751177703815493
"1a58c904-beb3-4372-849d-2baf1bf20a09",-122.42863817373144,37.72352371545886
"1a5abeaf-c629-4a67-9370-8954ea82851a",-122.44617403813017,37.764248739825277
"1a5ec4e5-a5ce-412f-a70f-adc58bbe862a",-122.4788779875967,37.782676192099622
"1a64a092-9623-4f5b-bf41-9d5ae5a6afd6",-122.40783322206418,37.777979011605616
"1a65b2d9-d871-4210-ba55-0a9427525d49",-122.47503628298698,37.782578122174677
"1a780265-240a-4170-9b02-cab4627b61f4",-122.41716360563954,37.767803840790322
"1a8338e6-31ff-4fa8-bff0-303d05ca605f",-122.43805139304439,37.719186786041959
"1a8cfd7a-3ae3-4b78-9ddd-23a3f587c691",-122.46402929290791,37.763823488169429
"1a90c3cf-d513-4923-b27c-985e19588dd2",-122.40371731114691,37.786229965500965
"1a93da31-49e1-4fd6-a9ce-eaf268716772",-122.45140982020118,37.76118221466038
"1aa4acfb-c9e2-47c5-bfd8-96796fa06f00",-122.42170048367728,37.770515267255718
"1aa65000-3920-4be0-b807-de63357cbf23",-122.4870991581375,37.776632100207451
"1aa88b08-8a96-4c05-b17b-68452dbc4dcd",-122.47053727622898,37.785886209624884
"1aa89a56-3f6c-444c-97da-4f9411f1e450",-122.44850879420292,37.762687292812515
"1ab0ad65-4ef9-4690-9838-68aac5ec3b48",-122.42042620868565,37.744996506925879
"1ab4e544-7857-447c-b66f-9a0c0e5b523b",-122.40332006955556,37.726681034301059
"1acadc37-9fd0-4be0-aaa2-edc394466e56",-122.43640811242437,37.744316508300024
"1acc6768-967a-4535-a115-e6ba44578ced",-122.42837681956654,37.744310994451077
"1adc7435-718b-4a3d-b873-f8ac9cab3a6a",-122.46646659035235,37.784872555093969
"1ae40189-4318-4a9e-9cd0-9623b12cef79",-122.43705841995337,37.788732994855579
"1ae8b03f-28ec-4348-9c13-64dd0be1b007",-122.43253087841966,37.766310358886535
"1aea060b-ac8a-4cc6-b4e4-3c5b779a0782",-122.42007005006676,37.757588885995212
"1af925a5-91a4-4378-b78d-c2bda0ae1236",-122.38966921005084,37.771149906774
"1afd7f1a-03a2-4e1e-a57c-0d1290b63a39",-122.45226547437005,37.720655651132681
"1aff2673-c6a6-498a-b4df-440229781051",-122.47565577098347,37.745770346695039
"1b0cbb5c-94ad-48ec-b407-6bff30643725",-122.4845157806546,37.74802812575976
"1b0ece16-9420-43e8-960f-841ccf10f39e",-122.43098611427801,37.793375890479219
"1b125ebc-87f5-4da4-9f35-fcc543337ff1",-122.44439753303341,37.730061833288666
"1b3c148c-4ff2-4be1-8213-b8989c142016",-122.37870003889404,37.734139412143307
"1b3fcbcd-7f54-44ae-804b-bb753d982774",-122.40990894714336,37.77672393903255
"1b5f8833-ed63-4f94-a7bf-0176bed3ccd6",-122.40692556709013,37.753801790324168
"1b6100d4-5d29-44dd-931a-b12e9050be4e",-122.50330401397567,37.76133413234956
"1b674abb-3331-4beb-ad37-8964f0d8a591",-122.42159299153454,37.757099236478346
"1b731744-92b4-479e-9000-06514b657770",-122.41719244323458,37.739043614413291
"1b7417a4-7095-4213-8e52-fdbb1df0b880",-122.42854520888325,37.72076464249588
"1b7562be-94b4-43de-ac3e-0330e1493a1f",-122.43331446162117,37.799373560656718
"1b76921c-7db9-4ac4-911d-0be74714fd9b",-122.39422964189194,37.760309502023247
"1b7852b9-3a48-4d40-ad95-0a409feb1947",-122.44105414689388,37.776829199310541
"1b8168d1-e77c-4021-8919-30c272846e1c",-122.42556563971263,37.77421006384138
"1b88f304-3613-43aa-95ee-794e7bd97509",-122.42923489173086,37.803142859913166
"1b8e5af5-8897-452f-ad54-394832df69ee",-122.4870991581375,37.776632100207451
"1b9665ec-66bb-4b90-87b3-dd863209429c",-122.49999854883764,37.744237796854634
"1b9698f3-7c0c-4175-b3e5-d3e839bc071c",-122.43477738354082,37.734132031529263
"1bb0e57a-8544-4f48-8f7a-b87b76db16d7",-122.38685796968286,37.738772259697193
"1bbb3b37-7b11-4f7f-a70f-17e50dec44be",-122.46074061747814,37.762898734629935
"1bc267e5-a12c-46e6-8218-64c12e2c2d3f",-122.43170576683058,37.757150845234406
"1bc42d6e-f105-40ec-a9ca-9163e969f518",-122.43537172595632,37.763171262384496
"1bca3e92-665d-4deb-8d57-6deaf1892357",-122.46896885346499,37.760568506902175
"1bce4ed5-2b1b-4fac-9265-cd861327e06b",-122.489908310016,37.7848067387362
"1bd2cc13-171e-4b48-ac3b-b9533adfa67c",-122.43417471150646,37.761026984725937
"1bd94697-ef72-4ec6-a913-5a143b15373b",-122.40164541874044,37.721579541536627
"1be2f530-a09f-4619-bea1-6af594fbc419",-122.47128999097285,37.719725019355124
"1be31358-dbc7-43e4-9cb7-10e2b2a917ca",-122.48573299724555,37.77261493367218
"1be64c61-1e24-4502-9174-702bee67854b",-122.41294797767202,37.773939350730934
"1be66879-a867-443a-96d9-4a46f15ce68a",-122.48630229375328,37.77854346459204
"1bf7a55b-89b0-4deb-b9aa-89f6536b910f",-122.42040308614348,37.785386732383856
"1c02b674-98ff-4681-9178-84a78c527210",-122.43513294875935,37.744294018962535
"1c0c9239-ebe8-4d48-8395-006dc15f6a4b",-122.41420997966605,37.792527750534731
"1c28f02d-c108-4332-ba02-1afe1a6028d4",-122.40841552004439,37.750473579316576
"1c2db3e2-8424-471d-b0ff-50273d398182",-122.42958149534762,37.788944694626714
"1c35d64e-8cfa-404d-880a-e60fdd97dde6",-122.442081979334,37.756909464151015
"1c3e8804-50dc-4f96-8475-34ee99dabe5a",-122.45375217126767,37.774397437485483
"1c3f34b1-af8b-44ad-949a-e3b16400dc6b",-122.39104035131517,37.717514019645925
"1c468457-e252-4c2d-9c17-b2262a1bff3e",-122.42794297715186,37.7748669027568
"1c53647e-4881-41a5-918e-4121e2378d30",-122.44715720202598,37.791864963696
"1c5b8dc6-bf2d-45e3-a99e-335442b126f9",-122.42908446533615,37.79361731364628
"1c5bbc44-8f1b-46cb-9db4-39d4a21745ee",-122.45584916797345,37.72220412402843
"1c5e69f9-73d1-4b6e-b84b-32d14c025e85",-122.42208508855778,37.799845221623379
"1c724263-c098-4562-a018-e64b287326dc",-122.45956024415551,37.782573768463166
"1c7b3d36-5b0d-43fe-9afc-d4fe9495fed0",-122.41686535169802,37.752790099209513
"1c7e81ed-a84b-4a75-855b-8a78965925f5",-122.48048656165273,37.77285398997612
"1c8526f9-5c38-4e42-b3fa-cb1678add93b",-122.44507721752286,37.783777476810208
"1c91a7ce-ce37-4df2-8b48-dc4a301cea98",-122.39366379948147,37.758053412075206
"1c922dd6-5f88-476a-a670-ba1a0586e70a",-122.45976233054708,37.788372616257782
"1c927207-5e5f-4d21-877d-14ab0948dfc9",-122.45161423878147,37.719918844132827
"1c96f5e5-b2c4-46ad-bec3-5135fc62779a",-122.41116271582463,37.730311108029078
"1cb1faf1-29ac-4e1d-ade5-76ad9411b54b",-122.4234331091787,37.76328078002016
"1cb4998b-3481-41c9-97fc-43f03344c57d",-122.43427321460703,37.773771357631993
"1cbbbe8f-b31d-4579-a98b-cf7bf26bde24",-122.4826175554491,37.773100776354418
"1cc23e2c-65c4-4e04-8f1b-4aa9b8d58c1e",-122.41024184786077,37.787198391384536
"1cc9330e-f361-48e5-bcec-a0e91900006e",-122.50569132230926,37.778712990653389
"1cdf5c44-5007-4be4-a437-001ed42f3d37",-122.50839597345947,37.772955038985792
"1ce30021-cb24-422b-adb3-fd5c7e76d9ec",-122.40048565243772,37.798766329512326
"1ced00ac-3c2b-4027-8b73-526c2cf42829",-122.44859845012131,37.710390492379624
"1cf590a9-68f6-426c-b68f-51ad5c92e814",-122.44877557756236,37.770174346886947
"1cfa3512-157b-4ff9-b781-1b9e7d4cda9d",-122.41607375999396,37.78683627479279
"1d03f3b2-310a-449e-94e8-4e4e15180bf7",-122.43322247108614,37.734584423765689
"1d06848a-9e12-4353-a8d9-6ade13f86856",-122.42223535814786,37.800589043031366
"1d2de2f0-562d-417a-b399-0ca234636cd2",-122.40848732804822,37.791628319348462
"1d39f679-9953-4003-8bbb-ce509d989d07",-122.39272404079303,37.78745879540088
"1d3c84a4-61ab-4dc3-b286-fcf3ef77588d",-122.48103854504804,37.780984062518158
"1d4acde0-96fe-4ada-8483-2aad6d4bd27a",-122.43222386877476,37.773147849637645
"1d4ecf1f-2ccb-4b66-a20c-57a2115c5bcb",-122.4322093280348,37.740987628874038
"1d6a6f82-3616-4c88-a5ad-e396ea900845",-122.4357629878879,37.758242992728114
"1d7818d9-e1c9-4384-8d26-3da3fdebd46b",-122.39809692973928,37.760118915389604
"1d7acc7e-0ed3-4023-a663-a370356863c5",-122.38826781012021,37.785292277320778
"1d7b3d74-5b06-41ed-9b2d-a1670c0dfdc4",-122.45848611166409,37.712722199381083
"1d7dd826-98d0-4882-b2fd-96f1739695bd",-122.47853095890747,37.774316087975848
"1d939a1f-87c0-4c67-b8cf-9dcee9d7454f",-122.41830019380765,37.737489048733053
"1d974e81-65d3-46d2-9dda-8967fca11377",-122.42389627153798,37.782024768191633
"1d9ef674-d938-40ed-b174-5983d3f848e4",-122.39066371500891,37.753855082182845
"1da2040e-cf2c-4bc2-8c8b-ba324a0fffcd",-122.41085839294476,37.774870965000424
"1da5320e-423e-4baf-a2b8-525cf5ec44a4",-122.40882052977139,37.75290240433695
"1da5e5bb-5b98-48cc-81f2-3e994bd545c4",-122.42734717082136,37.740100283114423
"1dac82e6-e135-4120-9181-fcd386bccf38",-122.41759909684063,37.786646424533025
"1dadc0ed-c6eb-4807-b136-fcd7720915e4",-122.39579854137487,37.737560154744656
"1db3d126-371a-46f7-a36b-fb4ec48e7f51",-122.39532196315866,37.754728708877252
"1db9ba75-64fe-42dc-9985-40d99747b952",-122.45414175725799,37.778980058373222
"1dc38e67-7d98-4386-a9cd-d63e449f5a30",-122.43273415581119,37.74566194903403
"1dcd7e73-b45d-4b6a-bf9c-01ffec3e4d56",-122.42816749859556,37.74320702379277
"1dd7179f-3a1b-4e71-bccf-bcaeb162776d",-122.412476088057,37.764656194393545
"1dd775ff-ac10-4529-a0a9-aa1d088b12a9",-122.4231048528337,37.774522978137739
"1ddd1229-d1e2-4bb6-aa64-fc60750a19ca",-122.4203328140425,37.728204906723882
"1ddef2a1-d508-4b90-8bb6-21c03917f828",-122.42666924904756,37.738481309416819
"1de02ec8-9e19-4be4-ad17-bc6acfe26d8c",-122.43475775729024,37.798817922434488
"1de70473-626e-494e-aa71-291194531a58",-122.40992647681658,37.744985812707412
"1df125eb-9916-4a8e-ba75-5c4c5d4c9800",-122.42966624623699,37.795523560888114
"1df1fd9a-08e3-4c1f-ad0d-3dbbea50d572",-122.43577469854922,37.7499062726757
"1dfa68b8-2cf1-47d2-9609-4f30d8b5cf61",-122.39114681408101,37.73492437600386
"1dfb6215-91d0-4ff7-b526-aa6c7becd5db",-122.40762064433531,37.803591166480658
"1dfe048c-23e5-4a74-9eaf-c8b3fb47d2d7",-122.43006115707954,37.768535951130772
"1e02b961-2523-4c81-adcb-8a255da93bc9",-122.43636816729968,37.711815205922939
"1e0ec8ba-0488-4e1e-9f6c-8dd404296358",-122.43435331221379,37.764590182692515
"1e1d2216-56a1-47a5-88db-46ec7d008e7f",-122.41501354210889,37.784105729228564
"1e227b1b-4e9c-4449-bed1-2e910f4b6bd1",-122.39369799139908,37.781130562931011
"1e29e780-4639-4e94-b5ca-967797d7d7a2",-122.41735529640189,37.756318058980817
"1e36b9b7-cd01-467e-b0b7-9a8c9584cab5",-122.41509581661005,37.801322023118296
"1e397b3d-6b3d-40ad-972b-1373be544276",-122.45131015560838,37.780674627278778
"1e53d6ac-da49-43c8-8d23-09e695164a3e",-122.48623356692654,37.78239248105718
"1e5c7c7e-b00c-4aeb-8863-bedf9dbfb467",-122.41462513804974,37.730738359566324
"1e6383d6-84c9-40e4-acf4-cbabe4cd057b",-122.42551274139939,37.729493774662409
"1e664be6-0da5-4c4b-bd09-6cdc27dfb875",-122.40754355325214,37.750812455464619
"1e754b14-cc13-414e-9519-5e365b39f625",-122.40361217314498,37.762242635046995
"1e82c5cf-9cc1-4260-bbe4-642e82f2a248",-122.40455462271176,37.770759094959651
"1e957123-dfe4-4285-9081-1122b2934051",-122.42993707579214,37.800987898592496
"1e995303-a9b6-4cb9-bbfd-d6cf3675e728",-122.444945234372,37.79980645686414
"1e9ca0b3-0fc5-4fd8-869a-a86714740617",-122.419258117032,37.794487232689562
"1eaeb64f-635d-4c78-81c8-06217f7b1102",-122.41256675177426,37.731675802859186
"1ecdcd47-5f5a-4db5-b6a6-661302c89e55",-122.40072284969085,37.760811315436541
"1ece2479-a04d-4bda-b8c7-4215115c9904",-122.42882179710864,37.759045580965356
"1ed843e5-2f3c-450f-9b8e-90931f6aa764",-122.47431268155559,37.752276053223113
"1ef70d7f-0f56-4055-b53f-39df0896ff97",-122.38685796968286,37.738772259697193
"1f2810f3-b20a-46f5-b8cb-57a4b58c724b",-122.44135450197328,37.799584730890587
"1f305b80-5ed3-4810-b717-c59209d58787",-122.39472957711195,37.7862683409085
"1f31b750-e553-4e8b-998f-229e8131780a",-122.43327295170066,37.734189010641757
"1f49b365-4a56-4f97-899e-aec9f7f1610e",-122.42197197560607,37.761589878256
"1f4d56fe-6b97-4637-a5b8-17a864e8ef75",-122.48354245736378,37.784058343607384
"1f53faaf-b573-49d9-b1bb-22ef40bdcd10",-122.42802179291053,37.734867774203678
"1f59715e-9067-479b-a96a-f1929890377d",-122.41127674197371,37.729529512334949
"1f5c5563-748f-47b4-8538-d9fc0668e22c",-122.47039961135319,37.762787333263212
"1f61b789-6af1-471d-b43d-aee3011dd3bf",-122.39769707528701,37.786827713893665
"1f650acc-bc51-4248-87f3-dff09fbcc1fe",-122.42213157469737,37.750216637182625
"1f67daf3-d7ae-41e5-b0fc-4bf4c29fed49",-122.41664740524951,37.738021231648858
"1f723e9e-cf9f-402d-8507-92959a6b98ed",-122.49137638307899,37.781123838999257
"1f745eb8-a20e-4325-b09c-cb41d4a929ae",-122.38298458789427,37.7621057332459
"1f7778f2-f45a-4c2c-a6fe-113cad11f0fc",-122.47836273840646,37.779522501865372
"1f78c6da-bd2c-46bf-9245-63702d44e29b",-122.41370001267941,37.738125941305519
"1f88e862-76b0-44da-81ef-1e706a1cdd7b",-122.3887424329192,37.7379498824747
"1f94c5ca-cfe7-4be8-bc79-573eba2c637c",-122.43811605557245,37.718057469228285
"1f97447f-6a8b-4cc9-ab36-b8d9a55c63eb",-122.42295298005634,37.758802604900907
"1fb33bbe-52cf-45b0-9abb-e58ba9145d2a",-122.4727506989264,37.756461914640091
"1fb8c04d-886b-47d5-aa57-0652ad52785b",-122.44829074493973,37.746776252407486
"1fb949ed-62b2-42cb-8f33-4946a4934643",-122.41754489447281,37.767285050179716
"1fcd9c52-ddef-4ecb-8310-26b2dca69430",-122.46828909358585,37.763359749875292
"1fd2b044-fa86-499d-94af-cdef20f101b9",-122.42382612173309,37.760402756455882
"1fd48e6b-d3a5-492b-b677-ef98de318795",-122.46508779796211,37.763570737542835
"1fdf560f-fb0a-4d22-98b3-62f6757fceda",-122.4359612598389,37.760329720998939
"1fe1338d-97f4-4df4-b4fb-695498bb4e2d",-122.50955912047658,37.774216929292606
"1fe55e73-2b53-4821-93ce-0e82eb1663bf",-122.41668134878375,37.758262367911335
"1fea93bd-a95d-442a-a799-48c321ebcb41",-122.4253259685818,37.742572083080994
"1feb8431-c74c-4f8b-8558-5dc7de2d2096",-122.42317750639157,37.724509733364748
"1ff1ac78-dc9d-4790-9665-d23ebb866433",-122.43295242476499,37.77188343544146
"1ff3ca00-da74-4df4-9e8b-73716f9cfce6",-122.42216176111138,37.804914055890123
"1fff6a0c-a6e9-4191-ad6a-03b1bc3501aa",-122.44372475876108,37.778573786753682
"200577f0-5664-4216-b387-895b0b6c0135",-122.46239548372478,37.744223937703737
"200b9f47-2c10-4bdf-9004-f114c79838fe",-122.38969631976303,37.764079686974924
"20208f43-2476-4e34-8bf6-bfe50a74bb5d",-122.43342072105959,37.7903608162607
"20221484-d3aa-447e-9006-980cdbe73433",-122.50648564317473,37.739374192326721
"202ad8f2-ba02-4d14-9a31-32d22aa5b532",-122.45776638020263,37.789344535986835
"202e6fdb-c489-446d-8c15-67bc642dfe0e",-122.40035813116616,37.75691437835345
"202f21e4-9803-4fd8-97a0-0e11aa318031",-122.44515890556501,37.7969103380754
"20316a78-dfeb-4d2b-9928-5b153c5a3bd3",-122.43835306723572,37.715351324268447
"203f6c77-c432-4c47-9bfc-1ee43719af68",-122.42074221796265,37.79550845911902
"2041d580-b436-4a32-ada1-acd5f425507d",-122.43630381474193,37.7653071787504
"20598cf3-39e9-41f8-963e-9a59b8209989",-122.4380112875629,37.787491406876825
"2062d21b-ccd2-479b-a5bf-4f6c2c0b0457",-122.39530250327857,37.721824402022129
"207b8652-39f5-4345-b027-4a9772509e26",-122.44553174135412,37.777361748300088
"20853d0d-94ca-40be-aaf7-8f4a80fec377",-122.45272606049357,37.745168989723027
"20860a92-1775-4b37-815f-3a7b6206f79b",-122.40550321330416,37.711791476550871
"20893e3d-3118-487f-8b79-1ff023dffac3",-122.40325310936984,37.735741339558423
"20897c6c-0eaa-455b-a872-946ad2c6d7b3",-122.38900013695465,37.719192588247139
"2096c99e-2c57-4d6b-b6fb-e7dd9735d1ed",-122.43632682501956,37.737650765667745
"20979931-c383-4181-a65d-72eafd4b38b9",-122.43563109483755,37.795254543256632
"20992927-5a4b-4eb6-a9ab-c3b73f8585b6",-122.44574226139454,37.751367401049492
"209a929e-7dc0-4f5c-8d96-587e9f622807",-122.41278932243588,37.772291415125189
"20a81bf6-8daa-48de-9311-6d0fa3fbee02",-122.47631390223657,37.763971335764481
"20a83b2c-f896-4929-92e6-fa3e05ab1fb7",-122.50261811360919,37.7508988594692
"20ad653c-ec6f-42b8-9a0f-ef0cf378d086",-122.38982189430605,37.757940079369369
"20bb08d1-d32b-4ec9-80c1-3bebaada30f9",-122.41657039378521,37.773191858716395
"20cc8c33-536a-49f4-a1d7-6ed0274eb543",-122.44470163616896,37.778422117410841
"20cd9c54-3b7b-4de4-9e93-a075c5c6e8bd",-122.41001666393726,37.796812073213623
"20d010ab-173d-4f96-8739-77bd71fad362",-122.488670292084,37.773443796583756
"20e441fd-05f8-48ae-ae22-e727a39d63b7",-122.45592873880653,37.764648230834929
"20f21782-7d5e-43b3-9c16-5fd414095a8b",-122.46705348940702,37.757534596820335
"20f2c1e6-c601-43b1-8b11-5b1eefa7a27a",-122.41679099751762,37.759408140617225
"20f5a85d-e6dc-48e6-9207-1fe70c89931d",-122.41486639502843,37.7363076400526
"2107feb8-1e55-4ab6-b1b8-ae189e0586dc",-122.40957481428636,37.760419680312417
"210a8209-6e0b-4215-8442-6bddc1a2d73e",-122.45396822760411,37.719680117353306
"210f8b2e-8ac5-4bc1-b2ff-c416f9857ffe",-122.43659228863888,37.77533987994817
"21159338-7706-4172-8848-771f47850cca",-122.37895267377522,37.731582391214054
"211831bb-813f-4d0c-b695-7ead133bbb88",-122.42768528263284,37.740905899934816
"2118ba7a-1ee4-4cbb-bc5d-79e1729f530f",-122.47587993723423,37.762848945152335
"2121907e-f6ce-46f3-a0ee-7de88c3ba370",-122.41351487169452,37.789078169019739
"2125e4c6-7f06-473f-9cd1-57a00de416a6",-122.48101263679618,37.782304598584737
"212aace5-c5b3-492a-962d-e6cf263aa2f7",-122.43294503243297,37.742916577786694
"212b10f1-17a0-404d-8392-a8c420cbd203",-122.49048383483628,37.786445319078489
"212f6344-eac0-41e7-84b2-ba0173d40814",-122.41832938271612,37.739015163780969
"2134ace4-6d7f-4fab-a497-39b27cb5f637",-122.50555360295606,37.77246617739025
"213fe887-60e5-4230-b437-358b3e82a41a",-122.42453848481408,37.753390605569557
"2145ddd9-a6d0-472d-a295-601ae05fd81d",-122.41546404104358,37.746071452198542
"21527c2a-79a0-4baf-aa06-d77f01e9c8db",-122.44500667416328,37.7915913692763
"215d1887-4642-4aaa-b6ad-347ce77d5c55",-122.45195385860146,37.764683489971254
"2161b9e3-ade7-4a4c-9a37-7772379d6f00",-122.45174257031637,37.764184471820322
"21770210-4ab7-4d60-8ab4-705a0f60f36d",-122.46851426238392,37.720739747672916
"217af4cb-76fd-4659-9a73-38ea9fccbe53",-122.4054878148082,37.779557865851579
"21913320-d02d-442f-8e33-439ab803bf83",-122.4249698416554,37.767566374318172
"2192893a-6dc9-4a9e-9300-3ccbf7cbdb7b",-122.40957248169707,37.776892635706375
"219c9cd9-0e14-41f5-99b6-0124d5f878d5",-122.43097393184425,37.799174494709021
"21a38abf-0e7b-49ac-bad3-726b5865cb29",-122.45544346978674,37.736592944640485
"21ab3487-8146-4a8a-989a-2094831df57b",-122.48156372593533,37.77348995477815
"21af0050-2db9-4e88-a4c0-be69532ce206",-122.43705841995337,37.788732994855579
"21b698c9-fd29-4e16-b035-5fecb9cc0d3e",-122.44145587938311,37.760583476034988
"21c3b6a8-3590-4c68-bcf7-e031f7dec5b5",-122.4034741291526,37.758995874684651
"21cb5122-de07-4ec0-baa7-4d4104d4f16f",-122.43041922042666,37.764511688277061
"21cfe31b-628b-4250-b6d1-7472a9c3f69a",-122.44339711196949,37.781349656096062
"21d08a9e-ab03-40a9-8046-1e8a8fc089b6",-122.39419670925678,37.752535078604332
"21d78a2c-aa3e-40db-badd-9d49ed2511f8",-122.45498149955893,37.77481602073005
"21d99a04-8f5f-441b-9198-f06f1c3f59b5",-122.43290795154266,37.7875970414923
"21e1839b-3b69-4b06-b228-118fc013942e",-122.40485442575483,37.79916425397262
"2202ba5a-f595-4a31-a66d-03c79eee5ef6",-122.41157946340387,37.797370118591672
"220f643e-9e9c-4c20-9d32-dd3a44859a91",-122.47375225076456,37.727231764671828
"22164a50-cfaa-46d8-af59-1513792210ee",-122.44328341582205,37.7758331024283
"22206eec-0c2d-4333-ab4f-fed77882dfc5",-122.41265589461159,37.757773829918058
"222163ea-2175-4571-8435-f6ee48ea98be",-122.45206053148632,37.7656274927056
"222bb745-22b9-4038-a49d-2eb0a45610e6",-122.4669012236932,37.780041391402975
"222d206a-62be-400a-8696-87f2ed59d434",-122.42672099167036,37.775730472392226
"2234a9d2-838d-4845-a659-f76565f88449",-122.43164953353335,37.775872391443514
"22399935-f462-4f48-b081-f7352c381cea",-122.39486684900116,37.781002366355118
"223e002d-345b-4201-9892-17627bd7c04a",-122.4356006790827,37.745341471512894
"223fe151-83c8-4fba-8404-85cea1354584",-122.40979699523146,37.716399060974304
"2257d23f-9a21-4739-8e95-d1f742a760d4",-122.49454358899317,37.753060327927294
"22680faa-e06a-44e1-a6c8-c8ccc845b768",-122.42513117067301,37.753768046984781
"226ebc52-9bc8-4655-afa0-902e749e2042",-122.4196186026395,37.744937277038161
"22824cd2-976f-4ab0-8830-50487c024a83",-122.42426983014563,37.777245474064593
"2282a9c5-783e-48b1-bbf3-441634bd6ef7",-122.40404318970344,37.729010632677451
"2288eee0-f135-41af-af6d-41040c9e526b",-122.43614818647724,37.789134164143242
"228b3698-1039-4342-bed4-beff5e12fc43",-122.48160798737777,37.7585504247953
"22916682-15af-4f0e-93c9-4e4c8c37e46d",-122.43340979587128,37.796787944640045
"229d2f23-66b5-4e43-bcc8-b3be2ff21850",-122.43219340876398,37.720270414153056
"22a6c1d4-4d3d-444e-8123-3deaada9093b",-122.4217177042311,37.79932799953766
"22a95403-e69b-4e97-8e04-4dbe187cee44",-122.41798625515976,37.760010762583462
"22b66df1-6ea7-4256-a7c0-65d2b47c4600",-122.40407649667446,37.799834896443762
"22b9f97a-9dc5-4c4c-abae-243d95eacc86",-122.42146929061104,37.755987899765628
"22c2182e-8265-4db0-8d25-1bd84946e6ee",-122.43616370710289,37.762513062038728
"22c37896-20c0-45ed-adfa-64e9e96d598c",-122.42257956183886,37.725708697447629
"22cb2f6f-69d8-42dd-91e9-10f888b35996",-122.46755964352795,37.758828758128331
"22deb8ca-396d-495b-9158-93a428f6a320",-122.43845472936937,37.736848157659281
"22edfb9d-478d-49ea-b364-d4150367fcbf",-122.40237048710182,37.773165130526216
"22ee2ed8-5bef-4404-9a3a-3ee45a919a7e",-122.40714518962612,37.800404606804953
"22f00516-21b1-4fb0-bbb8-46ab40dc3feb",-122.47738763207623,37.7640900611297
"22f9a52f-b071-4496-9f01-80dd446c3790",-122.4461288689965,37.786737416522826
"22fc62b5-40f4-4075-85da-d0068399e09a",-122.43604741423837,37.750035796593394
"22fea0ed-356f-4a60-ae17-e93f13de5d6c",-122.41179321230346,37.799638175290049
"230c56d1-fe77-4b5a-8e89-2dc6eff5aadb",-122.50183263888808,37.756749824976339
"23194234-ae53-42f2-9bd8-b17d7206943e",-122.42959134897599,37.764561765073182
"2319da93-6f67-43a1-89f5-e39d01cbdc96",-122.39786617109077,37.757707013080733
"2332ba05-f0cb-4c92-bf42-fbf1ec74ed11",-122.43417893242578,37.758275963963733
"23350938-8c11-45f6-99e3-ad5e45e5e6f8",-122.45664957630585,37.721418685509832
"2336a8ce-804e-4d1f-b7c6-806df45f70f8",-122.40516536968886,37.795668668224145
"23383409-c4d8-4d60-9475-ba70dde5a0c0",-122.44104567302026,37.766003421071673
"23390860-8103-4974-a697-fb5a29030174",-122.43386035179427,37.7437038389595
"23443c3b-af5e-47c9-911c-e42f45fd7677",-122.42159355541168,37.770666796499839
"2345583a-4e77-47e5-b0f3-159d738fc01b",-122.42516799927544,37.775922878473338
"234c6ab6-8993-4a87-a874-352cb822dbab",-122.42036298992203,37.787188388370332
"2354941c-1fcc-4be4-8bc1-701ca46382f4",-122.39949619661864,37.774848822855148
"2372321c-4547-426d-8746-82d0a4b4799b",-122.42507310428267,37.757869094306606
"237369f8-b848-4529-aa0e-ce890584bf1d",-122.50853733806775,37.761792803278276
"23849528-dc22-493a-869a-4176d719b33a",-122.48135681721654,37.731328440862761
"2386a8ef-7d8e-45ae-9d41-bd3957f373c2",-122.44372075266953,37.78537536235585
"238a534b-c5ce-44ed-bb6f-468a41bf5d59",-122.49602050800064,37.775884861656031
"238f42ad-20a2-47d0-ba5f-144e16c45c5f",-122.43504996915206,37.7384534190676
"23952870-3cff-4042-9936-f649eedd8c75",-122.39759936208472,37.737635830974853
"2395b15c-c53c-4cb7-aaa5-7c8d808269ff",-122.42878578499678,37.751243011139877
"23969662-88d2-4dc3-b829-bd3bfdb103df",-122.40428692907992,37.802345176165879
"2398157b-83eb-4879-be48-e057e4b290fa",-122.44271487532191,37.795695261536189
"23a679b7-8a38-4151-b3ce-444c1e6b19d9",-122.40320235627834,37.797867785940682
"23b36ac7-fd90-4bcb-a87a-cf38916a9cd6",-122.4049025360589,37.7602170890167
"23bf1e2f-8069-4401-b2a2-34d46ebf253d",-122.39422964189194,37.760309502023247
"23c17eba-aba6-4ebd-87ef-2343a068882d",-122.46561149473665,37.755727654358154
"23c5203b-70b1-41ae-8fc5-12780ee2bce1",-122.4240979693531,37.766228060095592
"23c97346-e957-4290-9007-773da4600087",-122.48506093770574,37.782877853606934
"23cd9984-ca68-42ce-9914-7b0e2557b5bf",-122.43665721359231,37.760877745947418
"23da515d-2ee0-4322-96cb-12bea90ebdd2",-122.421213365786,37.794618984267686
"23db3675-771d-49fe-a8f6-35b8c04c2842",-122.39270806576519,37.718798103475009
"23e172e8-f099-4301-b913-131e21f4f7b5",-122.44353514170783,37.787164613719739
"23fdc07c-5e6c-4f1d-9cf3-27a826c3fa81",-122.46112162885217,37.774444848653559
"24022043-51e0-45a8-bc98-5feccbad5b59",-122.415957131201,37.786850977232412
"2407a16a-499c-49a5-bbfb-01d22b85d280",-122.39531461385012,37.783650497203439
"241365c8-0664-4bbe-a290-e97f9dcc98af",-122.43117335066194,37.724491901939196
"24136cba-2704-405d-a767-f0affc33c332",-122.40033974351653,37.798061505238074
"241ab2b5-8112-4750-997f-0616689a3f74",-122.42376179615373,37.75547595694627
"241f7569-dcd3-4f8d-8b34-c355b56b2216",-122.50169871144124,37.778591957892836
"241f9b6b-676d-4f2d-ae7b-32f9d9059aa5",-122.41966868837336,37.789820712216617
"24259918-fdf1-49a8-8b2a-eb96faa52ff2",-122.44702155275719,37.757538841238365
"24259bf7-cdb1-4971-9cb7-4ac1a3e9c3b1",-122.44190557056524,37.798624101310665
"24328859-11dc-4acd-89d2-c5cd2d86dd7d",-122.41666669305957,37.741052253753196
"243694ab-0ce4-4525-8050-a6727779eb09",-122.43799883653763,37.762402650162656
"2439c0bd-66c8-4ab6-b1e0-27f0b92f0bcd",-122.42074221796265,37.79550845911902
"243aff51-d33d-4fc0-93f3-50a0f2609a18",-122.40249160175654,37.775230744938405
"243c2c9b-dbbd-4b8c-ad18-2a7288259acb",-122.50770583044194,37.756914666828827
"243e808e-8b77-469f-9ed5-96442b8a632f",-122.42067366953316,37.761019807757634
"24442399-0268-4884-b85a-c5f187654cb3",-122.42437544205427,37.7587130680433
"244fca25-dd1e-40ac-b9e6-39e9632e6efb",-122.42990537066693,37.735337026399286
"2460c77a-a142-4069-a7d4-8093156f6ee6",-122.39617063207976,37.763971356891254
"246d6997-035d-42fd-81a2-494f2faf1433",-122.4701464975181,37.755359890524943
"246d6c9e-0dcc-4596-a10f-e42be11a540c",-122.38859243827352,37.756410946789408
"247e3252-6e38-414e-9d4f-6007b6260e20",-122.44730872133964,37.766785012491404
"2481a897-aa3e-4204-a629-9143644fb338",-122.44328870244091,37.771524254551359
"248237e2-fe59-489b-942c-a5d46217d2e9",-122.44617403813017,37.764248739825277
"2490cdf4-4373-4433-bb55-299beed3c9d7",-122.39898434068316,37.761054118145005
"249412a1-ca92-4ddd-b1de-08fb67714dc3",-122.4141577886024,37.737261858685883
"24963b80-4bdc-45b0-b576-82037364c049",-122.43001681530505,37.764837901506063
"24ab1b33-0e07-48b8-a41f-515c10f4d723",-122.41998505006644,37.793148027062166
"24ac604f-e288-40ae-a9f8-216ebb04f809",-122.431030374159,37.758804164561383
"24b01776-4d54-4bff-bb6a-d9918a617d9a",-122.50142249933766,37.755742296384376
"24b658b3-8147-44ad-97f4-ae9d2a58a85a",-122.49197595084111,37.747079611120377
"24b9fafb-15ca-41f9-b1cb-07e638250ad7",-122.44375201366832,37.778709388496061
"24c6f17f-a3d3-4419-8279-626f710e08a1",-122.419862614362,37.756504585258774
"24cf17e3-730a-41d3-8f3a-0629a9eea8b2",-122.45004400229062,37.782417537131636
"24dcda77-f66e-41b4-9de6-89d63e352dae",-122.42193213002245,37.741522791698358
"24e5a8ba-8d97-412a-9b83-e8c19cf438c1",-122.41456902367884,37.759129144841154
"24febcb2-2626-48dd-a2ff-987f34c6106d",-122.4122015362116,37.771735460558396
"2501d95e-812c-4272-8f36-d7c58375597e",-122.42269443643168,37.768197895181416
"250892df-23ff-446a-bcfc-ec21ca113ea4",-122.42399408344851,37.747480079755427
"250c0b2b-6289-48f7-bb7c-9b2795e1c81d",-122.44273571760803,37.771020872080022
"25112d0e-bbb1-4bc6-8179-02ad4c43c83a",-122.38929955147655,37.730700484947043
"252199c3-9d9e-440b-806e-f6a4aa163505",-122.48442910304506,37.785393548755764
"252422b8-b632-4813-90e5-5f6401e6de0b",-122.42143156027394,37.751600370586267
"25270cf4-0b02-49bb-801a-9f19c047c102",-122.43075343868456,37.73335178625581
"252a8157-a251-4274-92b3-22c045989bf0",-122.42206630205509,37.774390796729612
"253611c2-f861-4635-ad36-6bc1675e7c79",-122.42773434580941,37.746135524676596
"2537164a-affa-4ae5-b87f-07cfa37e717a",-122.45314264229073,37.755722266402643
"253f8d4a-1ce9-4f6e-8f2e-bedec01a1c82",-122.45426922733076,37.7891528660019
"2549fcb1-8338-4bd8-b35e-d5e5225714fa",-122.42505460173153,37.730256838958816
"254da0f8-cb41-4891-b812-58eae16439aa",-122.44183924712966,37.764477368389905
"2574e03e-c0b2-467d-ae9b-92d048ea4142",-122.48873275937513,37.758791547795006
"257689f7-4b80-4200-9013-513a49e5215f",-122.38707117597551,37.728495457854542
"257b1c8e-b2a4-464a-b2c4-1c18c5eb946c",-122.47688296865176,37.773843306894875
"257c683e-2a67-495c-a80d-77ac1ace8db3",-122.48580099412669,37.778291135252545
"2581e12c-7b37-4945-9bd1-ff559a549ae2",-122.43043131884248,37.750798630838986
"25900dda-babf-4b8e-844f-104de22de893",-122.40191738080851,37.759412332425541
"2597260e-608a-429f-9589-ff30e796c839",-122.4770843824495,37.764707593808033
"259924eb-c324-4aac-aa12-914d04b52ac2",-122.47240115066526,37.750136187958155
"259b2608-e2fa-4223-924b-ea847a98295e",-122.41965676372864,37.748559951649874
"259f8030-1d4e-43d6-9456-d690f6d73acc",-122.41493932525894,37.7462604253686
"25b367dd-ab23-4c9e-9efd-56f3c30dbb4a",-122.43465338976866,37.774086944817149
"25b3a151-8d49-4015-bf92-272dede5d8cd",-122.46975806910129,37.759557416076639
"25bca479-ea68-46e1-8140-8d4f3c8dfa08",-122.41784055659653,37.763756343243458
"25cfba54-d462-4a34-a2fd-727d17b4b931",-122.4234331091787,37.76328078002016
"25d21b03-14bb-4f77-b9a7-04ed6f6a0502",-122.5047712154639,37.757533552879217
"25d2f571-4fca-4527-b60b-054d2f55be87",-122.41057426569975,37.7782782698941
"25d6cc7c-aa4a-4522-a3cf-011a0e84922a",-122.42355791788405,37.770652652805261
"25d86ebd-7659-4f4b-b8b2-d8be99238543",-122.42606111336814,37.747843463300654
"25de253b-1dfb-4d50-9bc3-e284c05e67bb",-122.3935887824143,37.708411974370961
"25df9a28-c15f-46d0-bf9b-2764c85433af",-122.41971359903194,37.797923213285891
"25ebe3ce-2720-479e-87b1-967b776ee823",-122.42657646043919,37.725727975724475
"25f1d0d0-7449-4639-b580-6ec30144e761",-122.41731984322524,37.804293650591347
"25fa731e-2591-4111-b6dc-8a1f90b7df2a",-122.43497920082719,37.766644960325223
"26006d86-1294-4d18-90d6-fb61e4e310ee",-122.41973171302952,37.728559164760767
"2601b3f5-1961-447d-aaf8-141c340e9f7b",-122.42312019543337,37.739093225997024
"26085570-892b-4afe-83d3-bef1e375af26",-122.40272911700507,37.733728993864908
"2608fee8-802c-4f0b-bb06-42aced87e807",-122.41847888280263,37.736049415047674
"260ac4d9-71b0-4901-98c8-c104fc787b6c",-122.42002852363909,37.761473178446124
"2611ea99-9a71-420f-8030-a3b2ca01fee9",-122.41866614064691,37.737939331642245
"261243f7-7eb3-4324-85d6-8a370d322fe2",-122.46828430399688,37.76329119676943
"2616c94d-cb9a-4e22-bdb1-8fa07a77fc18",-122.47870119422706,37.763041120120782
"262bf57e-6d41-43bd-8ae1-d4f07ef80790",-122.40203589209924,37.769950187695024
"264fb7b9-d641-4e17-82cc-2e5b87c7d637",-122.40262970095186,37.730615430322032
"26525c7d-9ac7-4186-a306-c8e4bbdd8330",-122.42343065837768,37.7463959665938
"2653ef62-5c94-406d-8149-78cf0ac0d00f",-122.38926794141177,37.759589040100316
"2659c88a-2700-485b-b047-1dd9fac47e25",-122.43478796952407,37.774069801961666
"265e58da-134a-4f44-9aa4-fe80bb8a4721",-122.45075649023254,37.761920311663218
"2662577d-61c0-425f-a3d6-940838a803a0",-122.49773248177075,37.737263875586038
"26716c80-6280-4de4-8649-8f98869d3a4d",-122.41095292865486,37.796906118714006
"2674782d-4299-46b1-9787-012024a78aa0",-122.42685259705534,37.771609585702443
"2694ff71-eabc-4227-86a0-2805810b4150",-122.44346263655527,37.758281836239085
"269a414c-2d8e-40e0-8446-df9b1f364e32",-122.50378763790572,37.75290685569238
"269c59c6-dca6-4ebb-8519-addc7f8cbf8b",-122.44489821435748,37.771701822780827
"26a0a3f3-9b86-4aba-9c83-b9c469f12151",-122.39843475589336,37.718880335118072
"26a83f87-483b-459c-8bf8-56d2556b15ec",-122.43626621763944,37.76131242741662
"26b21341-ccd6-4f74-8ca9-2db1d2989440",-122.41504571151142,37.73700872633902
"26b4e033-76a1-4e05-9ffd-d9209cfada86",-122.48259120554539,37.778505538986074
"26b5cb67-870e-4e58-9291-d427d0c61d45",-122.40834798961579,37.727635495824337
"26b88377-6fde-44c4-91d8-163d416ed073",-122.44266553156297,37.748544310125808
"26c38e83-80af-4075-87f9-639be4dbb52d",-122.41719349678189,37.751760509050669
"26df53cc-1b31-4ff3-b00c-e0c24df9c8e8",-122.40378705100544,37.75216967545407
"26e1842a-3513-426d-8824-cbe88e73e05b",-122.4630470300324,37.761653475285357
"26e27959-b88d-4922-a054-69e1016aac6d",-122.41135387179153,37.751147479645873
"26e53edf-e5f7-4227-ae5b-7885e9cc3718",-122.42377065445247,37.766347090565191
"26ebdd08-fd3a-4e5d-89a1-9ed665f7de92",-122.43045611297627,37.772743415193091
"26ef092b-0d5d-444c-8fac-365d2182781b",-122.44268356684877,37.77676744331481
"26f08d27-fe1d-4e41-8c5d-96fb6f18d581",-122.44210111161692,37.760033334331709
"26f377a2-8a78-4a72-af0e-421131d1022e",-122.41308551012818,37.746496020542864
"26f6a136-0e87-436e-b237-2e8f37f23538",-122.4345554320315,37.735558962376366
"26f8afdf-6deb-47e5-bbe4-e4b859034f87",-122.43776910723993,37.745877906665434
"26fd10ac-fecb-4e78-b80f-14e86db67d07",-122.42031236078803,37.740329848562453
"270e546e-24d1-4b08-b905-4d48b681f209",-122.42974576580042,37.748119115020543
"27103bed-ec57-4f3a-a4e2-d62b5935db1e",-122.44115842385949,37.787092376599588
"2715298b-f7ad-4ce2-babb-caa8fb4e6273",-122.42981702637914,37.744398649536265
"271649e1-bdd8-4b7e-b8a3-61e89f2a94a9",-122.42914345396437,37.73725521861482
"2720e242-7b6a-43cb-9e44-55c6a278b7c3",-122.46438672898704,37.753561583286867
"272c345c-fef3-49f8-be4c-f177ec122716",-122.43129854000107,37.7607111174777
"272e6f3e-5082-471b-90fc-f3e97371ead4",-122.46402450721959,37.763754934896092
"2730d813-66a4-4fd0-9aa0-d8ad9325cceb",-122.40987601715405,37.785136382222788
"273b1d79-207e-4c2d-9ea5-0fd699efa4a7",-122.41443083970239,37.750522738174027
"274b85fd-a793-401a-b9da-8daf55e35115",-122.4138653450303,37.751738004359375
"275733cf-12f5-4ce5-b121-17882845d385",-122.47332512961552,37.763346379501414
"275bc199-08b1-4b67-b3f1-e71bb15fe037",-122.42019867023194,37.790135871911538
"27674108-2516-470f-8250-2b7f9d2c6d83",-122.42922204076736,37.789073780170177
"27689c97-96fb-402c-91ad-57f7258ebf40",-122.47862193173674,37.777362074290579
"2769d05b-9ca1-49e4-84df-98a830ed5627",-122.43706620482169,37.737471598982673
"276e5e52-dca6-44d3-aa52-ce05bac3c631",-122.41092500745391,37.795732515244666
"27811cce-a7dc-49da-adc1-5b24c18d1bc1",-122.39664572636158,37.758742413145676
"27a053cb-fc97-4c97-a449-c35a63a8c8c7",-122.4094565002337,37.723532289137616
"27a22204-9d5e-4b06-82d3-f3a548b10fe6",-122.4038015582625,37.75883834181888
"27a9b720-3fe3-4ea3-b1af-aeabe59f55b9",-122.42567308164195,37.745660262043465
"27b0d909-037a-466c-8101-be779671d2e1",-122.39689381531655,37.738180708658433
"27bfc317-d443-4f28-80c0-732c906bb5cd",-122.43166767900087,37.800707813725438
"27ca579b-62e2-47cd-b2f2-351f39ed05af",-122.42494289112948,37.755152130097009
"27cb4028-cca8-4e02-ad1a-8703ddbcbeab",-122.43589735197631,37.77465345195597
"27cba148-a3c7-49c5-8e5f-c5e853cdd25a",-122.47069926682336,37.75757631480603
"27f521e4-38b7-4505-a300-f282f0dfbdbc",-122.46197474608819,37.785037317495629
"27f847b0-ef96-4100-9c73-c187abc369db",-122.4830777498549,37.721194289116134
"27fdaf03-bd65-484b-ab9e-4c5d2a7111aa",-122.46735341320755,37.741075170079036
"2801a062-85c3-4dee-a5d0-8aada293abd6",-122.40983130060533,37.784912606101422
"28054c9d-0cb6-4d1d-a3d3-cec6448ebb6f",-122.49299511565908,37.761679553541057
"28177398-5793-44ba-9ca5-1df7926bd752",-122.44030273799649,37.775727062933719
"281e927d-07a9-46a2-a323-514576f0453b",-122.48367658325051,37.786748627084577
"2829d17c-d390-4240-8f0f-a0f1865aedf6",-122.41228669984788,37.786364827260883
"282a617e-a6b0-4d62-8561-44a16c5a24cc",-122.41062531792787,37.773616184253747
"28367510-59a1-48e0-9406-946bda743b97",-122.42233802141239,37.741538903044258
"2847ee06-faf9-4bc9-bd9b-fc850482572e",-122.41793332910621,37.733489175330412
"28525150-092b-40d3-bb8b-b998d37e7862",-122.42431538149737,37.757111602107038
"2854b1ac-f21c-4764-a735-5bd5869c94bc",-122.4157636005468,37.744882033620705
"2855f4ce-574f-40cc-a9c2-59378711c172",-122.41305381211225,37.796190928844574
"2863ddf7-6403-49bc-be0c-f976e03bcc9f",-122.38927146697974,37.76324597835189
"28713dec-7225-4cb0-97fc-619c9a1dbd29",-122.41882348895585,37.767620953637319
"2873c837-f1e1-42a0-84e8-35a6922739f9",-122.44139803105479,37.78843165247806
"28753789-462f-44d1-9259-441960476969",-122.42832498079949,37.7624914227906
"2886377d-c664-47a4-baff-c28d513f2764",-122.48945487466764,37.764614943067173
"288e7c43-9311-4086-af49-0d661a911a40",-122.4420980974555,37.7497722672739
"288fc467-c7ca-4699-a2e4-77b9f480dc8a",-122.46413277488668,37.783346338438143
"28a17695-7c02-4ccd-916e-9c801447ecf6",-122.39706612495831,37.763115997044935
"28aab95a-a7af-420c-aa0c-bfe6860b25a6",-122.44031527584359,37.777642127320753
"28ad679c-ebb6-4892-9afa-85c4c8405209",-122.39611807534445,37.76473192882235
"28c9ffb4-4f92-4fa0-8b0d-d6b156c5bb41",-122.39163137591089,37.77724197232854
"28d58119-8802-42a9-b8c3-21314c382877",-122.48197305824795,37.761864851806308
"28e16cf1-f2d6-4e2d-9e24-5b5f477fdf71",-122.47379825563522,37.77984844515003
"28e65f80-eaee-4a76-9378-34ba42483c6c",-122.44662791297299,37.710970007697526
"28ecdd84-edc5-4d24-a9d7-bca391e25d0d",-122.43930039591837,37.799847045192308
"28eef607-9794-441d-ab44-0344fe005a32",-122.38462409628377,37.738111616893264
"28f19408-7d72-470f-b51f-108178c1ddbd",-122.40608090960293,37.74508319886737
"28f5975e-c126-4624-97c0-eef5ae4d7d3d",-122.43513710509123,37.79878357186066
"28f8f44a-01cd-4053-8b4a-dbf2becd7505",-122.41187089890079,37.793353625727761
"28fbbf68-21af-4b8c-8bbb-0b2d556324ef",-122.42825098872019,37.773993694484453
"28fc1c47-be73-43d5-a490-f392b2588a97",-122.46857014228539,37.759815857733017
"29030765-1a73-4941-9bcf-3b5db024ae11",-122.41947074958317,37.787934197516918
"290c14f1-3193-430e-8d01-1ee2d5044eb0",-122.44037014240438,37.790340077538936
"291118ff-3c96-4bce-988d-ef004648d059",-122.40863266643504,37.782683898674094
"29153940-41ea-41c7-be01-80ea7a28f4ea",-122.50700627567571,37.758755020173759
"2916f5e5-be87-4b14-a7bb-69e4f7fa2670",-122.43987174561404,37.751836059792055
"291b336e-d9f3-41d6-b994-a0a16e2fe1fd",-122.43502391143879,37.798199971102989
"2920a0df-0fdd-453f-b53e-b0428b139abd",-122.4859605947487,37.7340709580134
"2923c505-5a36-41f2-987b-cb1cd8e3da8d",-122.45089515413305,37.746273252000478
"2927377c-7759-4f51-b0a7-8a87e7e9989b",-122.41450776016491,37.7759055119292
"294cad8c-b0b6-4236-a4c9-ffa0a9371a0d",-122.39831960254821,37.755938063127857
"2959d230-609e-45b7-8e6b-984a87d167c0",-122.45924900641828,37.778317041120971
"29623f2d-1da4-4acf-8ca8-9d0e4f6e1e3a",-122.41625214160298,37.759151477628485
"296dcb1e-9099-4988-b69f-a2f1fcd11222",-122.48851187141234,37.774603007509093
"29773ee2-a74c-43bd-b026-ab713d48ea3d",-122.40876907847803,37.805363811995257
"29853eb6-0672-4c98-a136-cf01fda3dbf0",-122.41341089559897,37.802146245493645
"2988a9a3-eab1-489d-8933-e9835d063522",-122.4214357061558,37.789978871321
"29a569a0-d421-4f9e-b45b-0f878c356444",-122.43814565204964,37.7619430401993
"29abcb5f-7475-4b48-869a-7ddf3daba928",-122.42446661885477,37.760418773453758
"29bd7fd3-10e1-402a-ae78-6e398598e042",-122.48520995626471,37.782114462683879
"29d07b3f-90ad-4686-81f3-4d16d8c4ef0c",-122.42445352415136,37.750355865539625
"29f5abd5-af25-4627-b688-f3fbf39569c3",-122.41900653438927,37.759646171549541
"29fb407c-03e4-4ac6-9c35-53fdf7db0d41",-122.40049672546773,37.719899894280076
"2a01663a-0712-4260-af09-5f0e603bca74",-122.41926339777953,37.754765790942756
"2a06488f-7be7-4207-a7a4-45f5b4f67518",-122.3963285810804,37.751817112250755
"2a0b6e4d-be23-44ba-914c-72ae0cb745ab",-122.41274137988439,37.804372060511447
"2a14c568-0b71-414f-9ad4-edca31adbab1",-122.43677720468568,37.722289096255494
"2a1abf3a-14bd-4de9-9811-af1062256d60",-122.41385886078184,37.751669539449821
"2a1dd167-f876-4f07-b5ec-2c9e170d854c",-122.42254384982064,37.7702425402751
"2a2ac861-6967-4ef2-888b-cffc5ab15d28",-122.43815872666579,37.7545870665497
"2a2cf9f0-9837-48b4-823d-45ff7327da19",-122.50545653876036,37.776819730863146
"2a3d2701-f942-42ca-a46d-53575916f72c",-122.42427411462717,37.790004244084969
"2a46a50b-45ff-4179-bf31-73e565faa0bc",-122.40443533654106,37.718251840119841
"2a486051-8fcb-4300-bf33-b46a9a5ae1c2",-122.40751425317353,37.76369375653637
"2a4e47d6-6248-468f-ac7c-212945e4fbb7",-122.45211289823762,37.731392173569624
"2a50e979-32f7-47e0-8a45-4db3974c60f7",-122.41876809303831,37.774247512371815
"2a52cdb0-8aa1-4bf4-83f4-33e9ef758223",-122.39175837072105,37.778411419263463
"2a5344e8-3612-4424-8ca3-6015a5b399b4",-122.46049627151473,37.741193203274563
"2a734a33-2f74-4931-8a84-67dcfce07631",-122.40783885251332,37.784812311593782
"2a75f72f-85ba-4ce7-a46d-eb0326f0c79a",-122.43274195498914,37.787207941043775
"2a9d0012-7d7c-4c93-89f2-2daaf3a8734d",-122.4738768925973,37.7614520463408
"2aa5a321-2cf8-4612-8bc3-bc9ed611f38e",-122.41868878895031,37.738356498489217
"2ab4a3d7-0ded-43b3-bb2a-95aba593271b",-122.43243958468136,37.722821128530732
"2ac16b20-c557-497f-a885-acf1dd2bc87f",-122.46827882861966,37.714648581783074
"2ac316e5-2bb8-40ef-a141-6b732a48f8db",-122.44632492791244,37.789549922986033
"2ac826dd-9ed4-4c41-b832-15e985fb3a7d",-122.41815623779145,37.800610743004242
"2ac8493e-c45f-4b30-bad8-4858dcffb63d",-122.46996871454728,37.764057765549296
"2accd62b-8d7a-4539-a566-1e40c32421cd",-122.39133947496006,37.731687825139922
"2acf9e79-102f-4929-bb55-889b330effc8",-122.44547020285385,37.785013815246934
"2ad4289e-5650-4c29-bd68-a5bcc727f24b",-122.43222946389398,37.78727336271
"2ad67684-ccc4-4ce3-bac0-d135a6aa3798",-122.40965406112393,37.783625156789988
"2ae37a09-041f-4924-bbbd-9a68fda8d528",-122.41662689973781,37.7415318329243
"2af091aa-13c6-4c20-9000-28de533f8afc",-122.417192177602,37.800485638955024
"2af28634-a516-489a-a8cb-9ec2c4bc675d",-122.39099128105511,37.711281444475908
"2af325d5-a906-4c5a-9312-f8e240f0ea6d",-122.40778491261045,37.73331560178287
"2af9265f-f11d-48ca-a637-71235905052a",-122.39300437658049,37.787681345769279
"2b01552a-cadf-4221-9bf6-76a61f4c353d",-122.41716360563954,37.767803840790322
"2b02a2ad-60fa-4a73-b9f6-e17a4dd93a38",-122.4903458702977,37.742020412250739
"2b0751c6-47b2-42be-b792-c21da5afa8b1",-122.49506038116238,37.764531456143956
"2b0924c1-841b-428b-a1ff-d810367dfa0e",-122.50425723869121,37.76081508698617
"2b11920e-3503-49ea-8bab-457d32781871",-122.46831078376974,37.709542597460768
"2b182443-7069-4250-ba01-233f1fd9b60b",-122.42391168737704,37.7928226104296
"2b1afd11-3ae3-44c6-b5f6-d104a6b92d74",-122.44336335062019,37.798476060636325
"2b2e71ba-45ca-45ba-93cf-299ca168feee",-122.49133483675509,37.74197686779771
"2b3533b6-9412-4e50-8d73-e3a7a76ee45d",-122.43106142176477,37.772708822891367
"2b39fa27-1b72-4db9-83c8-8071b337421b",-122.43925898285104,37.722228675990607
"2b40a03d-2725-43ba-962d-856281259284",-122.44438605441968,37.783011678926862
"2b4919f2-b972-42b8-bb35-ea217963faab",-122.424586343427,37.792584190693631
"2b5ea3fa-9d2a-4e68-80c1-b43d1634e77f",-122.41393994690553,37.794276427621924
"2b628a6c-1b18-4b8f-931b-4c63bb845621",-122.43081756453442,37.7419984980492
"2b64f1d8-126e-4175-b91c-9ddcbd44b1db",-122.42124661147271,37.80570326383183
"2b6b5296-29df-4b98-b3d6-3fa009fbb8c2",-122.40459028009319,37.72301133248628
"2b6d38e2-ddaf-4679-a695-4d4ba391458a",-122.40465052614147,37.78049183858834
"2b73b1fb-673e-4467-bbc9-2accbf3236ab",-122.41766093730325,37.794685763562363
"2b974207-59f4-4819-8169-6f22fa7c779f",-122.4393726329357,37.766173347822246
"2ba9e0f1-4a4b-48cc-a095-6a74b1183153",-122.43665235319163,37.749619053781231
"2bc8d962-c18c-4cd3-a6ba-6a20feb19afc",-122.42459018134203,37.77753815394685
"2bc9bee4-6c69-4d71-bbfc-3beac52ca1e3",-122.40979013281678,37.752397278877368
"2bd41ffd-3f2b-4421-93f8-547dbe383f32",-122.47661119648225,37.773440861047121
"2bd4eab7-dee4-4090-9b9f-2eb072c122ed",-122.42134630058499,37.799310185445165
"2bda1950-ffa2-42e8-987b-b77fa7d1b7c6",-122.43818050892834,37.734771546255089
"2be3d194-170a-40c3-af4b-3e269e25caed",-122.45708362629894,37.708233418015354
"2be7b645-1718-453c-af90-42ae3089dac2",-122.50110020704282,37.775989354607979
"2bf76b15-8354-4ffa-9469-a53a8819775c",-122.4274177939101,37.753056312016504
"2bff3be8-ec1b-4178-911f-92bde57c532d",-122.41835480997769,37.776707696391995
"2c019525-7848-45ae-9911-ba3dfc7c8c13",-122.42328474444173,37.757738946606246
"2c06963b-c920-4a10-9970-856fba732618",-122.46908779486876,37.754856914399895
"2c07a2ee-606e-465c-8481-31e635d1f167",-122.48020666193459,37.75446381529413
"2c1a7779-eff1-4186-a907-78ddac2acef7",-122.45116349523319,37.784981562986168
"2c20aa9f-62a1-4746-9066-34ec38935434",-122.44115586354717,37.756683491540372
"2c2b249a-ea9d-4f85-8abf-d9500f2afa59",-122.47928636496881,37.780772737202618
"2c2e15c5-9e2c-4e7c-9b74-697c730c42ce",-122.46705348940702,37.757534596820335
"2c31f87c-6f8c-4513-b143-a001e919092d",-122.40790324358932,37.782829932574558
"2c398873-74d7-4387-8b5f-d18ac15b5bd0",-122.45272606049357,37.745168989723027
"2c45fe22-bea8-447d-8009-f5a9a9af21b5",-122.39540956225686,37.774256996756
"2c485d42-1a95-4569-9876-82d4230567b2",-122.46344748510353,37.776873445297007
"2c567d8e-66da-4cff-bff5-84767eb04d71",-122.43451199292649,37.774212972188046
"2c5f6cf5-92cf-469e-adf7-064a04a63563",-122.40923387591778,37.732476258961263
"2c61b820-1963-4e55-a9df-dc54037390cd",-122.3896809604088,37.757314809232625
"2c61f939-c267-4773-91b2-9ae54087585b",-122.47452012485979,37.764684396996387
"2c6313e1-37a5-4051-a457-fcb49c68080d",-122.39685039874178,37.783128468574525
"2c668f3c-3a69-4eb1-9097-fd74dbb0f169",-122.4883424344368,37.776235531058333
"2c6e0ed4-a47a-45f2-af8d-5db60cc519db",-122.50316531782569,37.759337406488704
"2c6ea298-1d65-49eb-aa12-044085efcc34",-122.48361275346669,37.756461014418434
"2c7ca063-676d-49aa-bb07-ce1b2c2defbb",-122.39015541788203,37.758722330897776
"2c81a55f-9a7b-4e92-9d79-595b956f6222",-122.43065832192343,37.749490991433404
"2c84f3ef-9205-4df2-929b-9cab25376ac4",-122.41833368206547,37.799795998926335
"2cb3b25d-e7ae-42d5-bdf4-167c7ea8ef9b",-122.43621756042064,37.765312211361312
"2cbb5d8a-8cdd-416b-bfff-69d32a36d49f",-122.42546683058639,37.747077790855563
"2cbfbb86-b6ac-41c1-acb9-bda709df65f7",-122.4730385325081,37.758896420678241
"2cc23f1a-21f4-4a56-96a5-7a14e5e32a2b",-122.42498687519577,37.757874306778476
"2cc78ed6-b5e4-4b64-bba8-f195a3d0fcaf",-122.48246194204147,37.755326062669155
"2cdb7004-bf41-41c0-8e2f-67d0bc51a285",-122.41813056632957,37.763149415232824
"2cdc96e2-ba7a-421d-8dac-7d9890e1860e",-122.41959747100066,37.746280837570716
"2cddf82b-e2df-4bbe-8f20-cfd78e21623a",-122.49404652453315,37.773404768038077
"2ce44d7a-8330-44e5-811e-2a7e7ab13b79",-122.44428648144242,37.727070193925954
"2cec3a97-b3d1-4e68-8fa6-f0b53db531e6",-122.44070116588604,37.792139303353629
"2ced79b2-1843-45b8-89cd-9ed9d1258503",-122.41226024076488,37.796837566423434
"2cf73367-0607-49df-a16d-217f33bdd038",-122.45459852512971,37.712749597857794
"2cf9302f-ff3b-4424-8cc2-292f5cefffd8",-122.41714923080788,37.75383537515696
"2d01e577-00aa-4e3c-b89b-591cee761340",-122.39322751897849,37.7790710897695
"2d0382d5-ddc4-4d33-bb67-fca892b577b0",-122.37690386811842,37.732174420748976
"2d08bb59-3223-4669-802d-02e05dbed2ad",-122.40818134535441,37.802201285047794
"2d0c78ec-da84-407f-ab7e-468450da10e5",-122.46745049742869,37.78201081274451
"2d0f15ec-0b44-4e92-8244-50a4431ffcc0",-122.43766901588427,37.755580544535263
"2d0f560b-9ac6-460b-9e4f-5a5e4d8d9ee1",-122.40465052614147,37.78049183858834
"2d11c304-1bba-4ffe-ba14-7eed4ebb9bf8",-122.40406330501767,37.762421946720956
"2d18a375-773e-42b4-85be-7a8c8b3e0c95",-122.41872825195064,37.761178634184866
"2d29bf1c-263f-44a1-a1db-051e9335a60b",-122.4126937364654,37.754995695186381
"2d37d9f9-5603-4e36-8769-98aba0cd9704",-122.41902834340998,37.742222110943771
"2d394f59-8cf9-457a-9ccc-b36af7a4a600",-122.39091782830795,37.729728249712238
"2d3c77b4-2be3-4ea4-a1ef-683a9c9b9d5a",-122.41947147267233,37.772622050341596
"2d424f1f-60ac-419b-9cfb-4cfb1803cb2f",-122.42334720960532,37.772913999525883
"2d473da2-fc1f-4f85-9eed-501ca1b3d7e7",-122.43080540768375,37.765065627658423
"2d48760e-c920-4716-91c5-5f3210929b3e",-122.42863088746014,37.80015751325741
"2d4bcf5f-8782-468e-8654-05e3f3deb7fc",-122.39267850841648,37.718358536684065
"2d4c98a0-07e1-420e-bc87-095c43251816",-122.45591603135591,37.72438668033957
"2d561929-80a3-4acd-b325-b32e9b7edacc",-122.421213365786,37.794618984267686
"2d5751b4-d45d-4252-9fb1-d686fa87c140",-122.45526614964963,37.78534806493623
"2d6207ba-b0ae-4f74-aed3-75d53e99ce4c",-122.4352938059164,37.757823566754979
"2d626a80-ca91-4285-9525-21506af9c6f2",-122.42609235989188,37.789387742188474
"2d66dec0-7cf3-4282-8828-1b5f5888d8fa",-122.39205838155884,37.787452020960707
"2d79f08f-ba1c-4ae4-9242-2e678573d87d",-122.42451949148371,37.762649461712677
"2d91848c-1409-427c-8736-0f63eebcc4a0",-122.43904187842271,37.796732653283279
"2d939917-7e01-4a72-91ac-9bf076490c7a",-122.41199230833389,37.741988564965872
"2d97fa30-ae38-41b2-b73e-0ae7195a6239",-122.42843834444167,37.775325163139833
"2d9b0415-0743-42e7-9f95-5d1817a7e0f6",-122.42798435658449,37.802919001496271
"2d9e08a7-7c77-48f1-93ca-347f05f0aa3e",-122.42658036353173,37.738974149071
"2da215b9-812c-4cb2-93c3-6d87d8d98bcf",-122.4372609777899,37.800209912109374
"2dabe1dd-065f-4f3a-bd9e-8d5fcd46e9b4",-122.41518964138527,37.7982542016624
"2db67668-6256-47c6-968c-de581f88031c",-122.43637826603099,37.735366761785556
"2dc03427-bb2d-41a4-86ad-e4614935ae5e",-122.43084490079512,37.771194929515872
"2dc7dd5d-e3a3-4c01-a919-a6097c403931",-122.48834286062173,37.78559483293671
"2dcde8bc-ace8-49bb-9997-bf0b79635d7f",-122.43253221902249,37.786275003499441
"2dd17a5c-4971-42b8-aea8-e59abfbb37ac",-122.42730971768073,37.723483011074926
"2dd75a56-e920-4ed3-9194-a4835d960d34",-122.47595725578383,37.784405247590989
"2dd9f798-ab91-4210-8d0f-af98919c7295",-122.41400482799204,37.786144904158881
"2de68b1a-b8d3-4b7a-ab0c-3d5a156b5130",-122.42295644354741,37.744815736463842
"2de74c8a-b7c2-40b9-96b2-67d17989607d",-122.44489336784136,37.804933248573853
"2deadbd4-49d4-4008-b2a3-783bf9309f5d",-122.40691842909325,37.800103124770978
"2dee0673-f6d1-4859-af15-1be1cdf021bc",-122.41409125330206,37.776242416907806
"2df17f2e-aeaa-4816-ba4a-96817ee0761d",-122.4328562870805,37.79598964487905
"2df572ec-328a-48c5-ad46-2850897d9fe1",-122.39120245332595,37.778850859716272
"2e0ae00a-4bf0-44e1-8549-bdb6db684f1c",-122.41172702044807,37.75777085533587
"2e0c5d2c-0f45-4688-ab01-8df76ef3d25f",-122.45570459843553,37.714771355404757
"2e17b612-ef32-4ede-9934-97d36be0e4e4",-122.4096591835348,37.798755041732704
"2e190ba2-8b28-4e76-8962-caffe616d97c",-122.38806339893745,37.735337464757109
"2e232378-4955-4ed0-96da-2ada4c4e9397",-122.46553137794868,37.759949206367018
"2e25f0ff-f12b-4b3f-a279-cd358bf2ebc8",-122.43421727551754,37.738080414014981
"2e27db2c-795d-419f-b78a-7bcf883aa014",-122.41544507625761,37.736755278989335
"2e45a8c9-5ec0-472e-96dd-78363062d972",-122.41451483757147,37.733330564181564
"2e4f309a-0821-41e6-8301-f66f3c42d996",-122.41501354210889,37.784105729228564
"2e5352fd-ad6a-4ffd-9700-83062701dadc",-122.51099341312425,37.774426944631855
"2e537778-2e7b-4e7e-9aea-103ce16dadf1",-122.43954678064216,37.71355434788213
"2e5ad1f6-932f-42db-993e-92c0fc995756",-122.39664572636158,37.758742413145676
"2e648839-8a7a-4a16-8cf2-9d51aff07922",-122.4037670790392,37.762051492322442
"2e7f8f01-26b4-460f-80b4-a36d9904fdbe",-122.46621571124054,37.754996160888794
"2e912fa4-dbed-4f5c-b5ce-2a134156a4dd",-122.40101371098376,37.728502906223135
"2e982115-a013-4499-b015-521104b9c75a",-122.4495569479202,37.778186071372
"2eaa024f-6f5c-4910-9a6d-908b48fedc21",-122.47358827637156,37.782980386604919
"2eb3e4df-8d18-47f9-9045-3138055c40c4",-122.39981059931043,37.757680640018357
"2eb5899a-bfa0-4732-a579-ae09f528f87f",-122.38532660705714,37.71863862810627
"2ebc8ca9-ebf9-4a57-ba2e-2ece71165d9d",-122.41318041155424,37.8017564338556
"2ebf47e3-3864-4ae3-9ae7-b6ce120fa04f",-122.42512043144431,37.771923627156923
"2ed1a9be-305f-4746-8ed2-caa52bb8d802",-122.43464995874722,37.718992081190628
"2ee13150-35bc-4cad-8d55-68dee80aaef1",-122.39845747751014,37.732202626086327
"2ee67d6d-7c73-47e8-8b07-a053c6a44d90",-122.4785830673938,37.778618053424786
"2f1ff1e9-8634-4574-981f-570efed69c70",-122.44588537915952,37.71228047620243
"2f235b7f-e292-4704-be4c-b3852a681fe9",-122.41662993917699,37.746505535216571
"2f291dd8-4852-46b7-8313-bee9aa43394b",-122.4365199986551,37.736140575145932
"2f4ca4e2-0c9e-4d25-a1ad-7c4d89479f2b",-122.40299038282188,37.719541246995306
"2f51f44a-8106-45a9-9d21-5653c746ce34",-122.47826554438338,37.750889400904335
"2f57c1aa-2876-4caa-b21c-6d58e2a34cbe",-122.48395155647431,37.742796856261606
"2f5b7394-e154-443c-a145-d91b2e8a8ce6",-122.38603680176587,37.729461117522533
"2f645423-eabf-4147-9a7e-57113f2273c5",-122.45402772196005,37.717171819692538
"2f6544c1-00da-4398-bf05-cb29ae79c8df",-122.43491771214426,37.746782852504914
"2f6e4d17-cbb4-4172-a240-7b5aae731a53",-122.41080375583628,37.753928406442114
"2f710de9-3faf-4b58-926b-8cb92facc9d6",-122.43707187391563,37.76622343075627
"2f7ada27-71c5-413d-9626-f1a99e1f92d0",-122.41273797190418,37.774105197180994
"2f81fad3-60d7-43d4-86e8-31596f94b610",-122.49844621176986,37.75933955498801
"2f842c1a-a6fb-4d2f-ae0f-94ba16e4f1c4",-122.46423375289669,37.7877423282687
"2f8ade4c-81e7-45be-9dd1-0014e2cf655f",-122.47277092526791,37.777864787846568
"2f8b9f48-9be6-4578-89ab-a0d27b8d4439",-122.46795178163224,37.719954127474352
"2f925611-6879-496c-abee-be2c517eda09",-122.44215183923724,37.754298421611963
"2f9bd701-5266-4a1d-9d45-a63aac261578",-122.42014869196821,37.784463000084351
"2fb53f69-becc-4443-b4b1-62fe03fceb56",-122.44265694610345,37.792638023622594
"2fc969e3-0649-4732-b75f-cdd371c0b64b",-122.40424463985732,37.789298968989016
"2fcc5ec4-19fc-46a9-adc8-fc6a8715d655",-122.42367155061908,37.768138850494054
"2fd05ab9-b9dd-435d-a16e-7c1b83553983",-122.39664572636158,37.758742413145676
"2fe25fb4-f475-4fa3-8d27-39e82715ac3c",-122.44345423882228,37.775811385976411
"2fe679bd-dc97-46ed-88ec-93957761e5e3",-122.36953712620168,37.72717814420394
"2fea31af-6b7f-4fce-b6b9-c275111e370e",-122.43568556879544,37.743537793242936
"2ff84824-5315-4448-8dfd-c96d776a00e4",-122.43071728041537,37.758252433271082
"2ffd82b6-a511-4582-bf80-544643f3e978",-122.42072625333982,37.774676434397776
"30000688-6a75-4240-a125-274ea51eafdd",-122.4155924842841,37.799376351568817
"3004699f-fadf-4087-a2cc-149c6bb1c06d",-122.40430994189866,37.778309721840415
"300afde6-c40e-42e1-9d07-10a9883dc846",-122.44383225944263,37.781453079256707
"30143d7f-e080-4e05-9be7-d7630b7ece63",-122.39089566197418,37.717556784636358
"301d275d-788f-4066-86e2-30a035c5e4d3",-122.43677302515921,37.775601997582079
"30232263-03a9-4b51-bebe-c40c0360740a",-122.47055897692063,37.761597786596241
"302908cc-3370-4a8d-9b13-344d1403cefd",-122.43891182141643,37.761828537627274
"302af362-f8be-4c70-a4b5-6d7fa40f1664",-122.4478945609721,37.7658270526867
"302e2f9b-4ed2-4fc0-a4b7-9f32d5b1d9c8",-122.43269714392659,37.792185721628407
"30389c06-eaeb-447e-ac99-ee9b27357866",-122.46872836405511,37.781403444119277
"304dfdad-ea87-4f2a-918a-d529d14c2e45",-122.40929659072371,37.744748283913822
"3062c44a-15b4-435c-88fa-e131ba8abe58",-122.44410376257265,37.803736763605713
"308464ce-0846-4c8e-b6e0-05595804f2bc",-122.41695115832211,37.773398227698749
"30879d6a-3f9a-49c2-9641-6fa05a21d6f8",-122.39848325180286,37.764176472784207
"3087d444-6957-4d59-a9e6-97fc1a7af27d",-122.41312773793997,37.741685909427453
"308a6af8-63ae-4f75-a2b3-7149386d53de",-122.45009605815261,37.759203947756347
"308c5a09-fa58-458d-ac41-a84e51bc3301",-122.4336786857603,37.720653546283238
"30956e64-9904-4331-b1f1-b44edcceddc1",-122.40258437596069,37.785961428476611
"309573a4-7017-4935-9bdc-9413009e2671",-122.41713981535565,37.755621810418944
"309b8077-546f-4693-8ab8-c406fc6eb6db",-122.41881584702936,37.74544056660384
"309d625d-d618-4ca7-a734-b3f3b72968af",-122.4859180833581,37.752685150746011
"30b03299-2e4d-484d-b113-6ec26d0409fc",-122.48228798228179,37.743420105295669
"30b9d8b0-b32b-4bb5-8492-2b63e2317cfe",-122.4095155771202,37.797920920323342
"30c95b04-740e-4e69-a53e-b0af2766bdaf",-122.4085041496422,37.714749969298552
"30ca062b-c290-4122-8c9e-f11cb64dfd6c",-122.39782616096319,37.787906537007025
"30d8e330-8df5-4505-9d8b-d1d461ae30d2",-122.39029660602775,37.789376774421854
"30dc6262-fa30-49bd-9ee7-ab05f205be44",-122.41722165087519,37.735476695410654
"30dcbc03-337d-42a5-bcbf-9edac83957b0",-122.48001308520303,37.778483402387778
"30e726aa-2a9e-4dc2-97e3-d32f431489eb",-122.42870680171988,37.721457968785479
"30e93099-9cb4-4adf-996a-f01e39e9f490",-122.49512207286571,37.729451495709029
"30f3c6a9-0cf7-46eb-b7c3-f8de48568a9f",-122.50103962089405,37.775157551193011
"30f76e70-79f6-49e9-a1f4-119950276913",-122.41280595158658,37.744674404650127
"310eb1bf-b9d8-4843-8786-6cb9cd5d3ca5",-122.50447364467482,37.778053158485683
"31123cad-dcaf-44be-a99a-7d086c419697",-122.43837141766883,37.773111303005869
"3112814b-f589-4ab8-a123-4915e3f6d2a5",-122.49426252471353,37.776374119303725
"3115d781-edec-4998-abee-451742b6d245",-122.46597493537784,37.76443946925977
"3117d434-58ae-483e-8930-3e65910252c0",-122.44333358994446,37.731430238905546
"311bfcac-8c5c-4156-bd62-9d860f283783",-122.47384239638731,37.782899913840616
"311e8999-0ac0-4da1-ab10-77d73b28d8a2",-122.4022307475676,37.733540262469027
"312446ca-d97e-4477-95c3-e166bd1aa5ce",-122.4193743461951,37.793051795574407
"31279af0-9421-4919-a5c3-5ca871fb4dd4",-122.44068138102983,37.761554679937944
"31380651-f5a1-4450-a943-fd2b7ba550a0",-122.40503962801566,37.761627526807516
"31438edd-c61f-4b12-af92-05869512b220",-122.45172401673999,37.7870472427319
"314ce84f-459d-43cb-afef-5639b88efb03",-122.43970947806061,37.763841588364677
"315241b0-ed37-4905-9ab0-eddd4a89d653",-122.42929639003795,37.754889460781456
"315c48c4-8b1b-43b6-bebc-de1333cca6d7",-122.43110314485101,37.772367892802848
"316d2021-af12-4a10-8d0e-05a58f881ef6",-122.42006837697126,37.775024387930017
"317b28fb-5a2d-47f3-a45c-efa2bbaff946",-122.41592854962458,37.756948022928363
"317ec4eb-e5b0-4f13-aece-1c107275d406",-122.41615288972315,37.781879411305276
"3185d175-dc59-4ffa-8de5-18b3a38dbafe",-122.40724808263735,37.743742286483766
"318bfddc-1d7d-452e-8737-cc6eb8ab9463",-122.43969569033284,37.775314010536114
"318ee450-ab0a-4276-83fd-0c7f83d83a7c",-122.43859922826472,37.774984985475406
"31a21bf1-89ff-4280-b0bc-53f7a2150e94",-122.46539231871726,37.737334813481858
"31a64384-97f5-4ac2-8428-edde2d599c8c",-122.44074311914778,37.749195408990211
"31acf0f0-51a0-43d3-aa2d-2bbad5935595",-122.39662313070448,37.758506909763454
"31af4b5f-0fe6-4b19-be7f-54e0c0232bd8",-122.39344340662836,37.785824088085356
"31afc034-ea95-4710-a44d-e2f158b39069",-122.41676989417289,37.782543210659306
"31beda7a-5b37-420b-96af-864ee7138387",-122.4098719409341,37.75544104503841
"31d775f7-0d52-4894-a3a3-010ecac7a1dd",-122.50523391340637,37.758200748653188
"31e5891f-71c2-4eec-81f6-794d61658a9a",-122.45912510830834,37.712926516218488
"32000f42-8e91-4684-8d28-5299bd0be565",-122.46661568734409,37.7790891718224
"320198fb-d2c2-4a7a-90fb-b2d8b31adbef",-122.47797362131038,37.762110444497893
"3209785b-0d76-45e5-92ac-de9bc8606c39",-122.44536843372012,37.757410725843584
"320ee2d2-a2f7-43ae-9fef-1efd486d69ae",-122.42179726562232,37.741251225054739
"320f199e-a747-4b86-b967-057ac102885b",-122.41261009404782,37.799251772559145
"320f31ac-0efc-4dfb-9df5-a0fb4983ab65",-122.48176500375122,37.761380235804985
"321092fa-2aff-495c-94e4-fd94e69121b1",-122.42936370223384,37.761693267334792
"3213bc5a-9880-4364-ad15-fa7d6908b227",-122.4377857138826,37.733716306960879
"32178b9f-ec60-453a-9b23-e0f949eddf91",-122.43046341908473,37.800119156462209
"3221f77d-435f-4612-a6ff-f2d64fff21ef",-122.41628098132101,37.737078955035912
"323b1857-e03c-4986-a6b1-53434fa0bf9b",-122.44971864432158,37.787004265504535
"323fe611-e779-43fc-8b92-07d80129e24b",-122.44978798972085,37.769982655902744
"32474a4c-e165-4295-93b3-22418dfaf5a4",-122.44120580176855,37.726384552726124
"32528a1c-bb01-4ac2-a89f-5feb98ed6a69",-122.45132457127677,37.740914601825487
"3252d336-1cc1-4062-88df-617c31baada5",-122.43643114214845,37.75850589492245
"325d8a0c-8c48-483f-875e-04be7d9855ad",-122.42814264844576,37.7744103554313
"3266916c-801e-40c6-b76c-ee58c4a60896",-122.42672181248665,37.775734539694938
"327dc345-6c83-4af5-8f79-e1be65ed6840",-122.39086695520898,37.781038658612637
"3282e0db-954a-43e6-94f4-2fb43861ef3b",-122.43074061702337,37.720217165397813
"32887d92-6ee5-49e0-aa3c-8aaf7d1373ff",-122.42000766983237,37.767082541908827
"32939fba-acbb-43a2-a29d-e7678e0788f6",-122.40830337352239,37.745890960383512
"3297e6f9-4cc3-4ee1-b79e-8db5ffa6905e",-122.43324504724876,37.751432677548323
"329fb98c-45cc-44ed-8445-730f3040cd10",-122.40910160324036,37.754031208715261
"32a15a4a-efe5-407c-b3e7-bd805da69252",-122.44514956188884,37.759557082871375
"32bb503a-6353-4e82-b530-753ac9946567",-122.48456573508282,37.782144181369659
"32c2eeb4-196b-4e44-9b16-47fdf2d25378",-122.40044607541782,37.738310207211484
"32c3acfd-df8a-4dc9-a837-5e6498d34dbe",-122.41566432948319,37.783071893797569
"32c55687-9230-4dc3-bb9a-06eacb0f188e",-122.44774687217411,37.76811991583817
"32da4e8e-5f9e-4de3-9216-6222e9483cbc",-122.41900653438927,37.759646171549541
"32e08015-8d09-4a0c-8bf2-647a2aeb4296",-122.50760158491181,37.755434063714844
"32eea906-d239-46a6-ade5-eec13b346c91",-122.42236362300133,37.801889907904339
"32f374e7-4f49-4565-a86d-079eadc4f7b2",-122.45958416548639,37.784818055586285
"32f84332-e2e9-42c1-965a-ca3b2f5392c5",-122.42028481286023,37.743917114716716
"330f0a9c-210f-4579-bfa4-035f7429fd5b",-122.41095372442354,37.747862933847166
"331dfa84-afce-4f3b-8c97-5b5bdd388c49",-122.46374318006991,37.7852195430105
"331ff7e2-263f-44fe-baa2-b757651a150f",-122.39557440888544,37.786593399449394
"33237760-dd93-4499-9061-41a4274c6e61",-122.40495133525624,37.7937577641339
"33242f18-c05a-428c-8ce7-9fba4bdea98e",-122.42964829067608,37.756787036053794
"33299326-b03e-4de8-a76d-a3bc04b745f9",-122.4316928133515,37.712393560319057
"332ecacb-662a-4d53-8d23-08d77e9da032",-122.44359533264415,37.791770999423512
"33301bac-087b-4323-afdd-2ebc8546cb1b",-122.39874990780031,37.7514998431071
"333c72c0-4c49-46c0-a791-57b6a61d7dfd",-122.41047932432282,37.752345235312596
"333d1dd3-97bc-4dda-b8f9-8d6b16e2f814",-122.47512538027345,37.786586020504117
"334d45da-ee4c-4512-b292-a500b00dca50",-122.44980981670759,37.78336142556158
"334f1f90-6a18-45aa-9810-bacf6e2b4fc8",-122.43767250367131,37.749557378949262
"33504c2a-20e8-4a6a-b026-406c483701c1",-122.41134432408035,37.797399906630389
"3351b45e-3594-4120-b2b9-8b7bd33420ff",-122.42942415070679,37.75970586027033
"3356b368-b737-4c21-81e2-652086bb8634",-122.43823546959543,37.798173814953117
"3361492e-fc9c-4442-8520-a2f37b56f82e",-122.49440856218229,37.778381557462929
"3369db39-905d-4437-9e14-41b518d031dc",-122.42374583985404,37.75530936980919
"336f63b2-91c5-4b5e-89c7-6f469b5418a0",-122.4424541552906,37.763749264907396
"3370e881-c2ef-4ec3-841e-f4fcc25fd0cd",-122.41477699753858,37.737296530624619
"337f6005-9392-4425-a694-92ebe4c16f6e",-122.45551091425098,37.775698135350133
"33805c2c-3734-480f-a972-46cc65bdadec",-122.47795613606257,37.782995836760549
"338b2911-cae8-4940-a040-afb0cfc3eca5",-122.42368850842347,37.777856065474644
"338d29fd-5ed6-4577-b74c-403d8372ae45",-122.40118971926526,37.755442991853378
"33920a63-8672-4682-b742-8a0cb40bee6e",-122.44620316390707,37.792193626966913
"33934a6b-431c-4d32-a873-08cc6578b924",-122.41682712410839,37.792990648301164
"339deb51-c443-4718-ad20-fe8bb564b587",-122.44166510859242,37.751727017217796
"33a2c8ba-2a84-4b82-b1e9-b29f75a0efcf",-122.48016659326282,37.785576088594304
"33ad4df1-37ff-4ca0-95cd-5bffb2cda5aa",-122.42196386335704,37.777741368201617
"33b1385c-25a2-4308-84cf-9ca476923889",-122.42030003348171,37.757273457404132
"33c01bff-12a3-4611-80b2-886cf3b9f626",-122.46384212648518,37.78682202930721
"33c137e6-186f-436c-8ac9-ccf6e5c84288",-122.45049578600489,37.742951108168469
"33d21943-f371-49a3-baba-ff85bb47fb7b",-122.47438633667154,37.7845426674407
"33d53d85-d00f-4366-8e51-555b2a73c6b2",-122.41248954544524,37.778138948226157
"33d5fe98-419d-462a-a4c7-99162a492dc9",-122.4000939189068,37.755027122746377
"33d8043f-b5c5-4024-a2c1-77aab380ca1f",-122.43529297599588,37.759430580908742
"33e928c6-7e9c-4539-8c48-7de392d29af9",-122.41386225347898,37.784824264504373
"33fa3908-c8cb-4e64-986b-90d39db96635",-122.50277171210506,37.741472691830921
"34035f34-1475-4765-93dc-52c45a0db764",-122.41664145240837,37.771861737959561
"34095c3a-b4dd-4ebb-93f3-0157a330d8eb",-122.4942864967723,37.772224687224316
"340a1fec-6b19-4e30-b80c-fdc3ab0c123f",-122.45968737460927,37.784375818349126
"340bce77-4a3c-4d5e-aca0-2e1db61c0eca",-122.4338000954242,37.777970828336535
"3415a1bc-2940-4aeb-a74e-9042db3b0f5d",-122.47101551889911,37.786695284990856
"34164453-64d0-4d7b-b81a-3a333284af04",-122.43779587092861,37.797169347518761
"3419c01a-f078-424e-9e33-d16134b1ae54",-122.41779458757358,37.7634451316158
"3419c6ec-3fdd-447f-9dd1-2240ccfc0b24",-122.4753008132688,37.731362631720238
"341a51b1-22ea-4d65-b4ba-144c72b6c62e",-122.50531168606111,37.745171808590953
"341bdd40-713e-4d5b-8ee5-c6f8fd249cf1",-122.38382835209872,37.728545258603233
"3423cbc6-ed22-4eae-b7cb-c8b9236704f0",-122.4106393601981,37.774695275119306
"342b58bb-92a0-4251-a03d-2b6b81659e25",-122.40642864967251,37.733037491854425
"342f4b56-258b-44a9-a013-6a4311e58957",-122.4318232805855,37.798607089514029
"3437619c-04b4-4962-a977-5d061dd3c88d",-122.42718706406679,37.802446808709796
"343e9bf1-9405-4851-b82e-712d49ea1b69",-122.45018108797086,37.770002063270319
"3454835e-858a-4a85-a1d3-24b924aa38b2",-122.41864715929323,37.755891924872962
"3472fa76-46ef-4d91-8f78-4dc85aee501c",-122.38480361571675,37.7278160974038
"34756099-3f52-4a29-bad9-84a449bb1e3b",-122.43183902066262,37.736387632325929
"347ae572-cfef-4eb6-9bac-1865fe11ef9f",-122.43405986204412,37.795921119552787
"347cfcef-c83f-4779-8c09-46f41e8c3940",-122.42286410853988,37.74683449827269
"3484a552-fd0c-4c88-b3a9-0c02639073b2",-122.50062481701228,37.778571998178052
"3488e90d-d3d2-4c0a-afc5-c4f2a3d285c4",-122.41182005380858,37.785468177974387
"348d0ba6-e681-4e86-a9ae-8e6b796dcc2a",-122.40692611365598,37.776666751427406
"3497e5af-9116-4343-bee1-d460d9ba4f8f",-122.47794621173765,37.731046012545121
"3498391a-1b91-46a6-8cc4-ebef39878400",-122.41262688303188,37.752673293549186
"349a43be-5aca-4698-99a7-63a78623575a",-122.4187839715929,37.787069062294691
"349c7d5d-cf21-46eb-b7b2-4163619869b1",-122.4956618953105,37.734267773523051
"349dffd7-fc86-43e0-8c8e-11b2eb9d8a59",-122.39353896636517,37.753085400220741
"34b50262-4f1f-43f5-8eca-e565bc9628c7",-122.40733130653179,37.733856528416645
"34bbd882-bf7b-4bfb-9ce8-e9fa11e16ae5",-122.4056584883146,37.779694274411064
"34bd7659-c083-4bb5-a6f4-6b4b5b2204b8",-122.43427047583845,37.798793685070883
"34c47ac7-76a2-40c3-857a-821796ff55a1",-122.41790979681853,37.7681068156407
"34d70344-f753-444c-93d4-2fc2e05ae2d4",-122.39709956565129,37.780794590013606
"34ddf64a-a0e0-4691-8c54-dd5e958b4173",-122.43304424281708,37.795965758397088
"34f10c06-0fe3-4629-b0b1-0e3236bc20cf",-122.39250402787596,37.737851323002339
"34f13ba4-71f1-469f-b649-4ae3a20adf63",-122.46772725220767,37.7552907481881
"34f46224-ce24-43d5-8a56-094ac0eb9a28",-122.43423258784834,37.7379522372286
"34f62b95-60c4-4e8f-afb4-e5b2bbe578f3",-122.44303577725105,37.80162758592575
"34f9bc59-19f4-48ae-9e1f-cb31694965ee",-122.40724827771201,37.753548194256318
"34ffee11-1670-4bcb-ae47-5bc26899f354",-122.44240454405369,37.774955781817177
"35038dae-0843-4f48-a003-8db42711448c",-122.45346450136867,37.735447253831268
"35170f09-c581-4ec0-bdec-ccd722b8f6af",-122.46086689305827,37.728561408178244
"351a8cb8-7a73-4fe8-af52-a99d3d12a552",-122.49803753273676,37.77766292132408
"3523437d-f812-4d28-96a7-de07dbf96965",-122.47920633914538,37.764339714949877
"352f2d14-211a-4d3e-91c2-6b16da155d10",-122.39506780887837,37.7589368710301
"3531bdc9-d04c-44ef-9f68-f8abd78655f5",-122.45209770055881,37.768073588843436
"353218e7-095c-4361-9125-5f3a473c9cce",-122.45188974723385,37.765649277329196
"353e0735-a692-46a2-8a58-99bdb6299853",-122.39052014473675,37.77990974024874
"35433301-fea0-4a3d-8be9-f3b4e4002dc6",-122.43248416415531,37.722762304986809
"3554e259-2bdf-48ec-a2fa-986e251fc7b4",-122.41740807056664,37.801902790549036
"3557762a-f086-4628-a6d9-6eb6babe7bdd",-122.4517397542847,37.708704452629732
"35610fb1-e3ea-4c47-b2f8-1b8176773579",-122.46973232865395,37.743781090651574
"3563ecc5-9568-4fa7-b4fa-317d0393aea2",-122.40899770624212,37.756553493075224
"357cc77b-6c4a-4e1f-992f-d1f8cc6115cf",-122.48992901528224,37.748625522206524
"3580aa87-2425-447b-b385-209e3d8afd0d",-122.4278618712523,37.800472707503943
"3584ce8a-c1da-4ff1-92fe-ce191dfaaa54",-122.44168758988513,37.797352095968307
"358e43a2-da92-48b6-8972-b40b97463c9e",-122.4936155503804,37.755180125626104
"359ffc18-e95a-4b2e-8a0e-be4502f36c54",-122.39062712439662,37.753478106062573
"35aeb5ef-890e-4d0f-96c0-b3c3819d9d1a",-122.39135793753988,37.73504401236174
"35bb4f3f-df33-46c2-af36-913000894a1f",-122.41158819310273,37.790280840628114
"35bca4b3-4587-44b7-a5f9-6338d5c97ace",-122.40688414640334,37.800631745336553
"35d17297-8b91-4c10-b07c-5a0654d01deb",-122.38918533713883,37.762380826964467
"35d545e2-3276-4049-8a6c-c33cb997b728",-122.44049876610293,37.756098727507187
"35d6bacf-0337-45b7-8458-83728e706ee5",-122.44034661066307,37.7777980707644
"35d890b4-4aa7-444c-9384-17c20a8afcbc",-122.41452491234277,37.741431317890232
"35d98537-b624-4f3a-848c-034e4d39f28f",-122.42038865923087,37.799398715072556
"35e3ff5b-f2b1-4e24-ae40-0b528c26331e",-122.41532287813178,37.7233965601395
"35edee07-3b98-4cfe-b138-77665785211f",-122.40895057226038,37.75244725260751
"35f73d3b-192f-499d-845f-d0dabd422590",-122.43773492888826,37.731721903047983
"35f83704-52d1-4523-ba5d-a9c472bb1a03",-122.43568124298088,37.771537172434108
"360c0ef6-21ae-4b00-a755-4ee75b8c8a96",-122.43961663758402,37.766376107619529
"360d8170-d5ce-4c9f-bd5c-66e4ecde6f89",-122.42258219748135,37.742426798423288
"360f8314-cd81-49da-996e-bcc617f2ce41",-122.42403326812514,37.788653109808813
"36116822-0f2e-40a6-9e92-7eb891cc3027",-122.47656808191265,37.741982811657607
"36129599-0094-4522-a0c4-06d987d706c0",-122.40876410367714,37.774518400199
"3619b110-37ef-45c9-9fbe-4d3a04a7f31b",-122.43656970550018,37.720236664781254
"361df981-d238-4d22-8e4e-b49db6cfeb8e",-122.43401374392536,37.725940309483896
"362349bb-3ba3-47ef-aed8-339661d79e2c",-122.45453597890092,37.781724087783275
"362ae551-3e70-40d7-9eef-e1e7db66d32d",-122.4388075722093,37.7558392012572
"362b2eb8-1920-4077-9b8c-402175a73489",-122.41021938370147,37.774070867976754
"3637e344-5169-4cd8-b014-202d4fdf0842",-122.41457440109447,37.7943350319847
"3639d6db-27bc-4c2a-a6d6-e649560b12fb",-122.42745153568504,37.726546254313263
"3640a4f7-8c33-4fcb-af38-43ecfe15f550",-122.44387769076094,37.793634434570151
"36476c44-8cda-478e-b57a-b73e8da9f165",-122.4074177069317,37.777549070617404
"365ffa07-d058-4cce-8fbc-0e33adb75143",-122.40175699310926,37.761541916698491
"3667bde9-adbd-4019-bab1-9689071eb333",-122.46000407878435,37.712715114715358
"367735bb-2e46-4587-bb30-47de71e63ecb",-122.40417771183002,37.752630159610305
"3682b043-bfa5-47ac-8c21-bea37d50608b",-122.42942570825676,37.758093696734868
"3684645c-3762-45e4-9865-5fb5f2a7258d",-122.4488652929478,37.757194388013353
"36875167-20ba-44b6-833c-ab4b7c3135bf",-122.41202968240651,37.786015222168736
"3692b6dc-0280-4fb8-a1c7-e047b148b780",-122.40343622652385,37.733981773191829
"3698e9fb-824b-4cbb-829b-6e725bd3ff6e",-122.41994000101924,37.781523843326305
"369d4f2c-a822-40ac-adc2-86d9c4b13999",-122.45424011504824,37.785844658933158
"36a65f7a-49ae-41da-b989-dba3817a8325",-122.4071998620377,37.802701329180231
"36ab7b96-a188-4a26-a0e7-b1395444ed1a",-122.50204377753211,37.779998266959005
"36acbab6-179b-4a51-bb45-5e612802932e",-122.45778606157683,37.78634610112686
"36aede81-61d9-4c8e-8548-f0ac76c5f070",-122.44393337255231,37.786317958138262
"36c3123d-a958-420b-9d28-4030303fa8f5",-122.43575599882989,37.752400204330208
"36ce0317-9d23-4154-acb4-2334c9f50fe1",-122.44620593876995,37.763371460541116
"36cf507c-5c5e-4ce1-932b-b224e5e195b5",-122.42656244845969,37.796404938449825
"36cfa186-ea0d-4384-84d8-ab960bfe3088",-122.43530448581448,37.77780686440817
"36d287f7-7119-49cd-8d0d-aaf8198d6f9c",-122.41824301534953,37.76341805182971
"36de6e6a-de62-408f-84be-2c55426073eb",-122.40826082722893,37.72435069408214
"36e5eac0-552a-4504-9e6f-49f94292829a",-122.417025313247,37.793347737081525
"36e9893f-8055-46b5-bfd1-81ecbab70ef5",-122.41698247376939,37.74955528529842
"36eaaacb-92c0-42b2-befb-bcaec53cc3d2",-122.43253026448293,37.791360547334
"36ef8621-4124-471c-9ef7-7247ae276f57",-122.41263983357287,37.7143634112176
"36fafb01-734d-4d7c-b8ae-9b27a1ff1665",-122.41645405856397,37.786927371070092
"36fdb03e-e0be-4ab6-b41e-ab01565951de",-122.44634664909633,37.757900833157819
"36ff5f48-1b19-4fba-9dc0-be862dbb9491",-122.50377331650752,37.762069792811133
"37190404-8f44-4d67-9365-b3e57129bb3d",-122.43719116901983,37.756019483256061
"371ab0c4-82a6-4c9f-a809-c19d3cc4fa0b",-122.41344981999551,37.782776010717946
"371bdad4-36f7-4b44-8289-c0a59812b965",-122.45475263172625,37.712748245370811
"37217226-15f1-4732-87b1-d3ed322c8a99",-122.39118020383471,37.78868046739418
"37307177-75c0-4794-9582-e9283981f24e",-122.50790235366649,37.749736281779427
"373769ce-61fc-492c-bca3-3647bf34e232",-122.47558554661991,37.758598697003237
"3744d7f2-27b6-49b8-8eff-20fb7ae14e17",-122.40593000360508,37.748268795040595
"374bda4f-9cd5-494d-937b-4d5a826a08db",-122.4243751004045,37.773231320320768
"374cf30d-ef41-44f0-ad86-19f8893aa5b2",-122.45126256668146,37.763661513519757
"374f6ee6-e3ed-4cd5-9031-787402aaaa7d",-122.40979176727505,37.783242254336443
"375f40be-cae6-45ba-9ef3-ab46faef5149",-122.44278883176372,37.775115530042108
"376868d9-ced4-46c8-b3a0-517d04bad461",-122.42853733475393,37.755249184717577
"376b6c68-42c5-408d-a8eb-37fe4b24e5a1",-122.45808564478965,37.789570714382343
"376e8a09-9862-4690-9590-78792ab60d67",-122.37822089994211,37.732356305016943
"37718caf-588b-4574-b323-ec007adfa846",-122.41303423701247,37.780459973179873
"37791fd5-9c20-4e04-a6dc-930a6fc85dea",-122.42987114868538,37.775803094865509
"377b8e29-1e75-49bc-9966-df52c66673e9",-122.4034109123773,37.779730589591807
"3780d212-d6b9-4a7b-94aa-fbff2dc29d80",-122.40733708927273,37.78081979099786
"37887664-866c-4c68-81ba-14a686edb200",-122.42549188784868,37.768379296811425
"37a083d3-8eac-4416-8120-b09b91872f74",-122.44324101304665,37.755936596680819
"37a344e8-4371-4711-a60a-47c840eb160e",-122.39821617935188,37.718248361960633
"37a3daac-e904-43e2-9764-54609fada09b",-122.45665497380591,37.722888110000284
"37a5a8b7-dd2f-4f29-90f7-d6f1883adb33",-122.44265382304951,37.748421073924867
"37ab4793-9dfb-4045-9a58-b4fc2fd10d49",-122.41137055155616,37.748610711109286
"37b2f829-05b3-4702-96ce-f9459f57215d",-122.41955486578468,37.775153953548156
"37c0e5ad-181a-4965-a858-d825a4ae80a0",-122.43476097111434,37.789276369081847
"37d067ca-479d-4141-97f9-fc0fafafc403",-122.4399199361638,37.791483987213638
"37deb707-4ab5-4149-a1e5-d504b6d10306",-122.44555255418091,37.7774634033392
"37e3e164-95b7-4ea1-bf07-f97205e5e68f",-122.43001377983592,37.751940124049852
"37e5f957-2bbb-4dc5-b832-77866294f5c0",-122.42030003348171,37.757273457404132
"37e70b31-11ba-4f66-a6aa-ac23eb348d89",-122.45457477537438,37.717900350467247
"37fb535b-7a74-40fb-afc5-e745a8bf86f3",-122.43111451141927,37.788367573041526
"37fc55fa-8268-4bf8-b93c-f70a3df3e77c",-122.3958608658678,37.765826872412582
"3805e914-ddb4-41fc-9cf3-bb7eac913908",-122.4376719797478,37.760092088875119
"382ba883-4301-4579-ae36-df222ec08b44",-122.43885561924679,37.737209079180985
"382e3b48-30ce-435e-800d-06aa28c1825b",-122.46745837065194,37.757379253748852
"38305a9a-ba27-444b-b260-c764b79c7c0b",-122.37641157712038,37.731894922243733
"38343610-a030-4e07-965d-1ecea63cc0a0",-122.47674086891459,37.76077718050265
"3835ce9a-d239-4367-b18e-cd5ace3da515",-122.43577229415766,37.769493574781777
"3845ef41-19ef-4582-99d1-c44a3b1e4a98",-122.40409307202385,37.717928310509762
"3846ebef-1b1d-4008-8a78-2c615f26cdfc",-122.42657228258213,37.793037441001523
"384f6b7a-6622-4de4-b1fe-d37ecabbf3d0",-122.45765849420719,37.7189857409224
"3851a4cb-c417-46d8-be19-48f401320643",-122.44096075879409,37.7579962099965
"38557be0-4b89-4958-aa35-44a89434416d",-122.42090839571631,37.749947814854735
"3857237d-cffe-4610-becc-9a6777c8d510",-122.43281290587474,37.786621764002476
"385cc724-42e1-459e-9c52-28219671aae8",-122.40266423098305,37.72566672852097
"385dba63-6ea1-4069-a21e-8a06ff67d025",-122.4873697729804,37.779402780357536
"3860e80d-166f-4c4d-8581-d12d57493370",-122.40840873115053,37.75040237760102
"3862e5dc-781d-47de-b9ec-519b084cfbba",-122.41706349773432,37.772974158993115
"38652e69-a764-47bb-af94-d78687bc609d",-122.42486478703448,37.709673546501087
"3865be63-8819-4ec6-b95e-03c0427128b0",-122.41889599657078,37.749083221833224
"3866dd36-34c0-4d10-a268-a57664907a3e",-122.40851530762671,37.775761513559473
"38697155-ee5e-4e0c-8fea-6170cd4a97a7",-122.40670356026095,37.798574538887024
"3869a3b0-ad7d-4767-ab59-33c6f5d99fe6",-122.424463924822,37.773220024463456
"386a8daa-3213-4503-b1d3-8ff2c0077d2a",-122.45077277769045,37.749899164292927
"3882d82c-9ad4-403d-937b-a7f0c9c1f81a",-122.42426257525112,37.796697521257691
"388a46f5-595b-4752-9078-fadead5f2adb",-122.48133593036563,37.775989897292142
"38a1ef72-d682-4bd4-8d19-b73bb8150fc8",-122.43548078057331,37.76998217692023
"38a3366b-7ce5-4c56-8660-3f007d236d29",-122.47117418363075,37.716920115484008
"38a503f9-19db-4024-8b46-8451138291d0",-122.43349319740015,37.793057872656291
"38a5ad7b-9b56-47e5-9e8a-9fa007ea6807",-122.4836941732092,37.778868128470705
"38aead46-f38c-41bc-aa92-c6f7feaeb2e8",-122.43191770315646,37.800509551114864
"38af051e-ebc9-471d-8c1e-fba5923b60cc",-122.39875104905524,37.759518504024776
"38b3bd19-00e0-4b59-abb2-8e61dbf86b25",-122.45907244157959,37.777072866814379
"38bb8d25-85a4-493f-88c8-89ccb0107855",-122.4994171716034,37.773435070487288
"38c26e5b-3107-48ea-8497-cd3ff2d13f7d",-122.39813703226022,37.764197309017582
"38c9f836-c33a-49e3-9427-fdfa9f7c76af",-122.41325125723766,37.745336135280638
"38de290f-502b-4802-abc9-cbcdea6706a9",-122.42733551487925,37.736261943843822
"38df6770-a94d-41fa-9a05-8696419b4284",-122.43644116749543,37.771827297179563
"38e68072-307c-46e0-8a78-41645efa2cd2",-122.41107704554845,37.746225376462384
"38fda5a9-8bb9-43b5-b99f-4211f0c3d9e1",-122.42661394226239,37.755838793085857
"3908f187-7aac-4759-bbe9-85fde8158fe8",-122.48017002301903,37.759306101600487
"3914a186-a8b4-43d6-8f76-223218cef90f",-122.44980981670759,37.78336142556158
"39185f62-c7d1-4c7f-b89d-30cac0ac6fba",-122.39153955935394,37.778584385887761
"3922eeb8-d37f-48c6-a82e-cd0fdab0aca2",-122.43641977604247,37.748107231957661
"392cd3f2-11c2-4764-afbb-16e0d304bab7",-122.40909329333704,37.787342269889834
"392f890f-2aec-42a1-9ea2-46d272440c4f",-122.41565871803182,37.788801978926429
"3934ef61-bdbc-4570-956b-865530b219c1",-122.43113600296472,37.741390232291515
"3936b145-9815-454d-a95f-c6871957ea9b",-122.42703987117351,37.799505462433117
"3941a96f-4218-4c2b-ac59-dfccde462c0c",-122.39536559135868,37.725838061606758
"3943619e-4e30-460f-b8d2-c91f297e077c",-122.42167596383213,37.805648640410666
"3948f8a2-f5c2-4604-a5b4-6cdb95fc6b1a",-122.44333096431863,37.718483115280272
"395bef47-3e61-4382-8d75-3fa63f686fa4",-122.4242108118047,37.757921218907349
"396008c4-6a13-4846-9f2d-fbbe50e99e2a",-122.43509096742262,37.777834084973662
"3965947e-1509-4342-94ee-dfa74f63f668",-122.41604120502991,37.711554166241463
"396ad270-87e6-4178-b527-c1cd938f3406",-122.44003049104845,37.760160712140966
"39750188-2055-468b-8e78-e8a68d294b79",-122.41619684910476,37.788733293982368
"3998757e-ff29-4552-ba44-5596dadb6f6e",-122.43509006077883,37.795707098585687
"3998b73f-d35a-4db9-82df-7dac88d500ef",-122.4133482942437,37.787047863264128
"399a363b-f700-4090-9b96-ad1d633fd572",-122.43877404743243,37.786178174175369
"39a1c2dc-13be-40fe-bf7e-49699b84df6a",-122.39489076831086,37.720983257359478
"39a44660-c819-4c4a-b1be-9475583d8a1b",-122.40873323040205,37.779002135166188
"39aefd13-d2f5-46d9-aa2e-9b312a4380d4",-122.43112948923857,37.7768961288769
"39b0bc36-227b-4796-be23-e149c75d8151",-122.4109698113176,37.737978086097762
"39bb85a8-05eb-4498-88a4-3ab01401561f",-122.40960515183755,37.739267333959347
"39cb5b3e-6acc-4105-b873-60b77b5301e6",-122.4040878809684,37.801449610823539
"39cf5d50-a5a4-4ade-9c44-0616d06ae2d8",-122.50023634257775,37.748239044678279
"39d339b9-252c-4d29-894d-a2e1460e42c1",-122.44671702840442,37.80293481848237
"39d4a9e6-9839-44b3-8fc9-a0d6e0e3ab62",-122.41354995095135,37.741040290444587
"39d5c18c-54dd-40ab-bfe8-2c708d7d72d7",-122.4140519510798,37.746964850072729
"39da8752-5e74-45c3-a420-8d3f9a9586bd",-122.43669198490925,37.751049897692369
"39dacb53-5158-4a4c-bb4d-b16cd22981dc",-122.45447260781025,37.782441406187964
"39dd22e8-89bd-4035-b99f-975326119649",-122.45562536394128,37.720529163068086
"39ee9fcc-cc58-494b-bdfc-103c1902b451",-122.43655582743237,37.797431415100718
"39eeb54a-2a8b-4151-97e7-3a88ddea4946",-122.44278955810007,37.776858270123405
"39f28df8-5852-43dc-81cd-6198d1e5ad9a",-122.43528185933846,37.73748322571452
"39fdf029-6ee4-480c-af6b-d1ef5c14f89f",-122.46879880800307,37.755243588331062
"3a157cf3-64bd-4552-a184-2d8b8a3720af",-122.41889599657078,37.749083221833224
"3a1ac9f2-1598-4b7e-aedf-7ebf6225de5c",-122.46837484351208,37.75512472048748
"3a1df4b4-3c2c-4b39-a0e8-879202f4ae29",-122.39550551014271,37.717823765366973
"3a1f276a-ea0e-4dc2-ac41-fadd87290f2c",-122.43409853727124,37.79387927382291
"3a2344f2-4cfc-49c9-af6f-7d923dea35a9",-122.46346447439882,37.744089229774708
"3a26702e-a902-40f5-a188-9ddf3465de68",-122.43547103007474,37.753219074858933
"3a27fc0e-83cf-41f7-a08f-8fbc69388db7",-122.45563996155629,37.71620794673332
"3a2d3ee7-f703-4fa0-bb51-1029240760db",-122.38547883205025,37.711195894324504
"3a2f3535-2bf0-49c3-bced-cb22dd0bf8d9",-122.42009748089261,37.726357173501995
"3a3b61df-b8c9-4f64-9580-39af34cda153",-122.42517258650032,37.732066230378081
"3a42a5e0-d537-460b-ae35-28459ea70cf4",-122.48153255284268,37.783685786334047
"3a46a0df-a707-4f27-be6e-34fb87aa6aa5",-122.44302769607813,37.779713280337759
"3a48bd4b-863c-42ea-b67e-728c4965e2c6",-122.48367507579988,37.75611443987664
"3a611f88-c3b8-4450-80b8-6f3ecae151fb",-122.39320714417646,37.786987722598063
"3a6d6f17-cfa0-4d8f-a537-6fb98c8ff8c2",-122.43539118104921,37.795476950664977
"3a6f3d33-9f5b-4502-a07b-df280aba82c5",-122.39664572636158,37.758742413145676
"3a732b00-1abf-4a1c-87fe-d03038be44c5",-122.43627949651083,37.76144750534273
"3a7e5ca2-b386-45f4-af9a-2410e04516ae",-122.40795437652699,37.764958819360743
"3a8bc72a-3f6f-4a99-82bb-23a8dd72048f",-122.45120508582225,37.775034357731492
"3a8f4e1c-10d9-4863-b64a-08fb64b0c6a0",-122.45794053325842,37.777704272559404
"3a9209fa-f6f9-4f18-89fe-19ab30d50008",-122.44302769607813,37.779713280337759
"3a96fac6-2a23-4744-a161-db7d2a43e736",-122.38917587702645,37.758598240578408
"3aa2cc8f-1e47-4e01-add6-dbd0a1ae7031",-122.41533902517415,37.764127716915851
"3aa7d9eb-ae75-4fc4-a052-ab54d3b0b2f5",-122.40499686125645,37.780217798369115
"3aaf1f38-d21f-4da5-b4be-cddfbc90c7ef",-122.43976144999881,37.763622660502833
"3abf01a8-0353-4e1d-8c01-d2956c640887",-122.42174245121039,37.757935434782034
"3ac824cd-e720-483c-8ae1-002388ba80f5",-122.42723657479004,37.756016115867709
"3acc7a33-5d59-45ec-bb3a-1e1250584118",-122.40328256170189,37.763543249723504
"3ad27262-30e4-479d-8e11-a4990f0d5c92",-122.42888961104613,37.760856290558152
"3ad68678-f2b4-4271-869d-9b79387ccc84",-122.42865740922377,37.757649902999432
"3ae55077-38fa-4249-95e8-a579ef3e94f1",-122.42354792409485,37.802694996249059
"3aee75a9-a64e-4c1f-8566-e84dfb2a187d",-122.46278823183602,37.782637747780676
"3aff1159-378d-4da9-921c-bb27b9b69de4",-122.46878667676883,37.774746526450343
"3aff18b0-2401-48d9-932f-af87532a5131",-122.46455391694023,37.718883232923567
"3b009b28-c707-48cb-8b6b-c6a294c52cf2",-122.43917443748457,37.75665453755547
"3b216ea0-2d80-4d9b-88ad-653c86925aa0",-122.41619623882754,37.781658462284149
"3b247f06-0485-4c2e-ba95-96e7439e0d2e",-122.39972789696047,37.763575500212333
"3b2c5067-09c3-4b15-a397-1c0021967497",-122.38963957292516,37.718610089295012
"3b2df86b-6a4b-4de6-b69a-65ec0fd66ab8",-122.44045016334242,37.717431057820271
"3b3e6cdf-78fb-4f00-9475-decb5c554b91",-122.39830663701728,37.755801132099378
"3b41fbf5-1697-4cc2-9829-f2c13840fcb9",-122.47652529410665,37.747283583437344
"3b440c1b-d5ce-4217-a586-b07c3ba7ba43",-122.42945114558397,37.767331259345369
"3b4ba4f2-bee9-400a-aa70-57a73882427e",-122.40391975212734,37.714051654329033
"3b4ca1ed-36be-4f7b-8ff9-3b99ed6b0996",-122.48793274022727,37.730874187222021
"3b4eaa30-1cd0-497d-8579-db24db27ce53",-122.41501415757075,37.79322229143915
"3b593256-af7c-4ed7-9878-4f04302cab65",-122.43719116901983,37.756019483256061
"3b5bbbc2-af69-40ab-8e9b-997e1c62a054",-122.41528076059363,37.785984946591356
"3b61b5b3-fe9a-4546-b60d-946b31db6dca",-122.43321761770926,37.7918346539129
"3b621f4f-81d5-4cb8-a219-956344293312",-122.4623787178745,37.719606543551869
"3b6cb678-ea8a-4c9d-aa53-ee456be05d0a",-122.47877226171951,37.779434519225525
"3b72a0e3-8c81-4865-8ed9-650438fd2785",-122.46525298267389,37.762463270341307
"3b8b6276-94b2-4474-bb8a-88e14fae470c",-122.41798730252067,37.7748670412555
"3b8fff30-4a47-482f-b3d9-b196890f2d28",-122.46607051519092,37.7834636494723
"3b97456f-219a-4663-9ad4-e67eeb4e0cb3",-122.46486187582298,37.781578047893085
"3b9dc906-59a9-453d-9abd-c69237ef0b5f",-122.43439195314102,37.760565743575022
"3ba55545-4de3-4580-b492-cd4c094ab625",-122.48003814942604,37.737441940908589
"3bad9397-8af0-4b2f-8a2f-9e08983daed3",-122.48616272514151,37.783297859108821
"3bb11575-4f86-4725-9614-1344d034f607",-122.41504598506421,37.786015504607029
"3bc332b3-5d12-4ed1-bc66-f892dc42a397",-122.41307084292696,37.796276386703454
"3bced235-6515-4ec8-b360-642d2c5de1c9",-122.42414676346696,37.773003545263165
"3bd46857-8b5b-444b-822b-108e363a5805",-122.47145059715513,37.786480942561418
"3bdd95ae-af40-4b3f-a854-e4523752de29",-122.43691935344532,37.747503898654628
"3bdf0d0c-bf9d-4dec-a5b1-98d0b083cdba",-122.4133921728781,37.79683381283327
"3be91a6c-a3bb-40c2-8895-2071fb5ec0a1",-122.44362091733332,37.764393932754466
"3be9e791-bae5-4f74-b9eb-c405e2528eb1",-122.44956093610595,37.758984218197462
"3bf98ea4-c01d-44bb-90b3-2e6b9dbdbb68",-122.4201701633251,37.78647662880006
"3bf9f7cf-db4e-469f-b943-be4f2d3996a1",-122.41348544171697,37.803034656188849
"3c0142eb-d4d5-4e62-8ed6-7a4c4c22c833",-122.4122097424994,37.803027932340996
"3c03afa3-68b1-4605-88cc-4c023a4be68d",-122.46006932956232,37.7804885181639
"3c04502d-8a7d-41c2-937c-c6d51bd7fd09",-122.39837677765115,37.763033970014064
"3c0ad41e-2b1d-4be7-9731-4adc971c1423",-122.39664572636158,37.758742413145676
"3c1bde0d-258f-48a3-be51-ebb8ba423008",-122.40874991352854,37.753980835037311
"3c239e63-1321-4e02-8548-e41843138b09",-122.46043058004732,37.711514374248388
"3c2f3f16-8a0b-4e8c-a056-1ad0be9d8590",-122.42486661619,37.751047046118011
"3c33bb17-4ae5-41e2-ab77-5fdf249d658b",-122.4218530599006,37.805269336056419
"3c344ec4-9833-4e8a-9ac3-439cf9f8b20d",-122.41875192438208,37.761425916503626
"3c37ec30-3e42-4470-ad80-18b422b989c9",-122.40945559181365,37.7425246809588
"3c3db479-ec5e-4e50-8c79-aa66203fe739",-122.42560899392603,37.794964475439933
"3c3e3560-54cf-4cb3-8b70-dcc51aaa1b3b",-122.4608151322666,37.715664693494936
"3c53a2f4-2ae8-45b8-a623-efacdbf3e9e7",-122.39459390451542,37.787900024571741
"3c5533e6-efd5-4516-8778-4e9a9c162e15",-122.47905667255372,37.753998039484891
"3c63f7bb-ed0f-4bd0-8fbf-e403b6b33238",-122.41226888087738,37.77252490607713
"3c65d293-89e1-46a0-8441-57ac58b5488f",-122.39086695520898,37.781038658612637
"3c666c7d-6d8c-406c-864c-be608474d8e3",-122.39344340662836,37.785824088085356
"3c67eb18-6f5c-439f-905e-96c4e5029c35",-122.41027523986378,37.744825438824392
"3c69b4ea-21a7-4cad-b6cc-0052ccd8e753",-122.45204987065064,37.77308390404248
"3c6fddb4-7863-4f53-984b-359d0d7f20ea",-122.46819563463498,37.724970744730854
"3c8f3c36-578a-4b34-9e4c-0fdf2d3f289b",-122.48235297371897,37.764819400144674
"3caffbf1-079e-474e-97cb-06507c7733ab",-122.44134677815323,37.764119209009337
"3cb44c7f-96d5-4325-86f7-d374c26dcc87",-122.46673691149495,37.762425622611552
"3cbdd904-f0b4-4d4d-98fd-7e0b83dcf9ac",-122.42708525397408,37.799209596384934
"3cc01881-2331-4deb-86f0-b4431d39ce19",-122.45962437467102,37.711011961252353
"3cc1f968-9e8a-450f-9e5c-211415ae134e",-122.39683998528461,37.73240064470447
"3cddb5d0-c131-4a53-8dc0-090c944fdf8d",-122.49243853670164,37.742423364865438
"3ce2cbb5-705a-478d-9d99-0419d32c41ed",-122.42114894799451,37.746095083224013
"3cf32471-590d-44b4-abb4-63b9fc77c738",-122.4183874203362,37.776870431070655
"3cf827a8-70cd-46ea-9e81-58ea04db12b8",-122.44336901877976,37.797520576680817
"3cfe7496-8201-4551-b396-a4038d437b5f",-122.44215522956054,37.750351806103993
"3cff9a5f-63b8-4ee7-b0e2-e5d439bbc8d1",-122.4172207500216,37.752045308276557
"3d09e98f-1331-4068-bafa-d843af7810dc",-122.4133765956487,37.773794561700029
"3d0f033e-d73f-46ba-9d4d-83189cd24aea",-122.4356015198865,37.769515458872505
"3d149153-659f-49b3-9ce2-51ff551f57f1",-122.4361407898315,37.708833603717864
"3d295ea9-b615-47c7-9ede-3acf9bd63bb3",-122.403774531514,37.768688113083996
"3d38fcc7-db07-4397-99ac-308bf4c9414f",-122.4153581863137,37.773762848644019
"3d3b0654-6488-4098-9f69-a704201b9c17",-122.46969827062415,37.753892230438012
"3d4336fb-45f3-4afa-998c-4031c94f5d86",-122.47792450048313,37.778357875235137
"3d5926c7-c109-4c75-b67f-6ccd8f5d94e7",-122.46176002531134,37.758944290702729
"3d5b4cf7-a870-4dd2-a0da-b5bc2b95c262",-122.40419815396173,37.787965360762342
"3d5d14ed-5f20-48c3-871e-aca6907e261d",-122.40813768061535,37.799965207047926
"3d636d63-a767-4130-afff-9f1b2dc2a910",-122.42362800292351,37.75408992563576
"3d7dbada-6fb0-434d-bf0f-709d84e6a23f",-122.42571320910955,37.7945954562063
"3d83c16d-71ba-4408-a0eb-1b5279fec7cd",-122.42026187209142,37.766559090801906
"3d87f6b0-ca56-41dc-8507-2e80298af2e0",-122.41550299929231,37.754857063227192
"3d8864fb-c604-4057-8d1c-aae99a1b6143",-122.4020181986732,37.760463270202465
"3d8f8931-fc6c-45cc-9d0f-0ed9ffc81265",-122.45772117741825,37.743145484416154
"3d9c9c0a-3a24-4638-8244-a6f6859a1a9e",-122.43881307580608,37.748967849214978
"3dab56fb-1b8d-4de4-9f46-db30615c3aea",-122.41408673091411,37.745280463223509
"3db63706-58fc-4d77-b14b-6c91f455d864",-122.43337346906598,37.772344419060126
"3dbc4ce4-4ee1-4eb6-bf80-71d926063982",-122.41334824061489,37.790631180581457
"3dbd291d-9e35-4d18-afa7-9c35500651f3",-122.44589946601781,37.788650621438258
"3dc64a77-bf52-459f-94c7-188b38a2cc4a",-122.41585890674111,37.7452395514042
"3dcd1721-330c-4a8c-a781-5618aa48f840",-122.3925180806318,37.782039382981807
"3dcf179d-85b0-4f04-b3c2-ebe3518253ff",-122.486059670906,37.779855424441728
"3dd791b3-0583-4c16-86b0-237961615803",-122.44448789024466,37.764350284130479
"3dd86bbd-7da2-4a2c-84bc-658947b24163",-122.42279031818147,37.758009827009715
"3ddffca7-3055-4f70-97d7-e5f460b14cf9",-122.42090419548641,37.759053092933328
"3de4114f-dddd-468d-91de-97bc70cb230d",-122.45873211955846,37.720245240462816
"3de98f7d-25fc-47e2-b5bd-02da31208deb",-122.46215559518039,37.77963698335892
"3deeb1b5-4b80-4b2f-900d-2944e64ee03c",-122.45223270838878,37.782822765541681
"3df06cd0-bd29-4fb6-bd65-9bbf33313bb2",-122.42765430489433,37.749672400096379
"3df47c80-08fc-47d4-ad10-36553e2b69df",-122.416004131946,37.796251834117037
"3dfa9927-d73d-4299-8687-dfecf67863db",-122.46983864043348,37.722768882826372
"3e0229c9-72fe-4386-acb9-e072be8f85d2",-122.41570676640909,37.797560131251579
"3e0aeef1-fc48-437a-92bb-f6cbd415227f",-122.48999952572761,37.74023034047687
"3e0cab38-44fd-4c4e-b57e-89436c35dcbe",-122.41602807478024,37.803953044255714
"3e100ed8-109e-45d0-9bde-0db89649beff",-122.46882919014617,37.759804486682356
"3e1547a6-564b-416e-b5e9-9d650a09b1ec",-122.41722195694913,37.796850630351734
"3e20fbda-fcfe-47e7-9f0b-1ac24093b457",-122.43116284179479,37.789364905852665
"3e297054-d6ab-42a6-ac90-9254a7bd6d4a",-122.44492750763708,37.732248016263121
"3e361a8d-dafb-4945-80ea-e81f875a5ffe",-122.42671693472748,37.765972278272848
"3e3f3611-7f8f-4fb7-86a0-f6d77852214c",-122.44654798953734,37.786684020911096
"3e5f0029-bee9-4d0c-b9cf-587c77044f90",-122.41480253629902,37.754152798267953
"3e6ed19d-6e11-436d-8fd0-2ed7513351e0",-122.4399906964879,37.715764108541869
"3e7c5240-8a98-4226-b3e9-9e5b9bb9bcd6",-122.43992588807481,37.718124536169974
"3e804200-1ea7-4bac-a7be-183933127557",-122.42396086913608,37.741578172324459
"3e83bc01-83f3-4148-977e-141f1a114234",-122.43335247539515,37.768392423505446
"3e8447da-aaae-41ce-b844-0c640413add6",-122.42241200779019,37.8021285220265
"3e87b990-02f8-4292-978d-371804726162",-122.44404064611084,37.780121954169609
"3e9aabc1-d8f8-47b5-aa97-cf0d765eaf68",-122.44288790053686,37.794714093777223
"3e9e8dda-0913-49f5-9c9f-04b2043fddf0",-122.43019191469395,37.744689820518175
"3eae3157-11d6-417e-9219-4eb07724e239",-122.47174425698644,37.786467600069834
"3eb62e51-7c9a-423d-a00e-9dfee8d2834b",-122.49868783641702,37.773889827105357
"3ed6d342-4815-4678-9802-d326ed4246d0",-122.49462106917387,37.754170896431496
"3ed94233-c99e-46be-8a63-f5c837f415db",-122.41761828879598,37.768051814784108
"3edc9d32-0e68-4f17-8370-7599522b389f",-122.43226788561751,37.768286734979547
"3edcfa99-e895-4ff2-84c7-e1e1b1cdbb56",-122.41312773793997,37.741685909427453
"3ef26d85-5496-4522-a4f3-23dcb4a7acf9",-122.38576595294532,37.728699820893056
"3f042446-7bac-4c9b-aba0-d7a0ee495481",-122.40777049345884,37.717296284343774
"3f051664-969c-482c-ae0f-a35789c1e6df",-122.49861400682296,37.777138222923348
"3f05982a-db82-4b69-90c3-58914dca07fa",-122.43408231704856,37.766699244606031
"3f09773b-f83c-4dce-aa67-431a3443f137",-122.39887961404068,37.759959679474
"3f135ae4-8ad1-4454-b7c2-56e6e8c47fb1",-122.42004963245132,37.79639837428968
"3f1688be-7ba3-4a5a-9954-6f6ad78359c0",-122.46435839479754,37.780362667629078
"3f1e2c0d-4876-40e5-81c4-1a8815a71a17",-122.41512332044073,37.798839565538358
"3f22b45e-88bd-4309-a0db-41189ddc8e97",-122.50523391340637,37.758200748653188
"3f253de3-3a8d-4694-955b-c22fc5046d1f",-122.43941807429094,37.778711293759905
"3f2acd67-299c-4caf-8128-9c7e5f472054",-122.40688414640334,37.800631745336553
"3f363c43-f775-44c0-9290-f4edfdbc56d8",-122.45110447331817,37.782439154575052
"3f37641f-62bd-4fff-8ec9-f829e38e61ff",-122.4495569479202,37.778186071372
"3f3f4519-9d9c-4008-a190-bff7b0602c77",-122.40198116141291,37.730333307184736
"3f451025-a598-4c00-bca6-801a5d780d3b",-122.46183261591734,37.778516682317345
"3f463744-7656-494a-9a64-7a8753d84046",-122.41700472952556,37.802806835410337
"3f46572d-dd9c-4526-946f-59f9af190251",-122.40067630163939,37.760332127164354
"3f4fa58b-782d-4016-882d-5559fd508e6a",-122.4124378577408,37.711443313130985
"3f5be46e-7adb-45f8-a245-08926f75a258",-122.40849861983828,37.746025274033457
"3f66e134-aaa6-4f13-9536-5d840fd1c0a2",-122.40093950856081,37.752822817534792
"3f7034e5-8346-44f3-9a8e-ddc4b5da3771",-122.44163216876291,37.709227013503273
"3f7a366b-86de-4182-8d4a-4642bb0b6380",-122.48680487477652,37.777351935237711
"3f7dac2f-f2d3-43dc-9328-967078a9dfb5",-122.42194854348391,37.737218277786482
"3fa8a70a-ef0f-47d4-851c-7db6501405ea",-122.46540945205909,37.764703591436316
"3fb08eb9-1b58-402b-9c85-648005576a02",-122.42973240048316,37.753880560274546
"3fb9ff29-aa33-4d99-b88e-ff8d82d3a5f0",-122.41411560957003,37.805650342703224
"3fba0413-56d7-4c6e-af28-046990a62f51",-122.44566894942349,37.766375198357707
"3fba0da3-b809-457d-9aae-52c899f81603",-122.40050851363601,37.759403929000676
"3fba9b3c-54d6-4daf-b07a-944d974ca6ab",-122.4440579637953,37.746118582824643
"3fbed4f2-9e04-43f0-ae42-2e94fa29073f",-122.45210237983426,37.768974705550583
"3fcaa1c7-3490-46f4-9141-b574034a4da7",-122.43767771982216,37.771962315773067
"3fd3b122-f9fb-4055-83b0-d195a52ab2c6",-122.48617113893705,37.777572878293341
"3fe5e682-d21b-4a45-9653-e8b99c483b63",-122.48237459558618,37.784661607987111
"3fe9b426-ad7f-4685-a3a0-e90d37aef9cb",-122.43766081685617,37.777405829497454
"3fea8c69-762b-4bdf-9657-ffc94163f6f9",-122.40037804266306,37.757123448613108
"400de513-7248-4832-be0e-1b17ee7a6c73",-122.46656141219167,37.761773256677486
"401df9f1-4d6b-4bdd-b7a1-200d01943449",-122.447112377199,37.7663024160069
"4021c588-4960-4bbc-9032-4394d458eb0f",-122.49266860666545,37.764431233099849
"4021ebcb-58fc-4bf6-abd3-f4425cefd379",-122.49003650517714,37.788235332765687
"4032d211-e919-499f-b1f2-d0737ae42b63",-122.49781212981235,37.779323665490672
"4036fdf6-111c-41d9-b1c1-dc01d865e6a4",-122.41534201861434,37.724929221507175
"403a1a11-18d3-4e94-831d-76a602e34e85",-122.44056820594409,37.762344491235751
"403f5372-ff9d-47ff-82f6-486b17f45de5",-122.40718476576831,37.801746387586256
"404aee2d-6bbb-4fa6-b611-22680d859fc1",-122.42075179446998,37.789169059441129
"404d71fd-f4bd-473f-baf8-4e78e449ff95",-122.42323420986105,37.7764196962473
"40516e96-07be-4779-95cb-565a0599c764",-122.42479322395607,37.757210898465956
"4056fb23-2bd9-4b68-b430-24e0db51c99b",-122.43057063107548,37.747084417847276
"4063849b-6017-4a6b-b40d-4779a22ad774",-122.39364985094112,37.782118749103837
"4079b4f1-6a0b-4b74-ac53-095b8cdd1889",-122.44259815471669,37.776778301002167
"408b20af-999c-4677-bcaa-97e8f007d432",-122.42335574813954,37.736943077066066
"408b4189-08f4-44bf-aa87-beceb1ceebe9",-122.44019646346585,37.76449427700134
"409bdaf4-a381-4320-aea7-54b4388bb0af",-122.48629220697768,37.784965049939828
"40a6d8fc-6594-426d-90e3-116caa587710",-122.45540802585923,37.720323831008642
"40ba0674-4f03-4e8c-a978-c6d088558b07",-122.43710776155987,37.721851916556304
"40cefebe-e565-4352-8357-afdf6f097333",-122.4030808306881,37.779564899595542
"40d2eec3-9522-4cac-80f4-d4693355d31b",-122.46233475331772,37.777558208261034
"40e034b0-5028-4b47-816c-474374d2f099",-122.44875870679702,37.730855377073631
"40e2d0a1-2305-499f-86f7-c3d59072a216",-122.4116791911638,37.752729740497251
"40e43523-4140-4d70-9797-2576d5ed9fbd",-122.44817199205792,37.770113905012842
"40e7f08c-64c1-4597-a762-e3db94adec9f",-122.44200342814007,37.77168811994018
"40ff1627-79d5-4d65-9feb-a612e4099715",-122.41003481350243,37.77662574555923
"40ff43ef-1b7e-46d2-a60a-275521b034f8",-122.44770566223222,37.76791655425145
"410650b6-28ca-4a53-b535-88d2a89fa242",-122.3841832755069,37.726856424530794
"410dcff6-564b-4614-81a1-6ce8c45300ea",-122.4394037360975,37.74494125458957
"4111eef7-50f4-48f0-93c5-a1ee71d4a1c4",-122.40787933323669,37.744688340233949
"4119114b-45e7-473c-a86d-3d4e69ba668a",-122.43349150508659,37.73520916147725
"41209170-2a90-41d2-a8f1-75d193ca6370",-122.42747917718606,37.767568281604468
"41269942-bdfb-48d7-864b-5a60cc48f462",-122.46163281988674,37.782690661000437
"41293255-ac0e-429a-af21-9335f7b524da",-122.4076287836555,37.799285613564358
"41300e2e-c559-43b8-8fe4-d9de412b7535",-122.42481148444176,37.755228900171559
"41315bcf-bf82-42ae-aa6a-1002d46ab64b",-122.46684430118994,37.742249685967366
"4134cf25-851e-4c10-a09e-375eeae2d3f9",-122.49229871693994,37.758903420169936
"4137a9d9-eb20-455f-9e99-45bad44b4376",-122.42719537175194,37.775693639535469
"413860ec-cc39-4c59-911a-6e43586576b4",-122.46942377121039,37.78115196450711
"41392eb4-fcdf-45ec-afda-04d70500b4c6",-122.43222946389398,37.78727336271
"413abe23-d946-4ebb-bf93-d3d1f15000e3",-122.43768741507193,37.747772416186088
"413b9c0d-865a-489a-bc0b-6741c48748a6",-122.42111112914014,37.796143062290653
"41406286-377d-4e62-bd65-34e905eb9ca0",-122.43185832042423,37.752786762898381
"414dda23-6524-47be-bdcb-b8fceb99356c",-122.42250382691495,37.794455052563038
"4157c7d4-cddf-4840-b969-931832ceb2c8",-122.49700486845494,37.778744904177906
"4159729e-04bf-419d-8ee5-20e37476e8f6",-122.41662037868863,37.744994497591883
"41621a28-8549-4614-a328-54dd0134e43b",-122.43097954029642,37.760097902280805
"416d2005-d750-4ccd-a402-96a2419cd615",-122.49566341420034,37.780860500435828
"4177e3cd-c40a-40af-bceb-af20f466a7e3",-122.41701710020534,37.709638447258904
"4182e1d9-f18a-4ff4-ac72-11c53ebc4795",-122.43634215592138,37.756689349616373
"419cefff-abef-48ac-8e58-f1b1e0a5ae75",-122.50854008792506,37.75691205093424
"41a1a4d8-9d3e-4b3e-a782-8f48b4c78450",-122.48526553784232,37.758732813134145
"41a56dfc-d515-4ed8-beb6-48c9563b17b7",-122.43691907537968,37.723834316644
"41b73241-d5a8-419f-802d-fd5de4e8dbc6",-122.43340476294819,37.761416809484658
"41b89f81-de31-4fd7-8ac9-5ce57b6f1811",-122.40671742465135,37.710805525098657
"41c2cf82-622a-4c2a-bf85-7c7b34ab8fbd",-122.43127330440281,37.769995475374323
"41c49a46-f2c8-4255-93ba-cdc4c31bd976",-122.41889733035073,37.794531798942621
"41d87c3d-a316-44e5-b051-93cb03fd259a",-122.41869849880915,37.744684209166124
"41d959c1-78a2-4f4f-97c5-6a36028afe85",-122.40062775619663,37.735860977752978
"41e3d79f-7c4a-4b07-a803-e0429cc29f69",-122.43556888873763,37.76275322276814
"41e5b669-73d4-494d-90bd-5f694fa273b4",-122.4402447010096,37.75937929193767
"41f27175-4358-4b78-ae3f-d9729ce1f159",-122.44919814998384,37.709276443455842
"41ff29bd-8f99-4bb2-ba87-4c9cb48209fd",-122.43707724206403,37.77881754920552
"420310af-f5e6-4d1c-a417-39e9f0431c36",-122.43872030603808,37.774395698213105
"4205abad-4b2d-4c8e-84d6-dad15c3d9d8f",-122.43176627992329,37.724614368076168
"420ae623-c069-4968-9c1b-3413b3b7ed52",-122.40136753553226,37.774956685008149
"420e5369-2da0-42be-bee1-24aba8ae0310",-122.45563518844661,37.722685284739143
"420e7d51-f8a9-4e6d-8fae-55907b360912",-122.46605548489197,37.781111543969196
"4211102d-2eb6-4711-a876-38bbc011a46a",-122.40466315012418,37.80166521623331
"4216f517-2e97-4c19-b246-01520a406db8",-122.43608218122452,37.767388380310969
"42200430-9ec4-4f4f-bfe4-84a41c119775",-122.42338547862215,37.769254326233906
"42272507-54db-4a00-8d8d-f29b7b8c49e4",-122.43648493523199,37.76302759200442
"4232d661-2919-405d-bc31-184e332fa221",-122.40820580264062,37.775806433234
"42434930-d521-4647-b013-00f0f5381178",-122.4053653526995,37.779635376748274
"42466db6-032f-41a2-abc6-f81e062be9d7",-122.39064567645002,37.787183004043577
"424fb09b-0a32-4fb7-b34a-727b9cc6fa4b",-122.47785051826817,37.781539665321738
"425913bc-878f-458d-a3d4-dd914cf58ba9",-122.43969123124738,37.77102823708104
"425c5c5a-2194-4998-b991-0eeb7e0fd097",-122.41686198053944,37.749383567435032
"425d1893-05e6-4623-bf19-396dfc04f94e",-122.43483352789266,37.753818052802018
"42652159-ad68-40c8-bcdf-00619c3f7d59",-122.42947883979319,37.751235561101453
"42672f2e-c48f-4a82-8f18-60665fa57556",-122.50169112680335,37.76307012920941
"427842fc-9c14-4575-9c5d-934f139760dc",-122.40951085012239,37.776844455597413
"427fa94b-3476-4398-96fd-552ee917fa68",-122.44725134299283,37.76560484204937
"4286f74b-3c81-4bd3-94d2-ca75cafa706a",-122.43796787030881,37.785861970180044
"429c6f38-9269-4b40-abd2-d0991edf4e0e",-122.43098332084207,37.758313457567922
"429f0beb-12b9-4d29-8785-b17771959017",-122.42708525397408,37.799209596384934
"42a7c129-3de0-49d3-bbb0-d8eee9533b23",-122.43955171859477,37.751050024667975
"42a91e6d-9aa1-4405-90d0-0be6c6140b39",-122.48517625586572,37.784465588152145
"42ac8da6-bb6a-4775-96a9-05db803c1a1a",-122.4091009206569,37.797680212768867
"42ad6bf4-5e6e-46ba-b4be-69985f74d206",-122.42224814410248,37.757238823195486
"42b03b31-2b0e-4d7b-abbd-9d02df924e63",-122.48623356692654,37.78239248105718
"42b5d739-a2ef-46f8-9642-7e9793dff991",-122.40964006179659,37.721980906511661
"42c3be37-95f7-4ed5-a411-b108407bd43d",-122.45835488387527,37.73318577469373
"42cc1371-14a8-46e4-a356-8d58492f4b16",-122.45282626619591,37.7826370528882
"42cc7645-1ed9-49fc-a7b1-ee8bbd0efaf4",-122.43025955068131,37.802090482633176
"42d013a8-941e-445e-8b12-d53f973bac48",-122.40182999693222,37.75290680936812
"42d76cb7-8047-4c68-a18d-7167e8ba872b",-122.49257587456353,37.786768034317141
"42de4a09-a27e-4348-941a-7a17d4cf906c",-122.50256987794329,37.7757553071764
"42ec5ab1-c64a-4dc5-919c-ce022202dcd5",-122.41034514941397,37.756744187064193
"42f1bd69-53f2-40f6-a07b-27f3b71f0119",-122.47652529410665,37.747283583437344
"42fced62-b583-4b37-bdc9-b2b4c6a789f3",-122.48720421454638,37.78284856784493
"42fe6bb3-97d0-40d8-8070-005e3968255d",-122.46387237265822,37.740783203209176
"43050cd5-4fa2-410f-8d66-783400c9c49a",-122.46762129495217,37.756612031430009
"43065301-5b1c-4561-86cf-6bd7ea739888",-122.427233634618,37.76792459869506
"431bede9-b924-4d19-99c6-1f7464b4bb5e",-122.39807189798333,37.75698552566007
"4325f5a0-2706-49d0-8511-e6575f8f1e80",-122.44095202140986,37.787501114312754
"432b6aa3-3a49-434d-b1d4-f29218819fc8",-122.41677830832336,37.744750165298647
"432d6680-0e5c-4a93-bda1-29beaeb8fd39",-122.43154164790241,37.788313322071481
"4334c8b0-1c84-435a-b9d6-c87b7544b6f9",-122.4593752915835,37.77941556740835
"433c0e8b-580d-4662-abf7-f0f264711c08",-122.41764524278703,37.758629428480852
"433cc776-d84c-44e7-a870-ba371b423bc4",-122.441155695955,37.717996388234191
"435eb0fb-447e-4102-a631-94bc59261d85",-122.42232865159112,37.78471029657792
"43661842-5ed6-4e61-bd53-c7e93d715b04",-122.46704079058337,37.740982380367605
"4372ac3a-6be5-4837-8468-55ba9986f349",-122.41440912727388,37.726341668856669
"437679a0-8712-4a6b-b93f-d69f7f0b6a23",-122.42192971806512,37.744733238828545
"437f109b-cbfd-4bcc-a143-090ef433e97e",-122.43729267549253,37.795657313123662
"437fa52b-0b8c-4b82-9c4b-ee6921de41ec",-122.42397090003828,37.776228448503446
"438d8d05-6c37-4583-8374-60fb4855e9a6",-122.44468360663828,37.780658482585224
"43af0063-65e8-4e73-94e8-987cb22c8a71",-122.43550072753622,37.786280137075707
"43afedd8-ee6d-4cc7-8498-bd07f40315d1",-122.433457300589,37.761964492766566
"43b0bd50-0c3c-41a9-b411-0f1bf579f7b0",-122.42410471828684,37.788908245178185
"43b109a2-a80c-497b-bf75-e3caf876ab5f",-122.50452045571934,37.762463090123205
"43b40a53-ab2c-4cc2-b0bf-4b499c8b0a2f",-122.43623810240112,37.770017267411127
"43c5e7cc-428c-44cf-a77f-3e298432fe43",-122.4190222631477,37.75981047815889
"43c604fe-1ee8-4f65-97ad-c81c66928d34",-122.41629621673361,37.772973170202029
"43c70610-36b9-4fac-8496-145be8ff8b91",-122.44263709723596,37.784991653960617
"43c88beb-23f3-4ea3-bbf5-42cf474f2369",-122.50643845485415,37.761885626671734
"43e5e596-c70f-4ef6-97ff-f598e8cd7c53",-122.46462529655078,37.728675355763549
"43e9e9c6-bbdf-49c2-aeca-01d691da7be1",-122.41033975927513,37.803257508055943
"43fa46f7-59db-464d-a8ae-58e83732759f",-122.43816878835197,37.732003821761715
"43fb4f37-f4db-4302-88b7-24c583ff631a",-122.44255305904413,37.757282810487396
"4404037d-846e-41f7-ad5a-9fcdd247219f",-122.50758710662537,37.755228408961443
"44058355-d139-4d71-8a9f-a6c0d41cde91",-122.41810210006497,37.798910392984453
"4407d9d9-0d2e-46fa-8daa-270a3d44fa3c",-122.41812794917553,37.767304928100209
"440e8388-7035-44a6-8c7c-635119c61318",-122.44073883477732,37.726297641674755
"440f49ab-9a33-4eb0-a420-522d8d5db3ae",-122.43253026448293,37.791360547334
"44144619-197c-4c38-bf97-d73ec7083a80",-122.41758970868878,37.742430192115449
"4422229b-a12c-46ba-9a97-22e9237551e4",-122.41817044097132,37.788101500738257
"4429df8b-bbac-4ec4-9fa2-1265ea9f84f7",-122.45968750839816,37.784377660930545
"442a7299-2939-4695-9ae7-add25c1dcae1",-122.4429456919967,37.792601276440479
"442ce03e-ff92-4b07-94a2-aa42d29e600a",-122.43045387472262,37.766538300171739
"44402683-b53b-4dcb-b684-57ae1e75668c",-122.42186622388209,37.76620051240652
"4448fa79-4b69-4e7c-893e-5eadf34973f1",-122.4026582597503,37.796757881016958
"44610ac7-dfda-42f7-b0b7-f8e3483ef00d",-122.42464231863194,37.76613761537795
"44777288-d579-4b22-b31d-89c7683a6034",-122.49435225819514,37.77546375901872
"44821d9d-73f4-40d5-86f9-2837306d4aac",-122.41215560508645,37.738658910916932
"44837515-ec88-47e3-b69f-5d514c8e7d97",-122.46035016431371,37.723289849358785
"4492d042-b75d-4d20-a785-a6ac7cfea120",-122.43758537035944,37.798499127810658
"4492e5dd-4856-4152-98b9-f271b4f97e48",-122.45077252061476,37.746322837304454
"4493ef21-b382-4ac0-8136-d5bf95059b28",-122.43217993484805,37.792869183370186
"449d0132-ae04-4eb2-a7d0-cdac3472210a",-122.44339711196949,37.781349656096062
"449daa87-d094-4fd9-85bd-c07bd9f94379",-122.41016446614164,37.76077268807574
"44a15f26-f957-4db5-965d-a7ee2046994c",-122.41275049671377,37.7748258280286
"44a519e7-3594-4d39-97b2-a7cf09cf383d",-122.41933393452889,37.767011754852575
"44a6faa1-90ac-437b-b28c-09362023d9a9",-122.4480444122581,37.769961611301383
"44ac2570-a8c0-4ad1-afcb-a15615c22a8f",-122.40603830626131,37.779393730274769
"44c1ff1f-38c8-4a5e-99e3-4363b5866159",-122.39116430239858,37.738985209111526
"44dbb110-07d0-4a76-a253-bc1301bca295",-122.43259886264005,37.764159468774075
"44df8c4c-ad6c-4ba2-9b72-7ae2a0bd1290",-122.42887805503653,37.801275911397518
"44e7a895-af78-45c7-a6a1-092c41902460",-122.40560387729826,37.717447099726343
"44ed7983-00c0-4f02-aad0-55fcaef520b1",-122.42446661885477,37.760418773453758
"44fc6e2e-3c0a-44e1-948a-40d3d27748ac",-122.40666675996208,37.778119019465713
"4512323f-2bdf-48c5-a4d4-d32fefe90125",-122.46098774649168,37.74314059556383
"45220319-c2b9-4338-bf88-f2af80ecf85a",-122.4802786025257,37.782339004046307
"45245c7d-88d0-4f98-bb5d-44d9eecf0ec1",-122.43248698611572,37.752767418332134
"452473a0-aa53-4d66-baa0-afca769d8281",-122.45591603135591,37.72438668033957
"45270d58-13c7-46b5-8f08-2ec49b9bbc2d",-122.41372355826651,37.798440754903915
"4536a7b8-2b9c-4d8b-9bd0-ebe4a2ca8c10",-122.43204695723617,37.777057345092395
"453e59a4-b826-4cb9-8cbb-487b553bee46",-122.40613187966051,37.798647072094042
"454298d3-5dd8-4e64-9c00-6bfda0b0095d",-122.45747999293151,37.730338588163484
"45467bba-a705-4075-8c6d-0ac926a734fc",-122.39577524014675,37.73534202411517
"454dc50a-6426-486f-92e7-92f0afa5e976",-122.41384589000521,37.7515326078624
"45518553-1628-4e02-ac71-0e8f52390101",-122.42904471239051,37.756823711955036
"45585c0f-5c38-4109-a5aa-46057c4c70ac",-122.44474041420443,37.795055034774933
"4560fb42-4e75-4751-877d-b6267287fe31",-122.50225767496353,37.761728207227584
"456a5bfd-a74f-4abb-943a-03cd80184296",-122.49985285862398,37.762449412670705
"456de22d-5592-484e-ae8e-f6d9d74bd7b7",-122.46107061239883,37.742835287279917
"45703686-8fa6-4722-a94c-82dd5bbe3065",-122.42346980651935,37.738076781585733
"45714ca0-38f7-42e1-93ff-bba061451845",-122.46667171411509,37.77603968409197
"45916203-2f84-4e15-80e7-54f500e36c95",-122.42237826435679,37.756423433857989
"45990472-0368-433d-b897-952a606ae30f",-122.42400707871279,37.75324116394281
"4599a017-575a-4f97-a726-29181fe3e9ba",-122.4866467321921,37.742678314208121
"459b835c-88ed-4d85-ab15-fe90b3184535",-122.42359756928397,37.734972709609828
"45a03b24-0954-4942-95fb-a8005df35285",-122.43837141766883,37.773111303005869
"45ac7c12-a619-40c6-b925-134d691b8db3",-122.43903779758409,37.77035716805289
"45af8976-bf8e-4235-97c4-d28074dbb250",-122.4822993365368,37.753051201293353
"45bd6318-b184-41c9-bfc7-367a33beb975",-122.45950566158125,37.7240065713986
"45c61ef6-d619-4822-a382-12d0ccb42998",-122.44511306607858,37.712693903384789
"45d0cf4b-763d-40c3-a9fd-1fe3867e0413",-122.40685194913667,37.779332731033684
"45d36018-916c-416d-a146-b19725f7e7b6",-122.41329462160385,37.750577332302761
"45d3ffba-50c4-47aa-9d2e-cff4c6aa7b12",-122.45670044648247,37.72350626270547
"45e52313-0913-4bd1-8f22-d9d11cfe2a06",-122.48522272592922,37.778247432450883
"45fa082c-548d-4737-b1b1-f8683748d526",-122.4060498231411,37.745886974656109
"45fb6e3a-beff-42f1-99cb-50fae4714d43",-122.49592396677173,37.778725560169974
"46000fc7-7ba9-4160-aa1f-36ec4e6cf719",-122.44224463632187,37.755549076853853
"460e600b-4d4a-45c2-bfe1-3f968ffdc2f0",-122.47341675116077,37.764662615719196
"4610f19e-d162-4ce7-922a-613c761306f4",-122.43590999767069,37.759790221276688
"4618cf2b-3c2b-4b08-b2a1-29b754e94d76",-122.43586308321552,37.785279906723957
"46202f67-3495-4014-91b6-faff3325981a",-122.3925180806318,37.782039382981807
"462cc75a-9214-4c56-8683-ed68f4ff90aa",-122.40449767829284,37.759621313374154
"4635b039-624e-45e6-bc6f-b250fc7a0ebc",-122.41574666361079,37.736084305619947
"4639b2f0-c353-4e40-b114-019b595cec73",-122.41009384489813,37.776868480405362
"463e210a-7944-4406-b6d2-c8fbdeb360bb",-122.42252266088884,37.788512029453976
"464897d1-fe3e-4e23-99fe-eeb7b7c8caa8",-122.43807703736996,37.769573241078191
"464af235-5ec3-4684-8a3d-5766ecca9713",-122.50606791088589,37.77305643385116
"46529d9b-77ce-4d9b-bd9e-e27306b52f8b",-122.4155924842841,37.799376351568817
"465756ba-e71e-4c65-bc43-1202093130a0",-122.41006120981797,37.7479602266361
"465b04f4-6c7a-408f-8762-edf435d073e8",-122.43349144978542,37.762320486690356
"465f581a-8e89-4b10-859a-d86d3f376ff5",-122.50053166137035,37.746494692752364
"46708acb-8ba2-4f42-b365-f6e74e498d08",-122.41041012663234,37.760623015623231
"4673d66d-ad01-468d-8da8-001a557faf8c",-122.46634306357129,37.759913595321692
"4682644c-6a7d-4e1b-a08e-04d5151ae21c",-122.46314540741076,37.747407872402164
"4683c45d-1958-4f01-b7b1-99f6b5573543",-122.39960770919848,37.759182993945416
"468ff136-2b65-4b13-9d9c-99567295f756",-122.4068201506792,37.794535252251343
"468ffaaa-b8ed-4054-8488-c4ade4135eb9",-122.49204234023831,37.775431894322459
"46940fc6-642e-4209-899c-80627a023347",-122.42875033713553,37.759297768577767
"469a7e0a-42c6-4d4d-98f2-0de7394e14d2",-122.44862216256512,37.769417371190208
"46ac91fc-4313-4749-bc0f-479e7155d964",-122.4294497920187,37.73625289593587
"46ac9e1b-6a41-42fe-a802-e5b28d1737ce",-122.42084486273085,37.784110107332232
"46b7dc2e-3fcf-4ea3-8c5b-dac7cee15687",-122.44897727674578,37.749011947175624
"46c04fa1-ac77-4892-a41f-7f54cca2f458",-122.41099651759549,37.777642615755568
"46c1ceb4-c071-40a8-bc3b-8afb19b8924a",-122.41330235977915,37.7569408765678
"46d6ba8c-5a8f-448b-a838-a8bbc98170c7",-122.39698035812253,37.721979429921767
"4704dd21-5d4f-4463-9517-d6bd35c77acc",-122.41418583716423,37.7389946439338
"47063cd0-3128-4c16-a137-cb02aa8ccc03",-122.40473985437455,37.777971272317139
"47315601-9e29-458f-ade9-14ec4452cef5",-122.44634401194789,37.797246248335107
"4739aeee-9f39-44ea-b931-4c7a57b5418c",-122.43661580712534,37.773332126956376
"473b03c8-4584-4b75-ab3e-e2f7840a3092",-122.44112705153725,37.764009668410374
"47518a2e-eea2-4557-85b6-cfe20fc4e074",-122.43659374907065,37.792741926508654
"47539b8f-6201-49bd-84c1-e4f7f482d475",-122.42995056378491,37.772668660988607
"4761d2d4-9c07-4063-87d0-00c56f0b0f9c",-122.44855122408602,37.715039068602508
"47624797-10c0-4f52-83ed-e97607cdfdd6",-122.42550198290731,37.746270638183169
"4762a089-cc8d-4df0-94f3-d43dcf8319de",-122.44330061046955,37.783226586496184
"47663b18-17ec-439e-a8ba-2d5567ec7d9c",-122.4420000536291,37.752511819666637
"47673c39-5300-4716-aa65-b12190d09fad",-122.41995422610526,37.738319180302646
"476776f5-e109-439b-9afc-155da9cf138e",-122.4105283446752,37.74050607143613
"47690b9d-62b6-4c6e-b5c7-16afe7f44081",-122.40259922291008,37.798134281503273
"476d5bed-be38-449f-98de-52c9ac849e1b",-122.42194793772966,37.760433274969444
"476ff367-3099-4ee9-9f49-cf34dc49753b",-122.43200258111433,37.7475991679372
"478208f9-8d0e-420a-b120-63c675679c09",-122.42292273939003,37.758486879819955
"4795fa7a-af9b-49d0-97fa-77d7482ef2c9",-122.4415397149448,37.788975637844807
"479b4344-da2d-4861-aa45-530712fa2d27",-122.43760715619783,37.795003349619726
"479e5bc0-0fc9-4c29-8b18-2c6f4e8c1de4",-122.48946620158621,37.7863741877823
"47a0a111-b494-4b95-9b01-d67575df8e6e",-122.4439766618236,37.747379915459057
"47a35ef7-872c-4ea3-a8a9-99d51ca7618b",-122.42252082508905,37.756100869507321
"47a989c2-ab12-4c15-bc57-0b1c9864534d",-122.43903779758409,37.77035716805289
"47b5e505-f5ab-479f-ad01-2f975c64f5e5",-122.40975093222173,37.72794793737404
"47ba5ddf-0640-4b21-82cb-4b3d602c3fa6",-122.43516106175633,37.757338528046709
"47c08c4e-2165-4423-bbe3-001a63b0386a",-122.47040937673283,37.78402801504069
"47ca3a4f-6589-4c45-b8c8-8caa08aee0f3",-122.48556123772967,37.783968338257907
"47ca7cbb-8d2e-43ab-af1b-063a33fc4592",-122.43372550722141,37.743183116058205
"47cb9e31-155c-4af9-a30b-23f59207487e",-122.42393246516966,37.775280109359443
"47d976cf-95d8-4b46-9629-204c535045ab",-122.44817199205792,37.770113905012842
"47dc5ff9-e0dc-4f23-b600-d4ac3c5cc293",-122.39408787198023,37.758834896674358
"47dc6336-1c3e-421b-ae30-8c0287f58cd0",-122.40798783392927,37.746806330398776
"47e362c2-04a5-4cbc-8cc8-e0d9ab3ed5af",-122.44255419851541,37.796094489782085
"47ef6ea1-bcbe-4bfe-bfbf-5f022708b58e",-122.39542452044344,37.786921966294138
"4804b001-1bff-43ae-8db7-22cb94a90e59",-122.4255464604269,37.739514738362118
"480dccd6-6a8e-4e77-8aa6-d41468f9a670",-122.41314943368567,37.800042933343676
"48145749-20c1-4beb-8d64-b3fe883265f0",-122.41618574832586,37.782043505004118
"482230ec-dc93-4706-b6a0-98cb1ead90f5",-122.505178695246,37.753103762489069
"4822d770-5093-4368-8b84-1572347edfa1",-122.39745177737058,37.746677027731586
"48234f9b-d849-4ab1-8cb5-9fe7e1736b22",-122.41529686931472,37.7738112750291
"4823f227-ff68-4364-902e-cd11c74e0068",-122.42375709249825,37.762669944809538
"482852e8-1816-4383-b8ae-76f080ba7841",-122.44380516959437,37.75525677180898
"48301a64-4934-45fd-afd1-a344e7f1acbd",-122.41980681912158,37.745012981181567
"4835b8ce-91dd-45a2-a291-6ddb55c6ee51",-122.39064816131062,37.735417778284237
"4842868f-a50e-4244-9639-91154f10f9e2",-122.46492605475012,37.721212970558952
"484536f9-398c-4c55-94ee-5b178771888d",-122.47374190963606,37.720509040019088
"48492158-e523-431f-bb04-8e360e0af3b2",-122.39114880455966,37.728054171034337
"4854f4dd-8d02-4141-a129-624057134d13",-122.43787221488878,37.7782298004146
"48596788-1a2e-44dc-b72d-4898a3a8e46a",-122.42816535786274,37.797158284533026
"485b338f-5b07-4db3-b792-fb02ad522119",-122.44137496841847,37.771768686877245
"4860c216-8680-4917-9e3b-d92b74bdb923",-122.48545573022089,37.782515769009024
"4861433d-40e5-4760-83cf-7b1f722707fe",-122.44242415252226,37.792882006544147
"4862ed4b-f4db-4b6b-a24d-eea64d38089e",-122.442431883807,37.7900371230853
"4865c5df-8d6a-4e1d-9950-8a1728640d82",-122.43003904240287,37.801058499162295
"48705c63-017a-4b8f-8691-4090f0b9e145",-122.38758233252817,37.754495968504777
"48727189-126c-46a2-bbfc-8716f0cf5731",-122.49031811039298,37.745970509975834
"48746eda-86de-4bc6-a815-c8e4ea9dce8d",-122.4135675195073,37.740834781693515
"487869b1-900b-4416-8720-e215603df07f",-122.47391653642671,37.7815066931227
"488abbc2-600b-4986-8892-7bbd6ed6c0af",-122.4503776263972,37.716863155338963
"488f6ce0-0e9d-4dc2-92f8-8084a704ef3c",-122.43352887941263,37.7356493207626
"4891d6b1-0508-43a5-99bf-f4635d68ff0a",-122.39311542977018,37.759221308957343
"4893972e-799d-4ce7-9e78-65aaf66a019a",-122.41751466523971,37.733811406293505
"4897ad23-9dee-4da5-9cbc-92d4f8ee4ae4",-122.45277401127926,37.786984192144793
"489cbb4a-749a-4016-9395-1f5687d2bb91",-122.46554661631596,37.76078745103964
"48a3ef9d-b9ea-4300-9d52-c2e824d1403a",-122.43463319854472,37.7986807902267
"48a69506-b75c-45ee-92c4-c4b82c741a18",-122.46013145572107,37.784765220728652
"48adcf6b-55ed-4b57-92bc-c26a166c598c",-122.43309750878423,37.76756845500195
"48aecd31-4f23-4021-8f4a-59097f252d12",-122.40419054819303,37.752765148393131
"48bb1f90-6901-4f38-ba43-e8f345a0ff1c",-122.38904477576648,37.757187266243307
"48bf970a-9dfe-4c66-8088-ef4b936c405b",-122.41314266896535,37.770655044037291
"48cbeaaf-957b-44b0-8b6b-eac538496ea2",-122.45184050613473,37.729467451062057
"48e5f44d-1ee9-4f33-9117-d5beeb691dec",-122.48880037683163,37.788175939927534
"48e602fe-0a6c-4ecb-85fd-b614ae03fdfa",-122.42808602606728,37.752744937187586
"48e9a1cf-a583-4060-a745-2decb15a32b2",-122.43845238971554,37.787817786052607
"48fecdc2-af77-4e33-a9f7-58a05b5c2310",-122.40110888178891,37.750978566772211
"48ffa92e-4ea9-4f90-8094-997bed0ddc46",-122.41033502441552,37.801831346245756
"49112fa9-231b-4cd9-aeda-f5dcc2f94abf",-122.41078839342063,37.784792842731889
"491898c7-9d2b-407d-b259-d3cb39c01eb7",-122.4290697637913,37.788232981256442
"49201087-2e33-4644-a63a-72b440c24701",-122.44477591964588,37.770760798961646
"4925c63a-ff14-4b4c-b4c3-d804bf924875",-122.41344334929012,37.758414875144723
"492998c9-f5a4-4a45-b471-e47da72548b1",-122.4277095001593,37.782112660370359
"492bf77a-517a-46e5-b8f9-61db4cd60337",-122.44041320380543,37.749897853188891
"4942782b-1d7b-4318-8870-17004072d893",-122.4792351445184,37.764751031615937
"49445ce3-6750-4310-8bf6-879e481c9403",-122.4132761162012,37.752200415958143
"494c7141-7b2e-4299-ae1d-760f554cfbee",-122.40758200729373,37.780528472699721
"49504354-dbb2-499a-8dfa-e40f580cf5d8",-122.4218608865031,37.756454579862
"49589d48-c711-4539-a687-238c14ca4adf",-122.48707227813688,37.788850834621378
"4962a2c1-a697-47c3-a0d7-11292f132c4b",-122.39214757088797,37.719426005815357
"4962f135-12fa-49e1-9aab-d028ff016ace",-122.40353419630475,37.727203315769415
"4966bd4d-7b1a-4eb5-8563-ed1970ddcf14",-122.41142166929241,37.753891081103326
"497c268d-4383-4a2c-bdef-283674470b74",-122.42472771800503,37.77823380626117
"4982d073-d8e3-491c-b4d0-0ee6cff09e67",-122.4449188258471,37.71410288186123
"49896e1c-201b-4eb1-a41c-a9127735be73",-122.44538017772652,37.778403786513927
"498cb9d7-eb32-402a-a00c-bab76e4ca3c6",-122.50169871144124,37.778591957892836
"49906caf-6ad6-4dbb-ac3e-ac209abe0604",-122.43858978887437,37.797873769328781
"4999381c-4905-47a4-bf81-c9781717287b",-122.45096122675226,37.784777996818875
"49a37c4d-75bc-4953-962d-45c0bfde3f34",-122.41593991272127,37.750513756797517
"49a99c2e-f391-49c8-903c-e41b5f419d75",-122.39218221128037,37.737399341596984
"49aa32b3-9e26-4136-9462-215a41027228",-122.46851061099858,37.720430520918612
"49b17873-8456-4099-91bc-b9cb37e020ae",-122.4713868017988,37.750841865925871
"49b6b688-27d9-4da7-837e-84b4aace3172",-122.4203404102074,37.757695178017308
"49c7f1fc-0a7a-44b5-94be-bc11d23394c5",-122.39553605334656,37.717841110844873
"49ce3e0b-697f-4f42-b0cc-9a1434038596",-122.42813311944356,37.767694139367919
"49d3dd6b-4c5a-48be-93c5-8017290aff72",-122.39585681290619,37.736311180849512
"49d432ed-6a49-4c1d-8d97-bb0aecabec3f",-122.50206851468504,37.774628995490161
"49db93dc-2da1-41b3-8309-a3125ee4a8fa",-122.46538062981516,37.787027484637889
"49e080aa-d22a-42ba-b40f-f5bedacc40b7",-122.42701182299906,37.752433522811749
"49e10514-4fe7-4172-b5cf-5bec9590fba8",-122.40103912227431,37.753891287941876
"49f3b722-cb78-4d5d-b141-c1fe2c399489",-122.46244099003384,37.7360564380993
"49fa0e1a-85c6-4091-a405-9464a15cef75",-122.39213398925874,37.731197382398136
"49fcb88c-3356-4d8c-adfb-23530cce3425",-122.44112211440429,37.80050222781621
"4a074385-fc20-4363-a21a-011087fce312",-122.42741159436561,37.73660492575889
"4a0ebca5-0497-4004-accc-42e41f6a8f0d",-122.44223712516086,37.757009320866707
"4a0f4891-7960-4c9c-9502-2df43665385a",-122.42837156806472,37.738399808736929
"4a151f07-ccb7-4fbb-a764-9bb23996d8e4",-122.44628518418315,37.800796842283276
"4a2671cf-95ae-4ade-8a8f-e4aa7b6fb32f",-122.40609726667587,37.801610800227174
"4a2cf6d9-07e3-463a-bea5-3b4fb27280d0",-122.39105856710468,37.729808007067575
"4a3d2ea1-dfa6-4527-a2bc-3661b6be11bb",-122.436142206102,37.755534774941189
"4a41e475-7ead-4b0f-950b-8e69909cf9b7",-122.44562290291272,37.793597636650375
"4a4fa88d-a84e-4db7-ba34-c2baf12aceef",-122.45131833027257,37.71678584746104
"4a543d98-0290-453d-a718-88918817945c",-122.39664572636158,37.758742413145676
"4a63729e-88ab-4936-850b-341750d291e2",-122.41101989809765,37.747649625260259
"4a71bf2f-0268-41d7-b651-11c64c08480c",-122.45325699277146,37.7836472773531
"4a74d811-b4e1-4a04-8f9c-fea14557522c",-122.45651303097451,37.714499318040957
"4a7b1606-8151-4d73-95b7-ffe044990c53",-122.38604811563285,37.729805083517626
"4a7cdd26-582a-487f-b173-e4699ce1a278",-122.41532314299513,37.775895185313381
"4a80d399-2c8a-47ab-b9bb-e3e882c878b5",-122.39062712439662,37.753478106062573
"4a90805c-dec2-4574-b272-f13143a5b696",-122.46110157669705,37.743360307437541
"4aab5506-b6c3-4ee5-83ec-dc26bb0c7be3",-122.48215390166533,37.781621364907458
"4ab1945b-a88c-4044-a7a4-99edcdc47621",-122.47562872027089,37.759215674398781
"4ac2a393-5199-4564-96fb-b5bd88756e4d",-122.42318556818863,37.749191227984156
"4ad05dd4-22ef-4f07-ac64-dc73c5503152",-122.42257956183886,37.725708697447629
"4ad5e212-6d22-4071-8d44-681704918881",-122.43100280717907,37.796225176779863
"4ae22773-43df-45dc-8769-df70b36e6039",-122.43991629235704,37.790990227959071
"4ae3dece-42e0-4036-aa2a-68f350991753",-122.46175659734664,37.722668993295329
"4af6c7a5-4ebf-4e5c-94f9-440a999c93c4",-122.42084486273085,37.784110107332232
"4afa508e-1a54-4d68-bd04-60bab40084ea",-122.42063996113025,37.783096628473963
"4afcf0da-daa6-4c6d-b0c6-d7da6e1d9dca",-122.43807950336466,37.718239695442996
"4afe3619-d702-4bf2-9c22-a4e065db6789",-122.48859942440387,37.735557670425258
"4b008740-4926-4734-84f6-a1a17082becd",-122.39664572636158,37.758742413145676
"4b016e71-b706-4c69-9a4f-edae32e913c5",-122.47071277621211,37.71391852852399
"4b01ff29-e116-447d-8202-4d6bcd2018dd",-122.42387439430712,37.778342093213034
"4b0de51a-7c51-4314-a1f3-fe7039c5d432",-122.43352176654339,37.758115777713577
"4b253c33-7f03-449d-838e-1bcb35240e6e",-122.41336634009721,37.757609767065588
"4b282704-9643-442e-a615-65fc4f18ab6c",-122.41581193657743,37.79091914884112
"4b32133c-becb-4943-9d13-87f17fa67ccd",-122.4126271242431,37.730456841011204
"4b33cddd-1931-42d7-a95c-23788bd749ec",-122.43142052504241,37.725603935967484
"4b3810fa-ac8d-479c-a2d7-3b8ad9dc51cc",-122.40140862197181,37.75772518646
"4b38793b-7ed9-49b5-95be-012582c17392",-122.40757219489056,37.756876855678676
"4b419037-c9dc-48a5-8191-dcb4956d0e55",-122.4487671316041,37.762216174559335
"4b4aba15-56f1-444e-af20-dbcc0354cfa6",-122.39300437658049,37.787681345769279
"4b50f8a4-0ab9-4ce5-a367-0df0cffbc584",-122.42441367241581,37.752087693511619
"4b5991f5-4d74-4433-9243-823fd42f2b1b",-122.3820478974997,37.735256183859491
"4b64f355-c2ae-4683-ba2d-88d3cbfdf531",-122.50263486480011,37.742386425667476
"4b6c2f5c-a485-4a11-8f4d-a7745e613a3c",-122.46876261918314,37.760715087081159
"4b7388f2-6f82-44c6-bbe6-add55b8a390f",-122.439182276912,37.782567777708472
"4b78a2c9-1082-40a3-84fc-dcf36ea4708a",-122.44119294027908,37.758629225365461
"4b7a2040-bbb5-4b10-bc0b-9151ec41b30c",-122.43802864500704,37.793987610600851
"4b7a81e5-bfb1-4797-bfb1-f2ad79d9b9b2",-122.44423901036053,37.783259909198762
"4b8ad2f2-6bc3-4f53-b4c4-8cf42b6f6d40",-122.49835291644779,37.773551927945249
"4b8b4573-f497-448c-9bff-caf0c97e8913",-122.48132302963018,37.752541812828724
"4b930769-4323-455f-990a-9648bf331f91",-122.41415246640292,37.7572329014702
"4b9ac3ec-7a13-43f3-9ba2-886c76c011d2",-122.49701410862191,37.76361958480161
"4bb047b0-cc4c-4626-ab33-108450389498",-122.46087736574265,37.732316589195939
"4bb320aa-33c8-4be3-bb4d-00d13b2167a2",-122.44180243941334,37.799632809545578
"4bb36386-4518-4e78-9ad1-c9460157d404",-122.44979644082791,37.783293244020683
"4bb5ab8c-60fa-479c-9675-47b195c520ae",-122.41576848307893,37.790702110738863
"4bb7087b-6af9-4f14-8b01-cfa2e9336a3f",-122.4040701881365,37.729075860222409
"4bc48fa1-184c-4f17-b88a-b229f28b9a96",-122.4111084772296,37.799806997878314
"4bc6554e-a278-45e4-a2e8-3c8ff78177de",-122.41195829103685,37.785068006128746
"4bd754ac-2ca1-4874-be33-a8e92c3c66d8",-122.41022377058569,37.761382376720334
"4bd8cb16-285f-41ce-b2e3-2046216b7fb4",-122.41388807700793,37.782560620959323
"4beb880d-a3a6-47db-8cd7-2e5063b25ca4",-122.45620143725729,37.77474272719757
"4c02f296-1a2a-40e0-9c82-82579ac494eb",-122.44398488945031,37.783866011429019
"4c1d8c4d-3cc9-4670-84ba-6cded6b2aeae",-122.44555255418091,37.7774634033392
"4c23201e-e95e-4726-a4f4-ffef29d5c1e4",-122.47602538450204,37.757887990851067
"4c2e7cdf-ac46-4b35-8dff-28462157acba",-122.4107375057372,37.722734931541844
"4c392f58-c704-4503-8e0c-851856f64800",-122.41451483757147,37.733330564181564
"4c3c0ad4-1211-4dcb-9150-9953d87ab243",-122.43539525977147,37.7583407754963
"4c40d23d-1d40-4d25-842f-8bd3e0dedb1f",-122.45837478878336,37.765753081571695
"4c437593-f5ea-4ee8-b7ca-343104e052a9",-122.4434702444987,37.712423750332675
"4c547722-3cea-4527-b243-1049103cbb55",-122.39714802079993,37.716616230717193
"4c5babaf-6ded-4f0f-975b-fac530fdc2da",-122.48808189733046,37.743509101484214
"4c5f09af-bcd7-4cc1-abea-c60c44b1cd4a",-122.48091296735312,37.752064799907828
"4c6f2c36-3c8c-46da-a7de-706551e00b0e",-122.42822989028976,37.754167280878846
"4c73a89f-cb42-4cef-afc2-5486dde80045",-122.38341133458549,37.729253714786687
"4c7bb200-61a6-42ad-aac4-cae03697e024",-122.39318785337569,37.759985148856046
"4c7f4264-4e98-403c-afd9-f0def2f1d3c2",-122.48551202403942,37.743415870525432
"4c7fc0c4-8c83-4e51-912c-2d2ae80f433a",-122.41388997237175,37.797084761903058
"4c8bbc49-053b-40f8-a578-f59b1e6a05ac",-122.44148326517514,37.731126532521664
"4c937405-6391-42d6-ab15-5237079e8d68",-122.41926197985383,37.773174022567275
"4c9c324c-ee8f-41da-8dcc-e59e4b31f1bf",-122.39505646722331,37.777321321618992
"4cb81b04-217e-4141-b7b5-5e8ea2bbf731",-122.49226007607311,37.774459121852281
"4cbb63d7-2694-47e6-b527-5694c71e3824",-122.43184936970603,37.798029391840089
"4cbc5893-469b-4834-b044-4455b1a5b746",-122.40765731778204,37.777838989505746
"4cbd1fa4-0242-4156-b3be-a7ec76a3245b",-122.38926794141177,37.759589040100316
"4cc1c3e5-a835-4be6-9f6a-3cfb237b194e",-122.49431238845008,37.777059561307311
"4cc21fa6-34db-4d09-aebb-3ba08d6824e7",-122.4513950832535,37.769918462285681
"4cc57e5a-c7c3-4bc2-9d90-b2af3f00640e",-122.42058922643633,37.739844367808587
"4cd64597-eef5-4c65-8c47-10294e289dad",-122.42086382978594,37.802221198782291
"4cd8cd42-3929-4a43-ade7-d4c2d6c3ac8b",-122.48338173582509,37.762557297835123
"4cdef8e8-630c-4303-84de-72b01411e96c",-122.41455405969251,37.738247658635871
"4cdf714c-0c06-4260-aada-7c7d85957740",-122.49784150370432,37.754167623503271
"4ce046d1-45d5-4f82-8bc6-347359c0442c",-122.39787927100555,37.757843935632607
"4ce254b0-1f7a-487e-9bae-27d522fea486",-122.38790263178869,37.760924024234818
"4cf3c0eb-30ba-47cc-b673-03281a5df3ff",-122.47129446413518,37.781421458154604
"4cf6eb4c-18bd-4483-be4d-0b76ecbda14d",-122.46306674563512,37.765409946694852
"4cfa26ee-ceec-40cf-a616-a93e256b4422",-122.41980884162828,37.758980749610259
"4cfdd79e-e680-418b-b1b2-b9fb4c59e4a4",-122.4434030773055,37.759517412240783
"4cfee12c-8507-456d-b2e2-19c2e96768de",-122.37767747416376,37.732613630331919
"4d069ae1-ef3f-48d0-a95f-40af1f1504bd",-122.41975988903268,37.796873480279
"4d104d73-a6a1-40cf-9baf-9a90d9075d8c",-122.41500704146809,37.797517119190296
"4d2486ff-918c-4824-afc3-7bad32d943db",-122.44667333247894,37.763663250501438
"4d2c2bae-783b-4429-acac-11fc39372e8c",-122.44123130283282,37.774298993004741
"4d32ba82-0709-4893-a0ed-2fdff14b67c1",-122.46424765213479,37.753199125093566
"4d3c943a-1dcf-4dc5-88c7-0b61a6eb3212",-122.39202955591341,37.73636923981347
"4d410eaf-b557-44a0-86ae-0ca0ae8a9966",-122.41788201905497,37.804768978688308
"4d41ec63-e553-4609-a371-0b08fa8ec8f4",-122.414152379754,37.745965071798942
"4d4979e0-c4da-4870-b59c-3664c2c88b0d",-122.4419134875758,37.793797608891019
"4d4eedb6-5f67-4e88-ba94-a774182b777d",-122.42161313661371,37.798949186739435
"4d52ac9a-29bb-4c6e-bba3-afdbebfa33f8",-122.42599461629774,37.770065169080517
"4d5367e8-72b4-44fc-b05f-244e90b5a4ee",-122.43928237032758,37.774897428559896
"4d552683-a59a-48ef-aeb9-775a439d7abf",-122.40316630426425,37.779632995257373
"4d67101d-ffcd-40d3-a266-0408b5438239",-122.41196382755648,37.772281563741529
"4d6bf47f-6d9b-4cd9-9062-147e9577d5ef",-122.39250668689677,37.738324995483417
"4d75b3df-1908-4331-8996-feea6b0838f8",-122.42200694741534,37.761049424942222
"4d785776-c22e-4d11-92e9-16325a223da0",-122.46546841933171,37.784244982104838
"4d79d23d-9859-451e-8ea5-4d225229743a",-122.38629044599972,37.732680091952396
"4d808cbb-0f8e-46cf-8904-d3b89c9f4823",-122.4772314856089,37.782063906348682
"4d835a57-d9a9-411e-8e45-42ce7ca7f629",-122.5061701588173,37.780863613235169
"4d984617-d1f3-4aac-8dfc-87acf67b0a12",-122.41987784187067,37.750235294017159
"4da9c551-8e93-417d-82e4-37364870ef99",-122.39091498838994,37.73737338342923
"4db0b4a5-8277-4490-8889-8e1c36c51339",-122.43022989514684,37.769498070736546
"4db8af00-459e-4e08-be2e-b25a12d99020",-122.47115328971589,37.749504630413163
"4db968e9-60bb-4fc9-8131-5d79b7032548",-122.44065373837149,37.762867958230252
"4dcc119f-8ad9-4165-8ff0-dbaaae94563a",-122.41223959275302,37.7758804506847
"4dd65abf-80d9-4095-9370-5e88c8b0d78d",-122.43219384913985,37.774846279808649
"4dd8b867-f455-48db-b497-d58335e49f37",-122.49254167889745,37.779558015849204
"4ddbbc01-10da-4627-b076-e51a9587e0e8",-122.46572465478985,37.763336489055511
"4de351f9-1060-4127-b61a-93a8edf1fff8",-122.42678346837168,37.794267505910383
"4de98674-3064-4c54-b47d-a31ba752d452",-122.41278415656663,37.739864198037225
"4df86bf8-819e-4967-8a1f-aa85d628e8bf",-122.39140599965836,37.783627343343547
"4dfc8336-f59c-4a08-990f-ac38ea85d276",-122.42002227036761,37.793784519220431
"4dfd8987-9815-465d-9a29-ecbbafef87dc",-122.43635760905013,37.775738224430221
"4e00bfb1-39c8-4141-89ec-b9e268926215",-122.44413685932123,37.79011349614818
"4e09987e-aecf-496c-a1ad-baa11d7749c4",-122.4126302738959,37.71407053308144
"4e1873c2-9fdb-4656-b2a7-1871f4862e7c",-122.44234652486537,37.760528238544062
"4e19079b-f489-42f4-a688-8f7864907624",-122.39682343366457,37.738140832659333
"4e1b27c4-2113-44ff-8d03-3396b023cc88",-122.46942534589283,37.779583365289419
"4e1f3f9a-5f27-45f3-8370-98e20e09471a",-122.40619423859566,37.796528487678117
"4e204834-7fae-4c63-8898-eb6f425f387f",-122.40909459760923,37.793211946819895
"4e33648a-9f68-4555-b1f9-1b148abf2f39",-122.39833638330384,37.718654095232445
"4e3566ea-b860-4e57-9564-40e57e77127f",-122.43488448173635,37.732650174505956
"4e361968-299c-4c16-bd86-5f6224169d14",-122.44582003378423,37.758840220321069
"4e4595fc-969b-4a0c-a8a1-6c3025304c2c",-122.42816104903356,37.776317716938827
"4e49b025-9a81-4230-a5ab-2e16ca3e7fce",-122.43932289551553,37.754283615062839
"4e4ba32c-cebc-4648-b352-dd198c288fbf",-122.44471819037723,37.769706518268123
"4e50976d-6509-47d2-920a-597faedcb990",-122.42992442170321,37.7607939337231
"4e5844c3-232e-46ec-b7b9-e76e4bc83d37",-122.45329503753845,37.709358744190858
"4e609fe6-22b3-4d56-afeb-1c76878dab61",-122.42072923151346,37.800629999202648
"4e6d3a66-2874-4bc3-bfc9-f4714d62e9df",-122.41710069953881,37.767146613351557
"4e707576-4c19-4a8e-bbde-20264376b8de",-122.3974376637249,37.76336906265513
"4e7ba9d0-8a1a-4f1c-aab1-95c96fe7b289",-122.44451304917992,37.800346315817215
"4e807893-a4da-43ce-a26b-a4c7a4bf5aa7",-122.44352767500179,37.774743661918592
"4e8e6c39-0397-4a78-9dd2-40416d5311cf",-122.44461706484086,37.788939057181409
"4e97da39-a5e8-445e-baf4-55bf23683148",-122.47056352259219,37.765131849166835
"4ea47ae9-639b-42db-ab5b-691390655076",-122.45466722082604,37.723168362391355
"4ec4faac-e76d-43c2-91f0-6f727964c43d",-122.44150356703034,37.734154845674084
"4edd940d-614f-4f99-b8e4-1bbe772c0202",-122.43756193590838,37.757160162290837
"4ee1ac50-b460-4b17-8407-c335df2e8832",-122.4305144810703,37.7991684971269
"4ee79e6c-95ff-4ce2-bc74-f5b049630260",-122.43673360012225,37.792290898735182
"4f06b14a-a1dd-46e8-ab6d-18ef5ed11e72",-122.39761986291239,37.783981635253376
"4f0e4cae-bb7c-4522-ad8c-a4cd01c16f51",-122.40809262800884,37.779159782433226
"4f0e75b2-7527-4032-9324-4581e99a75ec",-122.39352394297279,37.752930689285265
"4f271b11-c7b7-4afe-9e08-6268697bc91c",-122.41745803807579,37.757210356037319
"4f3f7a03-2fe2-4965-aebc-a49228663e5c",-122.42088012030584,37.763738011997404
"4f3fa3b0-f9b6-4830-b11c-cd02c9cc65d8",-122.4229731470494,37.804895679084019
"4f435110-cfd2-4251-8061-6bb79cd7a90f",-122.44753685744176,37.763205578435148
"4f4cb0f2-d234-488a-8818-7e79992ca1d0",-122.43508408128721,37.750834894587861
"4f4e76be-170b-40e9-9aa6-8f6dd3040834",-122.39275891796109,37.718151024650545
"4f4f65ce-8f03-4161-9686-d50806adc457",-122.39046256562897,37.721304343824279
"4f5286da-8ce1-42c9-8724-8a1e805078d3",-122.42987649420343,37.798281018172723
"4f562754-85aa-441c-a401-2ce852142916",-122.46525298267389,37.762463270341307
"4f58c18b-451a-4d6a-a807-e3ea2f6cb0b5",-122.41003069125868,37.788563394234266
"4f5d7126-249d-4805-a397-8c401804a51e",-122.45018967948775,37.758216888218094
"4f617530-8cf2-4f4c-9102-37beeaa0967f",-122.47490583816109,37.764254765042281
"4f644bf1-65ee-498e-85bb-ded1536a58ab",-122.41232645440429,37.758591290831717
"4f7369f1-5981-40b8-a049-dec49789b059",-122.42533440689387,37.799814627228436
"4f7e5385-e048-4de7-942c-08e4caef9f63",-122.43742888480513,37.751494827748395
"4f8cda94-49d1-4350-a5e1-1ccceb9ee988",-122.40141053737311,37.792328810888627
"4f98f31e-2643-4c14-b7db-56d02970d9d3",-122.44489336784136,37.804933248573853
"4f992d48-001a-4aca-bb3c-38ba46dfedbc",-122.45936725704348,37.748493259310521
"4f9fe37a-1dbd-4fb2-a608-a6fba74fa349",-122.43109190025426,37.797066081771646
"4fa26be9-6ff6-471f-8db0-17ab079c1caf",-122.4378969010246,37.7793189682413
"4fa37be5-63d8-4c9d-8713-b8bd1d9de7ee",-122.39557440888544,37.786593399449394
"4fa53150-0b2e-4da4-a5f7-0f88b609ed4c",-122.46130043654374,37.712707112636863
"4fa786e2-b4e5-4cf7-8a35-4b63a6604fe5",-122.40533135615728,37.710329750276429
"4fab69f2-92d0-4b2d-9839-aeadb9d2f01b",-122.44469680897244,37.75278435783477
"4fac33bf-2871-4928-b947-f779733c2f8e",-122.50755462037461,37.773483407255348
"4fb821f4-8f8b-4f62-b659-51b279ce41d0",-122.49071451109762,37.781152989282788
"4fdbd7bb-9ccf-4b90-aaa5-2686d0390d44",-122.47050748552115,37.785474939254364
"4fe62183-5858-4a09-a496-60422446bf58",-122.40345436434851,37.75879049748616
"4fe87531-a250-4fe3-8891-a549d74d17ac",-122.46455410716342,37.7559747209573
"4fec193f-d9a0-45e0-ac18-a3a3a6b87fcd",-122.46673691149495,37.762425622611552
"4ff29b58-73c6-4437-9910-c5e2c5859764",-122.44855347202294,37.769078437025989
"4ff7cf7e-e10a-4180-8605-93bc2d7bb18b",-122.49335034968279,37.772886375980406
"5002c5d5-a9d2-4ae3-8bbf-324bc0c1dadb",-122.42942848961071,37.743965627400584
"50136330-7b05-4373-a78f-5777c99e0c16",-122.48617113893705,37.777572878293341
"501d507a-4c68-4cf9-867d-bfdddba6fe59",-122.50062481701228,37.778571998178052
"5024507d-018c-49ce-95b7-00116b98dab4",-122.39094724778437,37.734558255436191
"5025e0ee-01ef-4e88-b152-c5118c4a5128",-122.44063282436494,37.792147999288353
"502bc209-966f-4612-93ea-183ad2706a65",-122.41540333828182,37.793665444199348
"504036a9-dda2-4904-9710-f44cd1295493",-122.43697157926036,37.779976018396681
"504a0692-2519-4bd5-b97e-47ef108a3384",-122.43435755133251,37.745243562700921
"504d4349-f773-4a8d-9147-d236ad914adb",-122.41400482799204,37.786144904158881
"504f43d1-b08d-48e0-ba07-b595fe6531f7",-122.41341064415307,37.739825681069917
"50507a46-43a2-49ac-bc7e-44d62dd3d293",-122.5021420079127,37.745941999456861
"50512077-0aff-4a52-8e47-f3d1c5c9c89f",-122.50414289268745,37.757966563388024
"50590d20-c576-48d0-8c3c-0664abd29150",-122.41795027951784,37.804457711922396
"50611655-3608-42da-b6e5-de9aa424f087",-122.44762793003522,37.783024471981861
"507b308f-bf29-4c74-a0fc-e28f8dc99d16",-122.42455073712489,37.80247105413423
"507f08f8-fdc7-461d-936b-f1ab42f5bc74",-122.39934004008029,37.799076060385978
"50807b5d-332d-4e2b-9b65-f6994466dbbe",-122.43090318805017,37.756714710561027
"509dbe32-66c9-494b-8ea4-60f4913a8893",-122.42976614786275,37.801009380675069
"509dcc23-6783-4d21-8480-e882232f265f",-122.45401913243664,37.783352913506775
"50abc8ac-07f1-4295-b4f3-71ea65c65b5d",-122.46082353000467,37.77609922769885
"50ae5081-bbaa-4704-8a83-a3593de75716",-122.41877758358849,37.767141452441081
"50b3e9bd-566c-451f-ac2b-e98c9d64926a",-122.42353307683649,37.802621787710223
"50b45471-0113-4a15-a26b-34e2084ae09e",-122.4106026246907,37.777523887992757
"50b68f79-ee79-40ee-8cd7-f3737bf6673d",-122.44711869249774,37.768486729106215
"50bd5aec-1c68-4b13-a2c8-ac712325097f",-122.41641598256354,37.75548926593607
"50ce0bf2-1d2c-4281-8bac-9b42071bdedc",-122.44706020931451,37.790510820188125
"50d24308-7b9a-47af-97c1-01166de84c0c",-122.42056604550216,37.804911027714546
"50f2c2d0-0a35-4e91-9dee-2fba0cf002b2",-122.4422140684453,37.80316017869233
"5107dac2-464c-408e-a8da-0b0c733affe6",-122.42477504833789,37.799503300069425
"513d1514-bad7-499d-b6b6-96c811f45ac3",-122.43060388808978,37.740605296385773
"513de1c9-f4f2-4b91-a7f6-f394f2c92a15",-122.40809812612292,37.742229036248069
"5141270c-d3b3-4aea-9ba2-3851ae0b0e66",-122.44321495547813,37.723363516541255
"51499b27-e18f-420b-a028-fa18e8d231b3",-122.39661255552348,37.787266319128491
"514ccdce-773a-4986-891f-ff91bc5950c1",-122.42614849520794,37.740242687319636
"5150baad-00e4-4d10-9dcb-060a555d6fd0",-122.44477006770991,37.765661900466391
"5152e8ff-7e2e-4e39-a023-b1b43ed7a5ba",-122.40733130653179,37.733856528416645
"5153dacd-2f40-4109-9cb9-bbbe465cf738",-122.4217672733899,37.736489657181025
"5159f259-2253-46aa-b1ee-27b53c374a43",-122.4113485344251,37.783548845767569
"5159f5a8-1f56-477d-b5b9-7060ed020eec",-122.43581173415168,37.804220132280854
"5163b3c1-2b91-4257-9018-b53cdf1ead1c",-122.45966986689803,37.778366726723526
"516dd2d0-6768-43fd-a368-56e25dd8056e",-122.4689089936068,37.778155954807339
"516faf21-5f78-48f9-812e-8482610deca6",-122.41429765612676,37.792954667594145
"5172bd95-b195-4777-a2dd-901bd97b142c",-122.41358003030781,37.799988123151572
"5186649d-21fa-4966-a70c-94c272339c1c",-122.40362340745813,37.760573108946225
"51881e45-761b-4923-967c-fe9da13a8c82",-122.40484930790635,37.759669445301142
"518ce89a-1287-4d13-a0d9-4af6c943b4da",-122.42125499191292,37.741507059071196
"519aee14-65d7-47b6-a017-6f71534b96b5",-122.49069956079157,37.780947356480652
"51a17ae2-77ef-422e-9ef8-b3f128e81ec5",-122.43464193954824,37.779316863999689
"51a21024-b40b-413d-aa08-7f4d80bbc7cc",-122.40802279866986,37.747824104316265
"51aec7f3-9d2f-4d53-983b-0a3c3446c57d",-122.49067065516743,37.781862407975595
"51c39a1a-4f1f-49a4-8dc1-c6bcd4e1e184",-122.42683528855028,37.75525257780307
"51c54af9-b87c-4db4-914d-bce2dfb3515e",-122.44561697970724,37.77069668946713
"51c55710-91a8-47d8-80c2-418f4e4bf56e",-122.49378214255023,37.778822657240624
"51c816c0-a7b2-473d-b6d4-9554b4d989a9",-122.50024277017941,37.763683123378456
"51cf8760-2ba0-4660-ad94-75e1be2581ff",-122.43816057762733,37.736127404446037
"51d529be-3750-43e1-9467-e55756740411",-122.4359494267562,37.754651256647726
"51dd9d75-490e-4639-99c2-1cd716434e56",-122.46017711520366,37.77626616374291
"51ee9c66-6ad8-4c44-9d61-c6ea186556e4",-122.42485363510838,37.73459776230321
"51f03f6a-4de1-4b93-8bfd-8685543c2f32",-122.41403000412268,37.757925011400459
"51f614cb-b38d-4fb9-bb3a-567fdae467c2",-122.40758200729373,37.780528472699721
"51f9caeb-c185-4a7a-b7ed-a65bcbe5789a",-122.48607673851032,37.777824734034105
"51fb2e2b-ded5-4552-aead-95bfa23ba151",-122.43593441841939,37.777239785666232
"52007aa2-bf93-40a4-b2cb-140f1570f177",-122.41648762970438,37.767266255594613
"52077588-b3a0-440f-aeee-657e64472a95",-122.46060241098836,37.78135763519667
"5208255c-2c2b-43dd-b8ce-53009c71966d",-122.41524915575152,37.775953753389771
"520a0db6-6aef-4463-aa84-000eb0b1823a",-122.41637559792918,37.759970306126235
"5219251b-7cfe-4350-bf61-d0ced83c971e",-122.46724336247723,37.763723642359068
"5222f7d5-34af-4a4e-a52d-709dd708de73",-122.43672475339716,37.735935977436583
"5229ec79-f627-4a12-9e55-423b39eccd14",-122.47611529230358,37.77809506777394
"522a0939-8b66-4daf-a01a-780164ddccd2",-122.39826732518274,37.779875781511983
"522edd0f-9ba0-41d5-b562-2999bb8defc0",-122.40712529525894,37.757654310199626
"523600be-c9bb-42d5-9bf3-29c90eec636d",-122.44162558862035,37.765568545693213
"523882c8-9d73-4c00-a1f3-986f0f7d9031",-122.40957481428636,37.760419680312417
"5245666b-6080-4321-927f-8e9a73b7012f",-122.44332401542594,37.716081666974659
"524957bb-c51a-418d-a62a-62237d937347",-122.40733708927273,37.78081979099786
"52499d71-89e5-44d0-a559-8805d7765dad",-122.48415697981999,37.77653084296395
"5256c0e3-40e7-438f-9a1f-65ad0c935b55",-122.48457671316628,37.787969170730321
"526fb411-cb84-496f-a994-2df520baa20e",-122.4743695572778,37.780392000907511
"527d5da4-b4f1-4ad8-9bb0-51895a714d35",-122.39622898961206,37.784149213711359
"528913f0-9c95-434e-ae23-e68947446c0d",-122.43052582091607,37.788251127586264
"529319ee-2b4e-49fb-9be9-f2976008edfa",-122.38921926843962,37.7590652237114
"529ad5cd-e1d6-4176-8395-17eac2d30130",-122.39468654930477,37.710758961530949
"529e1276-a1c1-4e23-ae7a-4da32c05329e",-122.47490149700218,37.785619634577913
"52a1bd9f-badf-474b-a4df-7130d0519b06",-122.40141053737311,37.792328810888627
"52b373fb-6ac2-4ba1-9e6d-e492625b2f2e",-122.42886340226852,37.740545586128114
"52bd7ef5-6215-40f7-9b27-956b5a807eb5",-122.40398991472797,37.795863736704334
"52c5c5d3-40af-4894-92d2-35a44adb41b1",-122.47875137047087,37.744677918468646
"52cd3c8f-d2f5-4a7c-9d34-a7f77d9bd3b2",-122.44286926883787,37.75627652126478
"52e23182-a7ea-4bbd-ba44-174039bd3b57",-122.40808281311007,37.757328083113762
"52e2bc58-ebe9-4eb2-9766-328aee4b5de0",-122.39026417657253,37.734182358573783
"52e8e86f-5d11-4443-a47f-e10387157a09",-122.44523574174777,37.79120705675075
"52f8fc85-8089-430e-a181-1c3f8d90d80b",-122.38341133458549,37.729253714786687
"52fbf51f-d114-44eb-8f4b-b1ec289f736f",-122.42527995842198,37.772181465961509
"530284eb-ec2a-4236-b632-cd58f33b4cfc",-122.42254325237852,37.75561060717196
"5308b539-5123-4f34-9dc9-4cf397b115f0",-122.42455422028897,37.752015881698377
"530ae21f-e2b6-44cb-b1df-4a3403b2815d",-122.48898878256966,37.7607870604682
"53146fa5-7d6c-49ab-ba8a-6f49642901aa",-122.39466910510009,37.722410085270624
"531bcf99-079b-402f-b76f-d11e0531eed8",-122.45767882751711,37.723709148784543
"531c8f63-8bf9-4281-ab94-5a2da7ed56a0",-122.39648836490527,37.76363685652251
"531d46cf-9895-4e45-a39d-ea0ea32329e1",-122.42007964163133,37.75825069934622
"531e9d6b-69cc-4a82-82c1-227c11756730",-122.41767216840552,37.73361318904476
"532dac01-f6b0-4ece-bab5-3788b6082302",-122.42123964953329,37.762556177894133
"5330fc50-f5df-4239-9c70-b745bdcd64a7",-122.41446430635251,37.776579991124805
"53361178-4897-4db0-8713-3995bec5cde9",-122.43690340708203,37.748309355729923
"5341fd64-547f-480c-9935-7aed778b3106",-122.43593441841939,37.777239785666232
"53495a99-698d-448e-a5d3-715ce1c5acbb",-122.42578193993032,37.751992625532175
"53544f1f-c1ce-4db2-82cd-18eaf466f7a9",-122.41730784629162,37.735549855479277
"535465d8-e23f-4479-b48b-f4920add146c",-122.43872818956451,37.759955796149463
"535fd41a-eb81-40f5-9819-f1843684bec9",-122.49337757732582,37.778978587539711
"536db85e-ba31-475c-baaa-b523fb92d645",-122.41230816197489,37.796282308467127
"536dbcff-e229-4eeb-9119-4408dda42652",-122.46373186356669,37.717996087413674
"53817e15-cb05-4f6a-8284-382a5c857a4f",-122.39503703546482,37.789690422576328
"53818ef1-9ff0-4cd7-9505-1f73a4445a3f",-122.39214925434489,37.7385995177547
"53874cbe-3a47-4d23-b856-3806534bd37e",-122.44419312872641,37.804178302749079
"5388625c-6f7b-4e1e-9574-2fde15565835",-122.42249634056117,37.7774717664359
"538d92b5-3cff-4e11-b5dc-55954109781e",-122.40057933347937,37.797758909141756
"53957e78-2c8a-4366-8f2f-635278f7e22d",-122.43988177464723,37.74890321862182
"539a338e-0804-4d5d-a64f-0d7cd79284d1",-122.46449570003762,37.70827242128906
"539ec991-5c4b-4b35-b403-3417a0f0ad2e",-122.38966138542456,37.730298254065232
"53a2bf09-c795-4a20-b156-0c13285edf42",-122.4143705904703,37.749892891624086
"53c57d1a-2003-4f59-ac49-eb1dacbb8f9d",-122.42913727703905,37.750386373517777
"53c82ead-50b5-42d7-87c4-d46b8fb49ed2",-122.435758718644,37.736394225229056
"53ebf7d4-6a4c-4896-ab7b-c120a07e3e73",-122.44145849319686,37.793844274430391
"53f8b418-b719-426f-a1d2-67b4b7aeccab",-122.42028762571181,37.749714813010868
"53f98035-d72d-4815-8459-e67fc02cd34e",-122.46629443744753,37.72567926698548
"540db2b8-23f4-4d3c-a9f3-657b11a79c0b",-122.42947104807588,37.801282816455327
"5418b31d-0dda-4209-b480-e274e7524f27",-122.41589930131296,37.750089296030545
"5423112a-1b2d-4e46-a860-4789bc33df01",-122.42154246139793,37.774099298634496
"54237dcf-d027-4b43-854b-e2ee27cee7be",-122.44330087938323,37.799444837102286
"543854e9-c4be-486a-a52b-914b76b9b5f2",-122.4431935132553,37.783094211315571
"54494ae4-1288-45e5-ac9c-55d7ef30024e",-122.44781124194832,37.767127734554485
"544be96f-9137-4d55-9ed8-67483ca0eb65",-122.4161087825579,37.712034590269184
"5452a4d6-fdca-47c0-bf85-233e60bfc49d",-122.44898310516962,37.774244469159726
"5465ca2f-548b-44ab-901c-2226bf6bde03",-122.49739474022246,37.75370434268941
"54693fd1-c9a2-4915-ba23-ca7d470ece5a",-122.43242446036736,37.774143238689113
"546d656f-a1fe-493c-b4d0-3120dfc7dda5",-122.42040695216352,37.793812807396016
"546edada-285d-45c2-a4dd-43d86f26eb0c",-122.46852924609199,37.786613639099237
"5479bee5-0530-4769-9765-fed1db33d281",-122.44343081054646,37.757740521287182
"547a9f59-3642-42d1-8f28-a42d1b7e560b",-122.42128119306106,37.743672352933494
"547c89e8-7620-41a4-99a8-e720fb4fa3d2",-122.44806677485575,37.804256187049511
"547e3637-9259-40e9-8a4c-07592507c530",-122.45023313319257,37.717034187222964
"5488978c-3a04-4af0-bcda-6603c6fe402c",-122.43181668860802,37.722205277356252
"548f4ce6-d40d-467f-aeaa-1a26c1fc3f85",-122.41586944265046,37.784066109684332
"549419a8-dd9f-498a-b699-8a26dd115851",-122.42048257198917,37.724638580483564
"5494d45d-9af6-442d-b710-6c1001e0ff7d",-122.42400707871279,37.75324116394281
"549bf07f-642e-42b3-bca5-9e7b74fd4910",-122.4199181912163,37.800524751613445
"54a01caf-e28e-430c-aa71-17459011a54e",-122.46996871454728,37.764057765549296
"54a3afa4-a49e-4721-9f98-8688ac8aea91",-122.40201163162766,37.760394809849146
"54a5ee5a-a9b9-4532-9cb4-353689312559",-122.42634885809193,37.778270235553542
"54ae2dc3-c93d-4b53-bfa6-88ef629622ce",-122.39203697088394,37.762621978220409
"54ae8188-6b4a-4c10-8f68-2cbf4c610de5",-122.42170048367728,37.770515267255718
"54b7cc3f-af8b-4192-bdf7-8730cc343e0f",-122.47612882510046,37.784177339211958
"54bd7dda-1473-4f38-9728-3f0df2846ade",-122.45452664473564,37.784588020961188
"54c153da-6b38-477b-bcce-1be31f969fea",-122.4241518566544,37.796144511304476
"54c69f45-6198-4fea-a6e1-e2f40c49abc0",-122.41455139947713,37.798914822861292
"54d62b17-1c95-4458-abb3-682a60ea4611",-122.48565417175108,37.779609941213984
"54e79752-1707-4648-8d4f-d6d57c868a94",-122.40437135787896,37.778261371882294
"54fb2a39-aad7-4d6c-ba18-4860e7059266",-122.45403043081771,37.765376204357317
"5509280d-084a-4d29-a3c3-29d750eca23d",-122.40642864967251,37.733037491854425
"55163cd0-0b42-4532-9b2e-0bdd9b8c0c4a",-122.39486020130175,37.757637192485852
"55297397-f7b1-4afb-8255-46be0fe9786a",-122.48337643282576,37.777833307737978
"5534e21e-48f7-460b-9922-ab41adc30a44",-122.40576228142668,37.730451607986979
"5538c588-e882-43a2-820c-464f23e264ea",-122.4543499703517,37.731619340090035
"5538e84b-5ac9-49b2-80cd-2c43faf51ad5",-122.43775747126618,37.75196457883618
"553bad80-0419-452f-b0f2-6beb53e74632",-122.42233802141239,37.741538903044258
"553ea6e5-690f-47b1-9655-81a7ebd02a7b",-122.44068760138371,37.763790585958823
"5548ec0d-10ce-4a18-9dcc-b6af4676f1d3",-122.41050268748022,37.740793720956063
"5556b779-4a01-43de-b47c-2e2c9e28a82f",-122.43072435275728,37.768742872908042
"5579fd17-eca9-4ed5-8eeb-83c778337b17",-122.41868223920115,37.734697500558546
"557c1c76-2159-49ed-a9e2-e25da1746a26",-122.40859337922883,37.758135987840689
"557cfa67-dc59-43af-bed7-d886e370578e",-122.38805395723149,37.734386274798133
"557f4e66-f6ca-4937-a517-bbee0158d58d",-122.42233802141239,37.741538903044258
"55804950-0faf-4e31-ae6a-5f5bcaa95742",-122.40779180139037,37.801289551241311
"5588b9e0-93ea-4a25-8dd1-a8d88bfeeddc",-122.41448746936443,37.740221631566506
"558a6f15-547d-4fb2-a513-e4a2dee982b8",-122.41594747294039,37.801156855292142
"5594447b-9286-42a4-9bb1-a52f0327958a",-122.45402772196005,37.717171819692538
"5597f63f-56a8-40a7-8bfa-977651584dda",-122.41473105113495,37.775074226416841
"559a3296-bebf-4234-b8ef-615b53997e61",-122.45131258110749,37.761123655125331
"559f2cf7-e4b0-4d2a-a052-075a404822f0",-122.41954433039609,37.753170798180527
"55c2ff8a-7998-48ee-8400-11312ccdd83c",-122.43920517975269,37.796109000038271
"55c31f8a-1481-443f-99a7-c9e021ead1cd",-122.4497808507906,37.761694865607168
"55c3eba6-2173-4ee9-860f-f8a8900ee054",-122.40843979283677,37.773089407259143
"55c519dd-feee-4a86-ae49-c7c797486e8c",-122.44645263963871,37.788705354852276
"55d03643-abe4-47ab-9ad9-0b8ce660e222",-122.4234431496424,37.774619030675574
"55da0051-b807-4a2e-b86c-4005a8c250be",-122.41292603289794,37.714441231106683
"55e8ec9e-dcc8-4259-aba7-40a44483ab0c",-122.41479206485653,37.77512289422728
"55ecb1e8-db30-43ca-be94-2d3737b6cbfd",-122.41919143164947,37.761577572762917
"55f2e0b8-d34c-4231-b103-8f6934dd41ea",-122.39246752839679,37.71823879264371
"55f8153f-586f-44c9-a46a-436e98637bbf",-122.40030489489575,37.735298445911866
"56099d6a-28b3-4e97-9b91-8dfb66258000",-122.40698695644929,37.75444580240768
"56103ea7-73ec-4326-be16-cb01fda7c980",-122.38913195558642,37.761830416633792
"5615f433-bd19-47d8-ad7a-c22681a51c8e",-122.49738964606391,37.772151725540247
"561c4759-b815-4aac-9549-3f4392dddf39",-122.43751431387444,37.787554557033509
"5621ae3d-0832-4b84-9958-ac889dbe1002",-122.41038539175774,37.784310275497077
"56251981-6982-48a8-9854-3d17f1a18b8e",-122.47259650670316,37.752899025054781
"56263cda-af04-45af-89af-bf09c5ac9d51",-122.50256987794329,37.7757553071764
"562757e4-1652-464d-8c8c-dbfe76a7bc99",-122.39661255552348,37.787266319128491
"562940fe-9e66-436d-989d-98e4f1ba9f88",-122.48631484532054,37.764298436927895
"562b58e6-1c4a-4b1e-a300-25b65fd26fe0",-122.42508139768677,37.729515728156713
"563cc4f0-1b7b-44c6-9d9d-24f7c657f27f",-122.41128777685768,37.774532106227362
"563efea7-d986-48dd-8e5b-dc1720df9b55",-122.43638644903517,37.722805884959996
"564249b5-35e8-4800-a9de-acce61f05e3d",-122.4431935132553,37.783094211315571
"564cbdb0-f7c8-4df6-8d8b-3dbd7e83538d",-122.39273286264718,37.757930360218658
"564cc472-0443-43ed-afe5-0a460779dd21",-122.46576416544701,37.715560531350441
"56554cc9-a7af-4d53-94c0-59f2a70d43b5",-122.43028010846409,37.747903714820993
"5667fccf-26b7-4f2e-b21a-06b63d29d781",-122.42301216373734,37.7488293755521
"5669fd43-8857-41cf-8efd-cf9230789572",-122.40952358601338,37.760604523607839
"566adda1-ad49-43b5-9f5f-281e6d18673b",-122.39468654930477,37.710758961530949
"5683046a-dca1-4d37-bdcb-6950c27eb999",-122.39247843656314,37.771359375545856
"5684508d-e9a9-479c-b811-8bb70dbc4f86",-122.43660544883835,37.798429883986792
"56849a32-8c36-4ede-8b11-0a0c13974743",-122.41998896031049,37.79288608578274
"568e3be8-7630-40f4-9744-6c019c8c1a89",-122.4657873095787,37.779541658337912
"56928690-04a0-45c9-b061-8c72770154fd",-122.42976907534998,37.759684996107623
"56929502-0233-4397-bcc3-db74386ac425",-122.43357374776248,37.721324542606723
"569a6503-0fe3-424a-9c4d-f3b26907e700",-122.43787221488878,37.7782298004146
"569aed45-c439-440d-b4ff-2e0ec62b9853",-122.42515718021194,37.755397348071504
"56a35545-044f-41cc-8123-79d1ec0d8d52",-122.50431350837901,37.735660538720417
"56b47873-46b2-4dfa-bc6e-1c5bec5e7978",-122.43557585781797,37.773061768007622
"56c4faee-38ae-45d9-8e9a-132d091e0b63",-122.41914824167102,37.734700978848551
"56c97197-43fd-48de-92ad-ca12745def9a",-122.47150807756971,37.7396069832193
"56c9ae4e-b0f6-45a9-b798-071601473127",-122.48759730208486,37.782555966019828
"56e62fa4-eda8-4264-82b7-043ccafd7805",-122.43430534496224,37.795423050400807
"56e9effe-235c-4305-96f0-81b3528529e6",-122.39336191996223,37.761781842719714
"56ecbc69-8174-49bb-b185-bfb61cea07a5",-122.41838644953769,37.777564924489582
"56ed58e0-d5e3-4564-9f65-bfaca8841a78",-122.41885370552505,37.76245848612551
"56f912e8-befe-40a5-97ed-b45207783610",-122.43698910610613,37.745889898781712
"56fbcb6f-0697-40e2-b619-fef56e072ab9",-122.48025753724028,37.764018160912052
"56fe4feb-c723-40e6-afe8-fa14867aed45",-122.40178966490052,37.758080956223516
"572a3ed3-1cfd-44f4-869f-968ea18c0310",-122.41722716355933,37.76396552489814
"572f170a-1f11-4f0f-b22c-835c4f6059e8",-122.4179195816573,37.775981011683307
"57327cdb-759b-47b8-ba2f-db3af322a7e0",-122.43931518889443,37.771702368392127
"5735501f-b8a0-40ae-b06e-8500c91d64d3",-122.4180225828346,37.735310828591885
"573867e3-1a52-4a39-9fe7-b5e25a5a8dbf",-122.48745191328865,37.779123968117737
"574d4bae-99d6-4bdf-8d55-da0c1174ed93",-122.44359015148564,37.759767057819751
"57522c0d-ed9d-4fc6-be7b-4693d731da5f",-122.39086695520898,37.781038658612637
"57582dfe-2897-4d11-b3fd-7a4766cb5d63",-122.40657779490597,37.7675564020616
"57592d05-c29b-4d1d-9008-dc29e6401ba4",-122.42035723044813,37.794797268292925
"576704ac-dc28-4305-bc33-2026a8f3ad99",-122.46688137891769,37.779767209946954
"5783097d-9304-492a-bef1-171d71570ebd",-122.43859922826472,37.774984985475406
"57a7667c-5139-4c77-93c1-633eafd04cd2",-122.4173228753738,37.796037756878462
"57b3bb7b-8836-4843-a80f-a90a9a1633d4",-122.41519018765095,37.755301342869629
"57be6322-bcce-4140-b9ed-e43d9d40880d",-122.49384485131884,37.762542863423455
"57ccbc1d-cd94-4ebc-807d-a0b921b25b8a",-122.41876560096318,37.739740775789237
"57d691ba-6cbe-4e5a-914a-a84e83d856a0",-122.40751425317353,37.76369375653637
"57dac7a1-5107-4c30-86c8-d2c7302ad426",-122.42626734706808,37.744613889237336
"57e46cda-21f0-458c-bf47-b23f96c12371",-122.44189274545069,37.718371337289938
"57e65807-8c74-4eaf-91cb-9fca9ca0aa1b",-122.44250240936356,37.759677782408296
"57e7445d-a824-4f69-a57a-9a28e5991005",-122.46937880010809,37.711019734250222
"57e8b4df-16f1-46bb-85e9-ee73847e90dc",-122.4163366920062,37.765689114964644
"57ebeaea-eede-4860-aa96-6acfb5cfbd29",-122.40410850134501,37.802420483836144
"57ece76f-bb9e-49be-803b-fc51865a4931",-122.40362790183345,37.764300522357772
"57edc94a-307f-46c1-8469-a0e4e822fdc5",-122.42321188360903,37.768166628621167
"57f4a2e8-1191-4b0a-8d40-98314791ba0c",-122.40271614774949,37.7621149894182
"57fb3d28-620e-4eb1-9439-42e83ec8462e",-122.4639789286595,37.775117139837562
"5806e25b-0d72-42eb-8fb0-5ea1b9b45c68",-122.41080281232693,37.74445079950312
"58079717-5d06-4705-85c2-0f11199a336e",-122.39314642086862,37.736664717345079
"5808baaa-5aba-41d2-8a23-8e8a7c3169a2",-122.41353823776279,37.74117729598526
"580c65e6-94e4-492a-8cd0-c812c685c81e",-122.46515239988058,37.776515828385349
"581065e0-177d-423c-815d-517f045b35f5",-122.45015268468921,37.781022036954973
"58109982-0143-4f44-80de-d3ba1011fd48",-122.43298545384557,37.748229555535772
"5817e102-c446-4456-9c9d-7669c1b2b4d1",-122.4004082978603,37.75744111807353
"581a605c-2213-43e7-83b6-f93bebe05aad",-122.49817075637721,37.775786566614151
"581e100e-6321-45fa-89b6-70b1adadc4b4",-122.4585686348689,37.7746362452858
"5821fe0b-c290-405e-ac6c-6ae218adb3c3",-122.39660868002241,37.758356296866744
"5829dd00-522e-49e0-96c8-9b2a26e8a8ba",-122.40758200729373,37.780528472699721
"58311e69-fe46-4f8c-a185-7d15ecb0d6fe",-122.41385935955304,37.741881207619038
"5835a2b3-8c50-4023-b727-672898be9584",-122.4536512812336,37.769256239652755
"5838b5d2-acc5-49ed-b306-0a9bf5527ec6",-122.42546450413143,37.786216115231106
"58580c37-ea54-434b-b9b9-dd21c82e171e",-122.48616967877307,37.762228322256135
"586156cf-de93-4478-97c5-74c760d6833c",-122.42098199929461,37.750713388723867
"5862d344-7666-422e-8384-18c1fddf4f8d",-122.44075658372705,37.716587038987448
"586be9c1-8997-44bd-a44d-76e0482c2f94",-122.49499450998844,37.780718665294039
"58813db9-da1b-4b39-b6eb-dbd14d512ee8",-122.41954202133415,37.758911484775204
"58892f03-17e9-403a-8f63-6182aee82cca",-122.40654718505571,37.77792675063894
"58a09a84-60cf-474c-9afa-3c6be1298813",-122.42974758441459,37.75590162215105
"58bf470b-a0c8-4a88-8e30-d1fcd9152ba1",-122.4036907122205,37.801659069968792
"58d85bf2-f530-4edf-af92-687a9e553e6f",-122.40085517183687,37.729695320771135
"58d9744e-4303-4a44-9e29-f7b33ac77ded",-122.48226282417663,37.761920921909244
"58e14d4c-94ea-41fb-a761-2cac5fbd09e3",-122.40084726325277,37.71858950119416
"58e1f0e3-7ccf-4c8f-bd96-f0bb3b20e129",-122.43288206892052,37.795095960689089
"58e55d1b-a733-4096-bcf8-1067f317d232",-122.39897366407845,37.781453825900236
"58e89a9a-fc10-45ff-a2b6-08fa22c4dce8",-122.47010544031332,37.758579278467977
"58f3ed69-412a-4c99-9ea3-09f669af55bb",-122.40375268033691,37.786783129929695
"58f7fff1-2adb-4b3d-ae64-a06858d66ab9",-122.41137850380203,37.753249185850194
"58fb8515-bb01-4528-8138-1c9c190b3802",-122.40169993563939,37.721711406948465
"58fb8ba7-2362-4654-a176-eb072fc7eddb",-122.42285399678148,37.728732102917569
"58fc76dc-5a44-44d5-8a82-a0be56e22c26",-122.41315870119161,37.789699296539723
"58fe16f8-7da1-4074-a0dd-c83b3c10e7cd",-122.41216038470377,37.752322718988374
"58feaeeb-4444-4655-81e2-fcaf8d86d798",-122.41924307694994,37.773725705113861
"591b0649-5efb-4434-94ea-450b2a375a02",-122.41435789067052,37.804017359703586
"5932807e-7a4c-480f-bea5-3a09e3f88738",-122.41157014020195,37.781462569580214
"5932959b-d15d-411a-9df3-749e6e143c31",-122.4314036744387,37.752660586853949
"59353e1f-0247-4412-8c84-d0dc7c04e2cc",-122.41703922432892,37.750982093082435
"59390528-c412-42af-badf-eca278ee3b5e",-122.46220162083658,37.783638467339784
"593e7ef0-dc17-494e-a7d2-0fd148dc41f6",-122.41911567983425,37.771848464716491
"594864d7-a8e1-42f6-8672-42658954c223",-122.41663636508694,37.784717540312322
"59562dd3-3c2c-467a-830e-723350f11dd9",-122.4284406041721,37.738185782534373
"5964b35b-ab5b-4055-9340-63dee8d509e0",-122.46273049487853,37.716770346483294
"597bd433-ea69-4115-8f50-3965c94cf6d9",-122.41450021751943,37.744572310453592
"597c43a3-852d-4a10-aa04-e87952948590",-122.42845044768895,37.776912206312723
"59804163-0819-4c46-a62d-f0e60c3747ca",-122.39503109140277,37.722007902283963
"5984a030-afaa-407f-8139-7b48affc48d8",-122.421213365786,37.794618984267686
"5992042b-4d70-47c6-a088-d2b74e906336",-122.45188944858531,37.772725962626467
"599b18af-f122-40e4-98cf-78531644080d",-122.48187631050553,37.737567492599005
"59a07e32-922e-448c-8734-99edd0a60936",-122.42616412901064,37.733282042958578
"59a1d0f2-eed3-4226-bbd8-babe12d3a126",-122.43401467954936,37.7929916516597
"59b39174-256d-442c-9423-4ab31b03db0b",-122.4221195754958,37.756439007594309
"59bf0fd2-3a61-4dab-b375-30cabb3cc94c",-122.43380964014629,37.793017689129321
"59c52043-5796-4bbf-96c4-c61ed801fea1",-122.41338838965325,37.714639517072222
"59cd8fa6-d411-4a60-a5a4-b431ae6139ef",-122.39511420881712,37.764034911853237
"59ce33a8-ee56-49c0-844e-e8ff0cf54670",-122.39892947452437,37.754821955502258
"59ce575c-2714-4528-b863-091e091039b8",-122.42304266061603,37.744810553354853
"59d4ed7b-3d70-4c1e-ac6c-e4fd7f857ec7",-122.37931454288707,37.72753597596077
"59e6a8d9-c199-4711-8e8b-db0006b1b49c",-122.42494190604504,37.772902429120279
"59fd04c1-9b72-4112-8606-fe7df332cceb",-122.4290330029846,37.797048349981736
"5a0db52d-c9af-4754-aac6-ae63c1cf7827",-122.40926453559518,37.749037149920056
"5a12a477-72af-4920-9256-f0b9af8e0b12",-122.46556740631802,37.744396177694007
"5a143970-7042-4749-85a7-4b3fe1b7dae2",-122.43046153604833,37.786538142872075
"5a189333-53f2-4ae1-8c7e-7939f420e15d",-122.39807755476087,37.710497484884648
"5a346b81-3497-4da2-a850-c7dc92ca39f5",-122.44131221157066,37.780615335193168
"5a382829-5679-4ef2-9c28-75ea6f6705e5",-122.39579854137487,37.737560154744656
"5a4335d0-4758-4677-947a-179cf10737bc",-122.42192412479157,37.777544772914865
"5a458b6a-b7c7-4aeb-b2e0-b070c5578b93",-122.41958076928331,37.791151344423241
"5a4c38ca-05c1-4df5-be63-b48be5608d72",-122.47546064864454,37.762798624409889
"5a508a16-ccb8-4e81-baf2-9ec96bf916f5",-122.49407160967783,37.752253670813147
"5a53c20f-636a-463b-be82-4c89136cbf77",-122.40203632952809,37.781490088631131
"5a5da172-b0a2-428c-9c9f-93bdbd86d2b7",-122.44515516481718,37.800733962697088
"5a6021af-f7b3-47b4-ba1c-adb1324a0e96",-122.41525051305305,37.794093252430145
"5a6120c5-e4be-4d79-9cc1-79b19c0f910c",-122.45513805821344,37.76523489539882
"5a61a8d6-86f7-4903-9161-d9bd4a9aa1f9",-122.41605145735849,37.740954760132304
"5a65b647-eff3-4736-8c3d-38be1041c694",-122.47817260338176,37.776901124639572
"5a7c17de-0fcf-4183-9576-9d6ec91e260e",-122.41790724809552,37.746235946766923
"5a7c50cc-8034-46c3-b05a-0088a656bc16",-122.44452717168184,37.760464917826731
"5a7e7599-687d-4695-82f7-e60c9feebed3",-122.44642944444905,37.797235374499451
"5a81ebec-2a12-4d4d-9c9f-751d291ce2d0",-122.49500699868108,37.780890299899113
"5a837a08-b020-427e-8ace-d1c218e9ca53",-122.43345501057971,37.735427337093817
"5a845dee-c38d-4554-ad18-6f2f899aee58",-122.40708229069199,37.802142493805221
"5a953558-b75d-4772-b383-406a653b21ea",-122.43816878835197,37.732003821761715
"5a96d6e2-27e6-4a0c-8981-c626885280d4",-122.39423458033986,37.780706673584149
"5a98833d-6be7-4889-9a7f-12b759ee4688",-122.41089474187791,37.780897659520221
"5a99c3e7-1eef-4b9a-8560-d806a8457931",-122.44207368011436,37.793481053595748
"5a9e5a9c-da06-426e-86b8-00f95f586d4f",-122.43634588929572,37.785219409418346
"5aa0221a-8522-4e41-b26c-66bec221351f",-122.41497290803423,37.790422029739034
"5aa24952-0632-430d-b1da-5ae4ad0f1a0f",-122.44557297381425,37.783663488137215
"5aa37f39-8467-4654-92b3-c351f0107420",-122.40385039765104,37.73241586773446
"5ab7bf56-59a2-4fca-aacf-46cfdff0d0e6",-122.4498685478449,37.756863816738104
"5ac2455f-ce79-46e2-b84a-b737022f56e5",-122.44401194857313,37.757705153953005
"5ac31f5b-f0f9-4fba-b507-01cf6e2d51f7",-122.47374663676923,37.763056948439505
"5ad10f18-efd7-4518-9c26-415b995dc0b2",-122.43226393292774,37.7928585180796
"5ae11a21-0a66-4b4f-85be-e0cc229e234a",-122.40645312534613,37.793984159588163
"5ae2c70a-cec3-45d6-b8a3-a395d4c2f654",-122.46259123652419,37.747653965428015
"5ae43a60-4b89-43c4-95ff-d113a96651cb",-122.40173044339649,37.761080123114795
"5aeb8b09-9492-4ae0-a354-468964d85dd7",-122.50125627452641,37.741539561788173
"5aff9d61-5a06-4124-80b9-4ada6698b4d2",-122.44805126887768,37.728673824489718
"5b05fd77-3483-4466-976b-0415472c20eb",-122.43740659871249,37.768767600261491
"5b22e8ea-562a-4298-bfaf-8b136eed2814",-122.41157014020195,37.781462569580214
"5b245fdd-2500-49a6-8c96-7eec0b027fe7",-122.40300640782876,37.75774067247923
"5b2d5e92-e532-4692-88e5-e339de44ba18",-122.42156166954557,37.756158609683013
"5b31e0c4-24f3-43cd-bfd0-4a89a3596705",-122.41787455122954,37.7350277884865
"5b357525-2ddf-4afb-a493-e5dbcdea10e3",-122.43497834519934,37.743602054715836
"5b363299-e26b-4c83-9dbc-ed38b90f45fe",-122.42465993580009,37.766293343273119
"5b40555f-5747-450c-8c33-6b46418f6042",-122.43623623285625,37.771853559920082
"5b55d31c-34fc-4d4a-b24a-4b5760fe3f03",-122.38498648325186,37.73770967958253
"5b5625ad-3fc4-4437-a480-25419d2c5fc7",-122.42532985839621,37.759462573208566
"5b581b2e-c752-401f-a137-654432539b40",-122.42588400689419,37.761625210380252
"5b7aae28-cd26-4548-90b0-93c73ed0e952",-122.48779200222968,37.755024945926635
"5b853222-d71c-41f8-a7b3-122e7da085b1",-122.41657053819094,37.725691761680089
"5b9c17cb-70be-4b03-bd10-66708a0d5b31",-122.41345424309436,37.801913045774015
"5b9ff576-f2b7-44c3-bb45-be2aac8f57e4",-122.44165639118077,37.731160482903107
"5badb116-07fc-4d69-b4eb-b1d1ab2cbedc",-122.40664650307809,37.729948981783849
"5baf5948-df6e-442e-b5ee-0dcc0a2f31e4",-122.4342885660234,37.743643238094343
"5bc12d7b-0520-4caf-81b8-c9b6e0d56bfe",-122.44594610479197,37.759526009713596
"5bcc126c-7401-431d-874b-1188b79ce15c",-122.41628239562247,37.758534244466347
"5bd50d80-2bba-41c5-9d33-152a1fb83fd3",-122.43357449489902,37.736593945757271
"5bdf1d1f-455b-4ebc-898e-ee8c1418de03",-122.48141086814802,37.73213091290215
"5be54c10-db64-4f2f-938f-fb8da9090e37",-122.42143156027394,37.751600370586267
"5beab0f8-dd07-4bb9-868f-016495e5d4ce",-122.45095771796156,37.722559189184217
"5bf0e2cb-8a5d-4bb3-ae88-f54e63b4d5ee",-122.4009028879376,37.758991712674181
"5bf6b82a-26c1-453e-86b7-0a6cfbf66f7c",-122.41123581327095,37.798011590334873
"5c0cf8e6-e3d3-4307-b5e8-2d2357d76b92",-122.44128138788226,37.795943543279222
"5c34117b-a27d-4583-8caa-c9b3225a4bb1",-122.43837677441411,37.787444963817457
"5c362677-d328-43d0-9174-10a7c69050a2",-122.41912094209867,37.777471235074465
"5c3b5837-800f-4c87-a254-a902737ab140",-122.45188039399693,37.773670571029214
"5c3b9ec5-7c06-46ac-b5dd-5c3fe8232fed",-122.42177956097484,37.765295664735227
"5c41a7ee-19f7-486b-b6c1-dcb537258669",-122.46735182336795,37.76527596464328
"5c440613-12bf-4918-a53a-d5b4790c9cc8",-122.42376179615373,37.75547595694627
"5c51e4a8-ed41-496c-b74c-91e50bb8a9b0",-122.41596237438053,37.755216849352315
"5c561524-aaba-4e26-8631-3fa80c90ea8d",-122.41687893964162,37.784825525838819
"5c5b5c6a-eb28-47d2-884c-1e65c83031fb",-122.4047527354701,37.780120120174281
"5c65240e-9c61-4746-87e9-392f36ae5ae0",-122.42086382978594,37.802221198782291
"5c6612eb-3fba-470c-b741-5062350490c1",-122.43471926205068,37.796814414083158
"5c742f5c-4d28-4589-ab39-b83583d328e2",-122.41646897952043,37.746567169529108
"5c773d0c-d1b2-402c-9b36-9062a482976e",-122.50261811360919,37.7508988594692
"5c7c8812-8d80-46ff-991a-df34bea88497",-122.43337192562565,37.761074507873516
"5c9e2217-33ac-4bd3-9ca4-d7e0354cc69b",-122.40745629547456,37.743583257554647
"5ca937c5-7531-4155-b9d5-d050ce038808",-122.43560374912572,37.756566990445847
"5cadce9d-047c-4280-8163-2f938aa1c81b",-122.41532314299513,37.775895185313381
"5cb8dcd7-cfef-49d9-8cb7-cd55e91ea7f4",-122.44423389487518,37.79454279641854
"5cbbbd95-4642-433e-9b5c-717a65653920",-122.43639855282721,37.76089377662008
"5cc2c98b-a3c2-40f4-b478-b912ef66229f",-122.43556686753014,37.750805165466062
"5cc3b28b-9c1b-4934-a47c-8f5bb2cc94e0",-122.40149334398969,37.712647060423429
"5cc6810e-a486-4753-aea4-d804981a1caa",-122.39914790268806,37.754351568746529
"5cccce11-9a56-4d3f-807d-9645626e13c7",-122.44824891196347,37.784505214684053
"5cee6e3b-b0b9-4ec2-a8bb-c954661fe1e7",-122.42952160453106,37.771363405251179
"5cf2f29a-7b92-40e7-8728-151fc69e1344",-122.41226407274932,37.73749995052345
"5cf431b0-23b9-4015-98d9-0dbfd48aa9f3",-122.48899476718323,37.781231863519828
"5cf54007-298a-42ee-8b4d-0f9f92125af0",-122.39071306785685,37.783077712836729
"5cf56288-cf57-4d12-8dd6-9e9e3056de4a",-122.5019742818302,37.775114723420565
"5d00c6c0-2acc-400b-ab0e-b759a5ec9c3a",-122.4450400557925,37.794586217965687
"5d0160de-d08e-496c-9db9-3569bbe334d9",-122.43430080625407,37.787008933556066
"5d03fb3d-ec13-4562-8e76-182bbb055d5a",-122.40368481438558,37.799581183951666
"5d04a605-73ac-4b8d-81c4-bb0039bf900d",-122.42347060813421,37.768150993119463
"5d0d6959-5df6-4955-ac6c-93e7823c5def",-122.4234595866877,37.741390016584681
"5d26d5a4-c6e7-474c-aa61-424d5e78ebbf",-122.39430642277385,37.758221336491658
"5d281bce-a9c6-40d8-98ba-63eb1d32d45f",-122.43196566885651,37.793796653218
"5d3695d5-0108-46a1-a565-c49502e6239d",-122.47790163665064,37.7422002672331
"5d39c1f9-7d7b-4107-aa10-d83154a75513",-122.48444519469484,37.74353155378634
"5d418199-9cd4-43da-ac5d-6aa9876def75",-122.41966868837336,37.789820712216617
"5d4bd41c-e8a6-46a5-9df6-9c621ae82d40",-122.41085252410748,37.754390909822476
"5d500e71-7a81-4fa0-b396-19307ace3806",-122.50091090743648,37.757910428186051
"5d532ebc-438d-4199-9f56-b93bec3205b3",-122.40335843753394,37.757793733708318
"5d5686b8-063b-4cd2-9a45-5f16ff1919e2",-122.49205726687865,37.763632597860493
"5d68365a-7427-406d-8b72-dba79cfd47c7",-122.42125224801981,37.75978949256168
"5d6e7a43-eb5d-41ac-a956-2a2cb7443f19",-122.41594549097252,37.792798960306264
"5d729e1a-2443-4ad3-9cd7-b14d28fdef9e",-122.44548747458258,37.766690397528613
"5d738920-0aa4-423e-a500-b7032c79446a",-122.41800228091155,37.745696995298282
"5d7d6c73-b6e7-49f0-871f-51fcec386447",-122.4887290666359,37.738097901057657
"5d7d8a62-18be-44d2-8ec9-df81abead14e",-122.46151265190886,37.74793671510286
"5d821b77-fc84-4f41-9ee2-7e8b9f4c8eb3",-122.43505495911978,37.769307309300835
"5d8dec16-d7c9-40b2-be9a-3f24e8fe3c8d",-122.43515892445754,37.777338653011782
"5d8e1a88-5d07-4532-90e4-6e4686e8e49a",-122.43736240733274,37.77897252889656
"5d90c30c-ab74-4369-9b67-55d4c935d718",-122.39578643473834,37.736271305101305
"5d929eb3-f2f6-4989-a782-395178db314c",-122.39741772288058,37.763163695795129
"5d9d3c95-4c5e-4f5b-936b-eb1c82fa987d",-122.45336210096463,37.783194627201311
"5da62102-25e5-41df-a014-ca8bb135946a",-122.4441241022503,37.715618691405311
"5da9f999-8a30-4fdc-a6b7-5146305d8c90",-122.4138564054936,37.799108774649383
"5dacfcf2-1215-4b9a-acb7-58c599e28dd4",-122.43184561311841,37.758261283427828
"5dadf56f-c6e3-4aab-b451-1297e89be0a2",-122.50422398772713,37.780334205287751
"5dcfb7ed-33d1-483f-8cd0-f93fe05b0c9d",-122.39351689732486,37.75285812485059
"5de56fd4-ef6e-4749-afb3-5498dbe70377",-122.41284597901375,37.783043728839509
"5df1864c-25fd-4105-a52f-4daafd757351",-122.4179565389708,37.753118632453727
"5dfd7b9c-1d3e-4795-b94e-09c26d628448",-122.4347159277081,37.797283067249545
"5e0f3039-7612-4f09-a097-b7bb840c9ef6",-122.43303931304884,37.7350780690736
"5e10b6f4-8efd-4710-ab51-49dd51b7ade2",-122.42403944443619,37.757128218667518
"5e15ddff-84e7-4767-a03c-664bde19dc90",-122.41491958624783,37.784117711175895
"5e18fcfe-c969-4e51-bb42-85f09d8a3be0",-122.43053977220853,37.767722634904317
"5e1f2cb2-01a4-48fe-894e-0b54a7d262da",-122.41980700004737,37.78832259914784
"5e2226fc-c16b-48b6-bf2d-1aab56056a98",-122.49739474022246,37.75370434268941
"5e25245f-f21d-46b5-a5b7-3a5f4468da90",-122.42726221575212,37.755942960756386
"5e267934-4087-44d6-9cfd-57de510d2c09",-122.42932917161528,37.769933516076549
"5e2bae81-98ca-4523-980d-a5fa619056f4",-122.44255419851541,37.796094489782085
"5e33d902-5c2a-48ed-b437-96cd29695f38",-122.38859997347616,37.758013503673943
"5e35b869-2f56-4f51-88db-fee049f6b29f",-122.45821766372823,37.788110473174868
"5e436f6d-e10f-45d8-8ab6-dd7dccc63423",-122.46822986295322,37.783611672447506
"5e4df6a0-134f-4263-b80b-7f357ccf044e",-122.44703510612717,37.717520572741023
"5e553c35-1dba-4c1f-afb6-7fd469cfdd50",-122.43154850307539,37.754258689881141
"5e5a208d-a17a-4046-b983-7620359795e9",-122.49372929878187,37.746104694457053
"5e5e883a-10d3-49ad-b886-b1d8f7ae2d19",-122.42052147726237,37.75541832684322
"5e656554-5ff6-4284-ab3b-ae23073883d9",-122.40567721018958,37.801432340622007
"5e78e827-ce47-4a79-9b1d-3fc99b7841c8",-122.46992268154852,37.763770981522974
"5e7e914b-4daf-43e6-972c-70dbc50acf4b",-122.43455400052392,37.793054438736185
"5e853f29-196f-4c3b-9d82-821e32a61925",-122.41083350544849,37.786550585380283
"5e89215b-68ad-4115-aaf6-192350365af8",-122.44895343200935,37.757875783101753
"5eab1bd9-d7d1-4020-b778-ff4dc46ae3c8",-122.48775584529578,37.779013891150072
"5ebe9a3c-3f93-4bb6-9949-77f9a3bdb3a9",-122.42419469885309,37.776823912922943
"5ebea56f-6543-4153-b37f-9b80c5cbf702",-122.42406524318815,37.768327834498457
"5ec50924-9ea4-4d45-a9f2-b69a3a42ae68",-122.42040026696222,37.70885918405628
"5ece4c9c-4f39-4129-a799-8e3f497b0f46",-122.40579816371225,37.779583751959159
"5ecee62d-7378-412f-9646-26c48496978a",-122.5008335178667,37.742053318564977
"5ed21b7f-b636-4c40-ac31-bc03306fcad7",-122.43614844417981,37.803219328129828
"5ed28c5e-231a-4b64-89b2-da3c11c4631e",-122.44194630410459,37.801768119604866
"5ede01bf-99ce-4ab7-b081-c6f54b30c029",-122.44154614965352,37.751246947718862
"5ee206fa-4f35-4114-8d01-d7fd9f877a14",-122.39826732518274,37.779875781511983
"5eebc522-0961-4140-aa61-0850d359fd5c",-122.45162314897482,37.757039514458839
"5eec7e63-3072-40ef-8d3d-14e9ce250c5f",-122.40157387856381,37.723651844649
"5ef1df6b-e0c8-44fc-9ac6-2247125879b4",-122.42353307683649,37.802621787710223
"5ef580e1-80e4-43d2-8e98-f2009c7fc477",-122.41330041747977,37.754744433460907
"5ef66acd-4f65-43b3-a76f-6b31a79fd9c2",-122.43434523745174,37.760063614559876
"5ef73cea-8818-4e95-84a6-6b9ba2f6a173",-122.43912449371024,37.763548247877296
"5ef84614-9dcb-4822-b314-2d371d0c4971",-122.50726102045837,37.7734968758706
"5ef8592d-5df1-476a-98c0-2ca9c84f8f51",-122.44065373837149,37.762867958230252
"5f08cb72-a76b-457d-9a10-25641a66c1d1",-122.43406193062623,37.756210290104335
"5f0a9e05-b483-430e-8d02-ad75dded8e87",-122.50334825390684,37.777691710647595
"5f0bf1e1-dc1f-4c7f-bdfa-2222fe272d4e",-122.43159695955352,37.780661135746449
"5f0f0461-4f18-442d-8373-e370179a6409",-122.4310495446083,37.760827923886524
"5f127748-1e07-4476-8f93-cdebddbbaf42",-122.43751513573568,37.752293306880631
"5f19858d-46fd-48c2-b361-f8cbb6f58cc0",-122.46436803539409,37.724025569142654
"5f1ab5ce-a16b-4f8c-844e-debb0b029663",-122.46692928620614,37.733316615596344
"5f2b1322-dc22-457b-b32e-91e1d3b2b335",-122.4302776479844,37.749195736638079
"5f2cb3df-c9f9-4daa-84bc-acf118608cc8",-122.43378459007339,37.76265577627737
"5f33fbf9-510a-4bdf-8680-ec1d72b14001",-122.42569598773011,37.775674775959764
"5f36a1bc-1354-42a6-96b2-ba7703191ad5",-122.46540945205909,37.764703591436316
"5f37219a-ed83-44a4-a3b0-4e7c9bde6e8c",-122.43489028419894,37.722196193398034
"5f3abd84-4eea-4b9f-baf7-331154afeb7c",-122.41899467741065,37.733957276065446
"5f3c3187-8442-467c-96e5-5d656d69011c",-122.39153761441054,37.732919138579433
"5f3f6cda-5085-4059-beed-28f3774bf218",-122.43927448036536,37.74543393712748
"5f4295d0-ee8e-416e-a331-f12f24055e8b",-122.44319225243748,37.758318889999025
"5f5c43c5-2bdd-4572-ad8a-6d4175758d82",-122.41220402044679,37.778364345134563
"5f64d696-1c48-4397-a197-4929b4003992",-122.4884733272431,37.774071725736768
"5f693843-a946-452c-b299-5299b0bac22f",-122.48399469419672,37.783064586200986
"5f6fe097-6424-4686-b289-bd7696bff254",-122.44230414608549,37.781916568659717
"5f719d69-605b-4b51-bf16-fc6941d5b89a",-122.44075160076858,37.754200133273052
"5f77cc0a-f1b7-4e83-9649-d6c93409a816",-122.43955179332848,37.777547946593671
"5f87456c-5818-4234-8e4c-7cd2df7a84c6",-122.42295190400711,37.762652188373835
"5f8f23c9-27ff-4ed8-a38f-0395450dc8a1",-122.39780547815367,37.734904438328904
"5f914cac-c817-4c04-8b7a-3cf6ef0037ea",-122.43928403577611,37.791966929341527
"5f921d75-730f-4c01-b82f-c6ac27776eca",-122.43319816199759,37.755453782697877
"5f92240e-bd39-4ffb-9368-3177f39cce0e",-122.42164267508105,37.802926988029988
"5f94c7ac-e26f-4205-adf6-8de4164cdbf1",-122.41152372728949,37.772826007023589
"5f955486-f8a5-494c-ab3b-5b672ab08fdb",-122.46224939708709,37.784324005943738
"5f9559be-587c-49b2-8ceb-d8f5213c55a3",-122.44075449736104,37.759381481522475
"5f9f5a20-6562-4df2-b230-1c2386bfc19b",-122.40768988355308,37.753257121464458
"5fa28443-ccd9-41a9-9c2a-1f5c884e0ee9",-122.44952996603472,37.77292025130248
"5fb0307c-825a-4656-8679-8aa9f4fd825f",-122.46546033281869,37.753548753402271
"5fb1ef8d-5c93-4419-8c1b-0f520b7b14fd",-122.41237370492733,37.754122571321915
"5fba68b5-9071-47b8-b8bb-40d0dfa3090e",-122.38696567319847,37.728435581905508
"5fbcead6-4022-452d-9ae7-aa5420ce4c80",-122.4762039943753,37.753592743080773
"5fc2b972-87b4-45d6-8b99-1df51a7e944a",-122.42859795078809,37.745697675377713
"5fd5c924-4e24-4326-bfc6-0f88ea9a2f2f",-122.42754050631994,37.754349380319319
"5fde2628-5410-4eed-abb2-cb8e073bfac4",-122.43300474265523,37.75095690702922
"5fed1932-d448-46c4-83df-ecd9f954f528",-122.47548751373874,37.763182520982951
"5ff1cb92-638c-4ad4-8ed5-89c46b5949f1",-122.40238874445596,37.71967051647227
"5ff7fd2a-ff43-425a-8634-39c977181990",-122.4370172676261,37.721088317095926
"5ffd88d7-00c2-40f6-b77c-bb5f8fd1cc1a",-122.44367528527063,37.783331795690948
"600ccb54-cf6d-4e48-855e-ee0bbe1f4234",-122.40456455404494,37.7111190000779
"600d4fb1-76ac-44a0-a3ce-be731e38b37d",-122.43392521152226,37.771568428945912
"60171921-45c3-45b5-aead-382cbf29ee85",-122.42849737617225,37.800495198302755
"601a084b-ba47-49d0-b63f-b2edd67bd2d2",-122.423907855274,37.747485170864039
"602fd896-fef0-457e-a654-1c14b85890f0",-122.43129060559937,37.735325163753146
"603019de-e3ca-4a10-a2bc-11e0872db08b",-122.43718400216787,37.754714626129072
"60310755-4399-4c50-98dd-7d114bd6b39b",-122.48506802577079,37.755915415895508
"6033930c-e6df-439b-aabe-8ecb81c0ef11",-122.49487454784098,37.777878977051223
"60363602-5d3d-460b-8771-5eb741c30255",-122.43799883653763,37.762402650162656
"603b28bc-efbf-48b4-ad6d-d265ddd5e125",-122.47861359817448,37.761243821462131
"604adc05-f8fe-4404-9399-2fcd43eef0d0",-122.40855961297294,37.804001235749361
"604afc3d-0297-4c7b-9308-dec808c796c5",-122.4085041496422,37.714749969298552
"60546d17-3144-4189-9479-351698183a77",-122.44713415143652,37.772946611711767
"60561c0a-ba23-47b6-b67e-e77229f3b42b",-122.46197060678823,37.735478498146321
"60581ca7-ae77-417f-8a18-eaef6576bb8f",-122.41281728823694,37.77416846521843
"605b8d96-8158-4128-848d-23211cfdc707",-122.48871401299419,37.752630407507752
"6062f8f5-89ee-4226-87a0-1ecccc471a0e",-122.44800845290528,37.769134027699714
"6085bd16-3560-4694-8bf2-7a45f7750e89",-122.40079294538576,37.719153820004493
"6091f5d3-853a-4717-86f2-f5966d1dd2fa",-122.38820778099424,37.76216434429692
"6095c9e0-ca1d-4f56-bc32-9072d725d5c8",-122.42824695053289,37.7543452788407
"60a5f27a-5cd9-4143-bccf-5dde5174d43e",-122.45499509349118,37.7788986621826
"60a7fa77-a32a-4431-b02a-0cb89fbeb477",-122.41236939495258,37.751965847604986
"60b42dea-c679-465c-926f-34ff9cea2ae0",-122.43724809853913,37.737426409443337
"60b86da2-72ce-49f8-9080-8b6f21b810a6",-122.37435823767726,37.728206563140326
"60bae2bb-7039-41f4-9bdb-e7c00ad96396",-122.44317661249138,37.790565156692296
"60c4d20a-5b51-4359-b87d-d5bcf7e827a6",-122.40789724574154,37.747643859206519
"60c6a400-1f56-4c3f-b1c5-2f25b8463d2b",-122.41205646465596,37.74116973793334
"60c6e2f1-706c-4e1b-a78e-af4640eeb4cb",-122.43596966764387,37.749232855300122
"60c7312f-9677-473c-960e-69f1c00ddd01",-122.41138851817952,37.773029632932385
"60c7a347-9e77-422c-be58-9c034e76424f",-122.42567308164195,37.745660262043465
"60d8a740-71ad-4268-8987-75e15b45c570",-122.419862614362,37.756504585258774
"60d8f7fa-4ecb-481d-84c6-efd65ea79c4a",-122.4372262285176,37.7511932867177
"60df922b-f5d5-4eef-b476-a7b0855b4a04",-122.43829633942696,37.796827524008059
"60e16f28-ba77-4491-a012-b1dc29aed7cb",-122.40068295132426,37.76040058263537
"60f5973e-49aa-414b-9e04-6929b18b456c",-122.41103111050731,37.7580964916896
"60fb74b2-786f-42cb-ab3b-22ad8994b7bf",-122.40041454142451,37.768342637140414
"6100d66d-1bb8-4281-8926-0ba39233b8b6",-122.42559649683514,37.80070412635623
"61056e9c-92f1-4a82-8d2c-67551fe68eb5",-122.49153017959341,37.736739010484321
"610a1f23-966d-4545-935f-8c3272a138b9",-122.4813009951025,37.775508493340169
"610bb3cd-def8-4fce-b1d5-9a6f7ae637f9",-122.41745023915159,37.755603135711006
"61134013-482f-43e7-9ff1-aa57f0a34eb8",-122.42520888272566,37.767345353020119
"61144a08-2538-4aea-92c6-854591db48ea",-122.43723674982066,37.749894707672858
"6114b8b4-967d-4de7-9e4d-3a4484121e3e",-122.41152372728949,37.772826007023589
"6116596e-6fa3-485d-8f37-6960b4a01e32",-122.4084748439157,37.756891325607079
"61171f2d-5809-465f-9b31-10b14ac1050b",-122.43986912941347,37.7979659334475
"612632c9-0cf9-4dd5-9ee1-acce270d3130",-122.41305693570384,37.780674623975109
"612671bb-aa52-415e-93f9-1ef0f211a4db",-122.43539118104921,37.795476950664977
"6133a611-d08d-4e79-8107-6c6e82112fee",-122.45124160924297,37.73037800745464
"6137e1ab-48a8-41c0-a4c9-4e837e849684",-122.46761739312234,37.720917935575542
"613c0f63-bc89-468a-9af2-7f6b7aea8d4e",-122.42869177571981,37.739673715621883
"613dc20e-842e-4794-a702-180d5dcc1315",-122.49353150908719,37.781094816667128
"61402f31-ffdc-4c6e-9cef-68ed438a5e91",-122.43281029932022,37.744218656002666
"61439b7b-618c-49a2-b415-7e87d66963f8",-122.43328463861913,37.744470777109839
"615c4cef-5e6d-4153-a29d-58b323f10020",-122.41111393221991,37.749551108787614
"617b7313-c3cc-4998-a713-d07b601df4a6",-122.44673947981275,37.762015346578508
"618076c3-5d42-4864-94b9-5c332f4ef836",-122.38787403260355,37.76062292281263
"61889d05-3a3a-49bc-a051-ff62bc4d427d",-122.48679555265699,37.777223620138422
"618cbff7-42d8-4da8-99c6-db71261ce697",-122.42971829509173,37.767120000114055
"61a118e2-ebad-48a3-b383-78aa092a8ef9",-122.43850485301974,37.804077894171819
"61ac0858-812a-4de5-8504-0cb16c636bee",-122.42096688193679,37.796929859624171
"61ac0f38-e85c-4a28-8810-e8b1b73cc962",-122.39883483046816,37.79029996410241
"61ac5e5a-5d43-4888-a656-ffdf203eaa1b",-122.43065395980098,37.7714862590195
"61b6feb1-c89d-4c1b-af86-7a9c0e2d2863",-122.44781861312605,37.708931928008354
"61c171a8-3e31-4659-8a9b-a918885e382c",-122.41501354210889,37.784105729228564
"61c86953-8244-4813-82c2-3466110fd041",-122.44566451803516,37.790961255418345
"61c965be-b28e-4616-aed9-96aa645f828d",-122.42490160199957,37.761133384811835
"61ca37ed-9e52-483a-9e13-879012703fb9",-122.44255292977354,37.722105057367742
"61ca65a9-df2d-4e61-8041-12d98bcff5af",-122.41606917480145,37.746720261804455
"61cd7ee2-a45b-4d1a-9acf-cfe7c3065a5b",-122.41598081820655,37.785893826649954
"61d70334-37b1-465b-b4a8-503e3282b346",-122.40723254495806,37.777695336894269
"620fc930-0f5c-43b0-9fc3-34c62a8c7222",-122.50256987794329,37.7757553071764
"62179b5a-71ae-418d-a685-cfa267b5aef6",-122.4396108111878,37.77849558261827
"62191940-dbca-4842-aca8-fb683e7aafd9",-122.44316880446009,37.761260019646862
"6219a213-588a-4b5c-ae27-6388554f1321",-122.41186239825073,37.739888441263794
"6224e732-8ba9-4934-8312-8bcbd444b156",-122.42391168737704,37.7928226104296
"62317436-a07c-4ed0-8ec5-8c8799cda2fb",-122.42464230814896,37.77824468597808
"6233ec16-a479-4300-9d0c-0d88df9d700b",-122.41197762148636,37.804151484070267
"6240f848-88a0-41f2-8863-12b30819e715",-122.41644260721895,37.800578844396448
"6258d1f7-7577-4575-8bef-5176278b2bfe",-122.46179602701646,37.71184804271374
"626ddce7-14da-4f9c-aaf2-425cb53c950b",-122.44551619035187,37.765330404759077
"6278332d-4db0-46f3-8d4d-ea1abb803090",-122.4358765892736,37.786232358883389
"627bc75d-a1eb-4d47-a43a-d1eee981b8d1",-122.42376603702979,37.708901766241517
"627cdc23-f421-49b5-9de5-ba1d3823fcb9",-122.39372942122267,37.718431810880887
"627eddf8-c620-4c09-ad7f-1944ff9aef67",-122.50496999614802,37.775816114323177
"6286b45a-6075-4e95-9009-d27500b2eae9",-122.43495217624428,37.771166553895945
"62991c39-7031-4341-8f53-4cf88aafb18c",-122.46056867328366,37.765146967419845
"62a168fe-88f9-48e1-970c-a07af3a91302",-122.4220036419472,37.770691767891527
"62bee68a-0f6f-4992-bf1a-07385c442cca",-122.43737871955338,37.757918905193371
"62c56ac3-ace6-4904-a551-b3489a0fe038",-122.50134104967492,37.753015249225953
"62cb7398-04bf-4a5f-bda9-6677ebd2ccb2",-122.41896879687401,37.795819985575626
"62cf2912-6424-42fd-930f-f3c21bc89dde",-122.39505980422989,37.787182761059356
"62e753ef-17fd-490a-8ca8-d6382bc43ccf",-122.44651677890624,37.76551330084704
"62f8c349-d0c6-42f9-ba96-7d8866453044",-122.44843179484339,37.774119888948086
"62fd13fd-4e96-4028-9e17-d11270c0e8ed",-122.50845179725542,37.758160219253227
"62fe052d-690f-4978-8c8b-77386fdc7f57",-122.41951425273179,37.736101791986037
"63039062-2d85-4b05-9f04-744748018691",-122.41588714945524,37.801248078233471
"630439ec-25f5-4a77-af2e-5054e5f33a70",-122.47793480325589,37.785688366770515
"63058c2f-ddb3-4bd8-be29-aa7570f4c414",-122.45651303097451,37.714499318040957
"6323da13-24ea-4944-af2e-f87d648815a7",-122.4197934000109,37.772682043510791
"6335427b-0594-4b33-bf86-fd298e8c6c65",-122.46477000958774,37.76497374542005
"63408905-af8a-452e-aef9-65feaa3fae23",-122.41112076553604,37.749622306974324
"6354d7e4-6d59-4ee8-baf7-028818f1689e",-122.4644473149379,37.781596761431757
"6364b356-4a52-463e-aac3-3d934cf01b90",-122.40215566159,37.782157983487295
"6365ad20-6239-4b7d-8545-68a443aa7339",-122.50274802813108,37.778200399443904
"637303f6-640b-43f6-9629-370cd9f41e6a",-122.40823543497349,37.776902108450983
"6395161a-2fdd-4c6e-9d8d-fc8319b637ca",-122.44126023547396,37.792865825729692
"63954180-7747-40a0-b14d-bb64f43aaa88",-122.39382719471497,37.782440290547321
"639ac97d-a6b3-41bd-aaa9-834349a9918f",-122.44106463080281,37.80517353036371
"63aac860-9dfe-4ea8-b5f0-e6d65463a0da",-122.40995340310236,37.73243287562628
"63c22d5f-e47f-48b2-8171-06d8b8e9f028",-122.436338813073,37.764156822617736
"63c7129d-69b0-4065-a00d-276709874da0",-122.46051441207128,37.739538177566423
"63cefe92-bc24-4572-a565-077590893e6f",-122.44389551354452,37.792515219399
"63d08433-4d43-4964-87f7-a282f677cf90",-122.43337744390865,37.731129110649775
"63ed6f15-e96a-44fe-8fa1-e997f268f666",-122.43518237060711,37.752924993685923
"63efdc15-e2eb-4bea-8149-34e9cff5e486",-122.44072127364031,37.79429947540627
"63f82a24-e6b7-4427-aab0-fbbb541ca28c",-122.48836602441408,37.741626211339025
"640a3188-aea1-499b-af79-5f97445f3d8a",-122.39023048320293,37.763119289209634
"640dbb24-fead-46bb-b8e4-7b8ee774635f",-122.41816071676705,37.767647234519629
"641887b2-b42c-4c8a-87aa-492a5ebe6ba7",-122.41329462160385,37.750577332302761
"64207d21-12ca-430f-8ade-39e8498f6bfe",-122.43085869127079,37.731244636692239
"6423f161-f7e5-4b16-85f1-a668b91e3c33",-122.40490104482217,37.793858191070761
"64399093-53a5-47a7-bbde-a353c94fe3e4",-122.46594802211142,37.747816002454186
"643e534b-126b-424e-bcb2-c145730de9e4",-122.40511722419762,37.790715353807556
"64412934-114d-429a-8e5b-962eb361b70b",-122.41329031839203,37.775840207686642
"64439d79-33f4-4ef7-98d7-bf4687077cd7",-122.42472771800503,37.77823380626117
"644a5494-bb0c-4aaa-8021-d263121bf23f",-122.45806180235469,37.774422587676391
"6453cdef-b9ef-49b2-9f7d-e46f342e1509",-122.42293651064732,37.744328159580789
"645a3940-7450-430b-a5b4-de99c2fb81f2",-122.44586179331343,37.778892973804439
"645f8928-125a-4bfd-8865-7db89d15f347",-122.4148404205183,37.783743947327281
"6464f62c-77cc-4556-b9b3-aa06b5a42c47",-122.40634761869775,37.7296656527916
"64676d18-593d-4eb2-b40a-2a972a8bcc44",-122.42669038263442,37.798686146874289
"646b4ee2-a208-46fb-87a0-d3745b1976bd",-122.41236480637268,37.793101662682922
"646e52a5-b3d5-417b-8b78-74d0aabbad79",-122.46920670681314,37.782342451152822
"646f87e1-99c9-41ae-acb9-0ab01f8a1343",-122.43463999334493,37.773770530765624
"647693b3-e9ac-44e5-b8ff-6c68000efe74",-122.4126649266546,37.7546944643217
"64774150-25e1-4a7d-b4af-367cbf5be278",-122.42286894975514,37.728507169024674
"647c85c6-0419-4801-ba8c-330a072c682d",-122.47489624553097,37.764117659407866
"64855be8-4023-4b7c-b16d-29fbf6d84c0a",-122.4378273628633,37.723260601919719
"648c7619-2052-4379-93a3-9a2df5b4be12",-122.41574821709217,37.752978571564789
"648f1b3d-521c-4e5b-b8e2-8ee67b189c51",-122.40961096281885,37.741046930910088
"64ac4174-c32e-45c3-bbf2-712d28c04d39",-122.40891076263402,37.71486042147572
"64c07a24-32d6-4a0c-bedb-995c3176e54a",-122.48691240604956,37.778832115172548
"64c9973b-f212-4a87-bc8b-c35000ef8359",-122.41180244206649,37.774847310780778
"64d88d65-bda4-4a15-961a-3cf08ade4c3b",-122.40341603020424,37.798950426312452
"64db2281-62d8-466c-bc78-da1440b063b4",-122.403551516109,37.761926802937012
"64eb32e3-477d-4e62-b7d3-c546288c7d07",-122.43453262367211,37.725787504308741
"64ebc169-8616-44f3-b0e7-9ad1d0b9c203",-122.4993517213712,37.779913744287477
"64ebdfc3-6363-4e64-8c85-ae77deecaa8f",-122.42377755133388,37.744276695893817
"64fa0285-9d5a-458c-8e59-a4ffee00e896",-122.42269647748461,37.8011373475439
"64fb16f7-adbc-42a0-ac6f-b3fa8674962b",-122.38942372508856,37.789001719338543
"64fd473b-5d24-40f1-be42-68206fdff34a",-122.42088212613066,37.8062102282795
"65074c9f-f61a-4375-b113-680c9b3623b7",-122.42263092758991,37.766129766085811
"650e5ca0-2877-4be9-a6bf-91d4f7428dc7",-122.42247273720209,37.778381561750393
"65169985-605a-49ef-8c7c-eb63360dab92",-122.39904945736473,37.79013043963382
"6520ccc8-67ee-4f74-9f0b-4589983b82c0",-122.41713558205747,37.751155310102753
"6547387d-1149-4f44-aad8-c2e60d2df6a0",-122.45139602039309,37.782402018717129
"654df675-8959-45ab-b045-8b988e27693b",-122.40843691343851,37.751607543011815
"6563095e-7ed9-437b-abbf-e094b18b9c3c",-122.42097692350161,37.805737573580117
"656913d9-e866-41f7-b3dd-6d6def232b61",-122.41222940484653,37.795391284339452
"656aa4f1-8e9b-40ee-84e0-d93ee9ed5d30",-122.40387922419698,37.795376911705951
"6579d6f5-54a2-48fe-898c-41776b3bb75c",-122.4031890984992,37.735056635071054
"6579db24-2d0e-485b-9d7b-d705ff2c68cf",-122.40177845020744,37.796833904601684
"657b5dcf-8c2e-4dfe-8f6d-eee2fc53a964",-122.39753547779877,37.730366068328927
"6587100d-c3cd-461a-a22a-2d39a996d1f1",-122.47605067098166,37.782104542000283
"65897ed2-686c-4889-9f9f-479438f326c8",-122.42067481407899,37.76208075988167
"6593995c-62d3-42e4-9f50-12fdee7539ec",-122.41998896031049,37.79288608578274
"659c337c-c9fe-4148-a2b5-13fe901bd426",-122.39032610499463,37.760533979673774
"659e6d35-e710-4d42-9e12-12a20b3069ce",-122.40983146249854,37.755024838767163
"659fe458-c74a-4c6f-b8db-3a6492142ef6",-122.46305156992447,37.714414072204491
"65a31c85-ddc0-4654-8183-1f50bc3e053f",-122.43186414438823,37.732841110576068
"65be35e1-dc22-4ac2-b1de-1ed9813449aa",-122.42644150131811,37.739329487614874
"65d09716-5465-49d6-96c4-80ca67702396",-122.455815596736,37.730858906636975
"65db8383-c05e-4984-b8ee-e88d8a99a2e4",-122.43625116103912,37.77815555785854
"65e0d8de-d15e-42b3-86b8-6c3c67ddc390",-122.41551999757861,37.790660576071716
"65ed33c8-0398-4fbe-890d-26977c82c10e",-122.46861943295252,37.773393852888923
"65f3f85a-1789-4d6b-8496-2ea6effb50a0",-122.46532929348265,37.708341575847733
"65f41f24-fdbb-4ae5-905f-8264f91e95da",-122.41111393221991,37.749551108787614
"65f9f606-ff09-4701-8ed1-2321a4ff5551",-122.44474662283922,37.77172111987516
"661408b2-3359-4176-abbb-34f9b1431ef9",-122.39649380202817,37.7246958900497
"6618b34c-3481-4f32-b4df-0a72f44f45d8",-122.42435866445301,37.778141746040063
"661f6d95-6007-4b10-88f6-23185e802310",-122.45280086574435,37.730770595987451
"661fbaeb-ca49-4b6f-a750-3dcdb9b88926",-122.43270979960405,37.761665005320715
"662b5444-3e8b-4ffc-995f-26e86268d6f0",-122.44347163871846,37.710418292147978
"662e8551-d006-4613-a305-cfdb9aca74d8",-122.43452788590965,37.7349324125032
"6636b1e1-7c13-43b2-9986-6784083d6fd2",-122.45115702328066,37.764923741486513
"663e6baa-c847-4f09-82bc-e5bacbf11487",-122.44401048266566,37.7592585354947
"66510fab-cad8-46f7-9f13-f73d41191ffa",-122.41630683665753,37.748720529652836
"6651cc0e-340a-44d6-9b3a-05fd6f4423ee",-122.41165486456394,37.789318880612093
"665ff339-517d-4607-9c6d-02b369f36f71",-122.47951802360312,37.776637934109544
"66648b7d-803f-4dac-b262-074932e5679e",-122.45216624351337,37.758430212168996
"66651576-083a-4150-ad73-f76ba9cd17db",-122.5085557817122,37.759636820623257
"666d3b49-62e5-4ba6-ada6-8d8a6e28ea20",-122.41981603560268,37.768070577063256
"667a36cd-c1da-470f-92ed-fb6d6f08dea3",-122.40380806786303,37.758906804845672
"667e0a25-b6b8-4f5b-b3b6-d60db802b2a6",-122.43938033542047,37.772024370194131
"668056db-f2f5-44a0-b86d-8552f0f92986",-122.4715734340773,37.779555502022831
"669a7769-2d5d-48aa-889c-cc8fd117978d",-122.42380469988943,37.793027362854694
"669c1a7f-4d36-40d0-a02c-7831b369a623",-122.47210557527417,37.763383031226155
"66a6b682-f930-4dc2-a3b0-b90a54f5a6ac",-122.4192059842067,37.771676411112267
"66aef9a1-bfe3-4478-92ec-2516098437c1",-122.43454119441613,37.804000669864251
"66b7e543-14d2-4b5b-b5ea-2a50387a83d6",-122.38363644303995,37.733291267663112
"66bb1491-ce51-4e26-a7e0-fc5b4722a65f",-122.46502525956019,37.778054804890807
"66cf6d0a-4b84-487a-8792-ad7c937bc634",-122.48245559734939,37.776637365307948
"66d035a4-3b27-46af-9175-77362b1062c9",-122.46607939484417,37.781441932890665
"66d14d40-49e3-49cc-9663-c286c177e3c5",-122.43943715320175,37.716152923132093
"66dd0794-5493-4d88-87da-5eb708b76fa5",-122.39402387362868,37.76181007944092
"66e06380-fc1a-4f98-958a-b860582c60ab",-122.4368427501617,37.746702713201763
"66e35be1-8bb3-40ed-86b8-696e71287f4a",-122.40971651852873,37.805242253661035
"66f278c9-38a4-4a9e-a468-5dae846d443b",-122.40262954083839,37.756708436267665
"66f6e431-8fed-4248-9479-36571b8b32dd",-122.40663573820076,37.718018727305491
"66f9742d-44c4-479b-b243-d8f70ab3ac68",-122.47777754703391,37.749849730194988
"670e6c42-2d4f-4710-b459-10a11b8b3ba5",-122.47429210078431,37.763301265945266
"67145a73-24c9-464d-a323-b373f9e4b004",-122.44926984199036,37.78273308957295
"67146f5e-e641-4a22-a481-3ec4e0956883",-122.47214184357878,37.744511477542169
"67163676-78bf-4e54-8dfd-19c10d737f0e",-122.44535888076527,37.794017166520618
"672570f3-f135-47b4-8fa7-12f12f2c62d2",-122.43246903812005,37.751479466856971
"67275a16-51d8-40b0-8088-ef7e7c6aaf82",-122.41450104796439,37.752668892142516
"672a2e0d-3cd2-4731-80c3-5a3b2e9cb3f7",-122.39586740795528,37.736654549503655
"6735a713-e9a1-4d0a-9418-e205962b467c",-122.41723167099255,37.752391717459496
"673a642b-25cb-477d-9d6c-cf02e89696d1",-122.4371433338718,37.7490991063384
"67440ea2-554b-4f74-a1b4-31730ca7c5fe",-122.41274277224898,37.805298377489962
"674e6b98-bdd1-46b4-9873-bd13f418924b",-122.41754272483659,37.797111967476468
"67511669-7eb6-445a-9357-1a68dae135c2",-122.46474218824407,37.785667227577107
"67595f52-1e9b-48b2-b69f-857742971cbb",-122.43827824361134,37.762385836900563
"675df7e9-ba18-4b26-b714-77302cfee919",-122.48745191328865,37.779123968117737
"6766ff8f-983b-4d30-8f69-53ab4ea7879b",-122.42363429826268,37.754155648092627
"679347d1-f695-4ac5-b769-aad0f524d329",-122.45172572533488,37.766698048079732
"67a19d24-321b-4845-af14-624e66a8a4d4",-122.41438761766796,37.750070891701213
"67a3d4ae-67f9-440c-bb27-a7feddcd5e0f",-122.38868018018417,37.756996296940457
"67a3feef-300c-49e8-952a-160ec26f5a89",-122.41597467014483,37.791292628123273
"67aeec3d-1567-41be-859e-9c94caddad60",-122.38676986818155,37.738722553488529
"67b005d7-d065-4b3c-a21e-8aff82156177",-122.39738462514775,37.7182143395783
"67c435bc-5755-418c-8b79-cba634161f10",-122.48131023091086,37.763696530732666
"67c6b35e-7b7b-43b8-b6a1-2c4044780385",-122.41376193286273,37.737441114526916
"67d53954-cea4-4e8c-83ca-4bfa5c13a275",-122.48518621261842,37.78460267677395
"67dc96dc-daa4-4b99-96fa-10770d7f8dd2",-122.48154456054164,37.757645058657914
"67deb4ad-a0cf-4b5d-bee9-4b830812bad2",-122.3841832755069,37.726856424530794
"67e1e09d-64ee-4afc-90e1-01a0500dec6f",-122.4068201506792,37.794535252251343
"67e1edda-36e9-4ed6-8a23-48423ce6dc8b",-122.40687088624648,37.799865799976779
"67efa609-4a1a-456a-94dd-2eb1c3b53aa3",-122.41974719085187,37.7506397870623
"67effc6b-58b0-4b30-ac4d-2f797948eac8",-122.41924883084044,37.800798395057164
"67f8658e-676b-4293-acea-6d0f7a4ee73f",-122.43264806564902,37.7654606711936
"68002820-6ec8-4662-aaf4-26263c718611",-122.40665616035321,37.750975427825331
"68085ddf-55b6-4e32-a666-b6c4133d20ac",-122.41833803477424,37.74342487231376
"68091b98-7127-43a1-b741-1f2d55d85c1a",-122.42224814410248,37.757238823195486
"680f7939-6ac2-467e-ae24-4fd98eec418f",-122.4217177042311,37.79932799953766
"681b998a-74a4-4579-9a34-4757e7ae918b",-122.39344340662836,37.785824088085356
"681d0807-fd98-4f56-9910-47b19cf0e07c",-122.41657053819094,37.725691761680089
"681e96b0-1838-495b-a7be-1be600933b5e",-122.42064731660463,37.793809655852137
"68209b7c-ffad-4538-9614-ecdc418b697a",-122.40826600933231,37.770930586497172
"682749d1-31a4-43da-8745-55217e74bcb0",-122.42883209415068,37.739753964593433
"68357777-d83c-43a5-9f73-7b3101dc4f3d",-122.43044802025544,37.746775125753253
"684131d8-fec7-4de2-96a3-5332c5320924",-122.41951105183153,37.744637212480725
"6848ef4b-4c93-4e9f-8eb9-732f0f843b77",-122.41078725102612,37.787511290662273
"684c7bfc-8f01-4694-a5d7-f03d69a7fa10",-122.43722323680014,37.755125398974485
"684d5c84-14f4-4952-aa46-5bc1f869f31e",-122.39789892041247,37.758049319911144
"68564dc9-e97e-4490-a611-cabc1e25d050",-122.42480616658706,37.776982321671937
"6866c43e-0e90-4e2d-aa75-0a3021574b09",-122.43714410934966,37.805860144263782
"6873fc8d-0a8f-41fc-b732-139380342ee0",-122.41633234319777,37.792729703353587
"68741bae-e3ce-4a76-a6ee-820ce17a15ef",-122.45126693250819,37.733360027623128
"687c03bd-0e6f-4aa5-8043-c84713cb234f",-122.49975103940997,37.741326366590613
"687dc08a-4d12-4d00-ae21-3fe100d1b9e5",-122.39790044303552,37.7898748114348
"687fbedc-b3e8-4401-84ae-3815090ac8b0",-122.41823878964544,37.801494664265121
"68879c46-52c5-45b5-9a4b-d10b03a91c3a",-122.43390149291679,37.778697093651743
"688df880-0c9c-485f-bcad-47912d738168",-122.40901643547518,37.778429292308694
"6891417a-3ebf-4e73-a382-0945327a3aae",-122.4741050340626,37.742734307469483
"6897dc47-8682-4c8e-9f79-d0fd0171ad2a",-122.50342545895987,37.778650993947636
"68b1399f-bf44-4331-a6b9-facb082ff6fd",-122.49687480195065,37.762869798794718
"68bc6dcb-aff8-437b-bf47-2bb7ee34aa86",-122.477447917442,37.744595450927896
"68c5825d-d10a-47bd-979f-217ccbd698ae",-122.42504066625371,37.796597495660521
"68c6518c-d882-4e47-8c64-b5ecf991d3b4",-122.4844832880438,37.755377362194352
"68cf33c8-5813-4659-a8e0-969d73f0b979",-122.41030171185706,37.745100318027653
"68d19c9c-5159-46c2-8038-805a6d7a0fa2",-122.40805068135215,37.791850754944811
"68d44af1-dd96-44c2-b51e-083116490f23",-122.41284775841831,37.794093880819723
"68d6102c-e361-4fe0-8467-67526c326b7b",-122.4593669924908,37.779900143262907
"68d849ed-6c3c-4815-aa87-81e046048ea9",-122.43465185947156,37.726163223792291
"68d8e79b-e229-4ab4-9fd1-a7334ffbb30f",-122.42640504481012,37.753812503898516
"68db6f20-f5b6-45f7-8d2f-6d8c958eb21a",-122.42685683098134,37.747270464798149
"68dfb724-afeb-497a-a47e-f3473dfa145d",-122.44300327079139,37.774983968235716
"6905220d-2195-4b9d-a430-4a653d461337",-122.47643955981188,37.746021866550372
"690ba620-786e-45cf-87b0-82468514da13",-122.4507335284888,37.765116863084963
"690e48c7-0a7d-4102-9119-5db4d1fac0e3",-122.42078489723708,37.79365410471376
"690f235f-a0b5-4558-923c-6be44860dedf",-122.41752183316585,37.788623948033141
"6918b6f6-5c36-4f69-9641-22fd8ac0be58",-122.40098067014799,37.719579253319608
"692113a1-9d18-4fbc-98e8-216b3e2bf386",-122.37411077322041,37.731196256378972
"6934b1e5-fe08-434d-8134-a0cde91053fb",-122.414993938002,37.741715625378575
"693561d7-1da6-4aa7-9702-59713f2d6799",-122.40712394532656,37.755842872645722
"69365fef-af93-412c-a998-3e75d5d10ecc",-122.41277451012976,37.751390592574793
"693c6ecb-f795-4023-a591-a12b00825e7a",-122.41297470075014,37.757479985475911
"694df6c6-4fb7-4409-93a8-c59b404e015e",-122.44619216325016,37.784921995143961
"694e13e0-5cfd-4050-88e3-c7bef12b32b0",-122.41783441484479,37.762879248129948
"69539afb-1ba8-4c6d-b929-54e1ea60a3ca",-122.4831780120946,37.719867331933585
"6961ac1e-88a6-447d-9b2f-8398696d6bf8",-122.44542557071753,37.788149053738465
"6969e229-bb5b-4709-87c4-745a71ead4a8",-122.43806683498833,37.759751417662159
"697228cb-0f8e-4a59-834e-f943ea0a4b3d",-122.45295262350869,37.763878078607554
"69762267-b503-46a1-8959-ca2119df640b",-122.44769618627292,37.727363031505185
"697afc41-f83e-4283-bee1-9fb4e781dcce",-122.39328458276357,37.787194868685873
"69851463-413c-4b50-8255-b843a7c34eb2",-122.42988153646162,37.76803772787774
"698f4664-ca36-4c2f-9a2f-821d23453f57",-122.4252652876504,37.73564340085521
"6993e188-2f73-419a-8ca9-43f98f80a804",-122.41404297521984,37.75806194283615
"6997aac5-7d9f-45c3-acdd-124d6f409724",-122.46875516685748,37.775531955750061
"69aa403a-ce1c-4ebb-862c-02c938b9e097",-122.46340488811755,37.782056425947943
"69acd33e-0750-42de-9973-d07eeacfe30f",-122.43530816913089,37.800598392818593
"69b2a548-7183-462b-8fbe-9b98a57989bc",-122.46149607056796,37.787676928780648
"69c4697a-2e3b-47bc-bac2-883ecfa1167f",-122.40767757765481,37.743780988946007
"69d127f3-7fc2-4dbd-84c1-94c188f7b622",-122.41311403567607,37.75497190688985
"69da4349-f366-49af-9d40-a7dea5a63ba6",-122.43046802923358,37.774109016765081
"69deff86-62f2-4992-9323-730b06a184fa",-122.42084486273085,37.784110107332232
"69e71dab-ec94-43ae-ac0a-7f83690aefd4",-122.41896651460861,37.746258685440246
"69e75afd-cb13-43a3-bb39-678312e68476",-122.43981829742488,37.799225047717478
"69ef62ab-0e97-4db1-8864-e08d12fa2241",-122.40846469848157,37.742419755868177
"69ef97c6-69aa-4a65-be0a-d8002827d09d",-122.41773195435854,37.723057449345461
"69f47f4d-02c9-4764-b4cf-deb751da4505",-122.41154768753515,37.788528091072209
"6a086f91-bc36-41f3-ada4-98e08644cbd0",-122.48886286241871,37.739317769482582
"6a135b0a-c5db-44e3-b461-ff92d6d6a8f5",-122.41461917566525,37.783281281515528
"6a140ef0-0ec7-4497-8893-fc2f5b4eba97",-122.43299244200766,37.7952431946484
"6a315c51-db59-438b-8d54-aca7d01668d9",-122.40347027015565,37.778221399933628
"6a31e77e-90dc-462b-ab97-bd4269e25322",-122.48880808115331,37.763322083281018
"6a32f082-4060-4ea8-9904-359fe89d8838",-122.42232865159112,37.78471029657792
"6a378f4d-66de-4536-a34d-30f016d5e769",-122.41884993295531,37.748634302131215
"6a4a93a8-9625-43e9-84f2-7a8d699ee4d5",-122.47628404531552,37.783768606593256
"6a4fc0e6-5293-4b63-88b0-a1c74eb58b86",-122.4835800700594,37.782189535435521
"6a50ee4e-f47e-4177-ac0e-58b6541a838d",-122.41874405953148,37.761343762313139
"6a531144-7598-48be-a841-aa1857ced86f",-122.51025569726438,37.774608387190462
"6a5a47ac-cabd-4886-98ea-cbcc3e9e70ab",-122.4172741250856,37.748355895679296
"6a5b7fc2-7c76-4616-b45c-951de1e2178c",-122.42862292982448,37.776689912664949
"6a5c5f03-ddce-490d-b333-e284ef881bf9",-122.50183263888808,37.756749824976339
"6a784368-45a2-46ee-b7cc-dc0a96d97fdf",-122.39775538430912,37.772404087320446
"6a87f5d4-2dd8-4d62-913f-cb3192a6639e",-122.49488293990795,37.779185242831524
"6a91c645-0833-451b-a489-f6347719d78b",-122.44672538768368,37.768382983064491
"6aa21e47-b6f1-4729-8c7f-d3c5c50f8fc6",-122.43917879348216,37.803391488693734
"6aac6c9f-a39b-4154-b8f6-e7df042547c3",-122.39354963982333,37.784160775844761
"6ab6a4e5-aafa-47fd-8424-7a28e9638144",-122.39372942122267,37.718431810880887
"6ab7d261-ab63-480f-a639-3d62a6672250",-122.43412508870539,37.774233078780426
"6acd76a5-b1e3-4b6c-8276-edd86a902682",-122.4167599916082,37.744357500019987
"6adeda13-74cb-402f-a1c6-c062fc567457",-122.44347502315679,37.754103856409643
"6ae043af-8ac0-4bff-b1b3-e5b5eee463d2",-122.41817906604386,37.766374366980749
"6ae048ca-42df-4085-bbec-d67951df07e3",-122.41524915575152,37.775953753389771
"6ae0e345-8961-4994-8c0e-0435fb0696bd",-122.48600039489578,37.775342234516678
"6af04ce7-05dc-4942-8e9d-c64c4a6f5192",-122.42995056378491,37.772668660988607
"6b047aed-976e-4645-8db5-f31acff64efa",-122.44078144405465,37.757657050991263
"6b0b0b77-4f6f-4abb-aa9a-548a4e7e3faa",-122.41968346611918,37.709459996197658
"6b172108-1e60-43c8-9314-89a1627cf9b2",-122.41676146555362,37.79805295552756
"6b1953b4-6a6b-4f22-a138-b4ce8832c8ea",-122.40719556514514,37.778150760945991
"6b20aeef-8e12-4d3d-824b-2abaf036f672",-122.42402382389776,37.745869812294366
"6b2cf2c9-9a55-48ef-ab88-dcb5b33f68b6",-122.41916207460859,37.79488126467308
"6b2e9abb-fe75-4c3b-bde7-6d48f7c6bddf",-122.41872825195064,37.761178634184866
"6b330f9b-a19b-4eca-bce7-214b6cad981b",-122.41347661076904,37.737838112557512
"6b44a58e-a8fa-4296-b34e-fb56c6dbfacf",-122.40173044339649,37.761080123114795
"6b44c79c-1381-408f-b4c7-cf268a5a8f84",-122.41404551464827,37.793860530936811
"6b59b17d-9559-42e7-a458-c54218407a26",-122.44741801766843,37.791006217639634
"6b690167-cc7e-45c2-9c4f-ecfcb25edfae",-122.44630616981347,37.766312032330433
"6b751c2b-d03c-4f23-9207-4847db6c4709",-122.43483702748031,37.772981950809012
"6b782c68-63b9-4074-935f-09a11ef016a1",-122.42162476469957,37.791496700886185
"6b85cb50-9a7d-47ca-b407-3bf5f47c76b6",-122.48585488058777,37.788040924239027
"6b8d04de-1cec-4003-af83-6592c712ccf1",-122.43748998965422,37.777427538431546
"6ba4d0b5-f4d5-4acf-8846-2f73884555a0",-122.3999723212968,37.759367509472028
"6bcc9794-b01a-4c65-85b6-291709aae098",-122.47261533232441,37.735805815673686
"6bd280a3-1d8d-4f39-a52c-94f297719d07",-122.39416445811564,37.753096076609388
"6bda5a86-128f-46fe-a7cc-ce158df88285",-122.41007903901638,37.746628805385434
"6bdaf4d0-3d84-4aac-b166-bf9e8e5571ac",-122.43969123124738,37.77102823708104
"6be61da7-0de8-4d30-a9b4-168c2f7f552f",-122.44252893699209,37.774488195114564
"6befdacb-981c-47d6-81ba-9d3de055d320",-122.41068940528653,37.794157381976021
"6bf7ac4a-d83c-480f-936f-d08b3efe59b3",-122.43793321316842,37.759190658396236
"6c03ea14-08c6-4995-8ab4-1345cbca5aa5",-122.43372104058078,37.765248170677829
"6c0678e3-6262-4894-a2b6-a9f9d4eeee96",-122.45453780580711,37.790022653490496
"6c0bea46-b04c-45c5-a8e5-69a46aa0f4ef",-122.40946843774707,37.777362005592131
"6c121425-e779-4c85-a250-d6f06d0730c9",-122.42260383673529,37.790645539515943
"6c144b09-aaa3-4f2f-8985-fb0d0d67daec",-122.41096049688673,37.765468266508449
"6c170bd7-d759-454d-bfaa-7c55e5602b8c",-122.43102668628514,37.767373024442982
"6c1ad56a-dd7e-4112-8fff-44ca83403979",-122.43564505603103,37.738180868625228
"6c275c90-2f31-4e19-8c36-8b67e51631b3",-122.44352758173591,37.78149298496394
"6c2a582c-ef72-4c2c-8b0b-57a93b8f9411",-122.40704356106964,37.792428566805611
"6c3342b2-4b76-424b-a554-c85910da4937",-122.42403944443619,37.757128218667518
"6c3a7944-a8c8-4673-bdad-f2c3bc769cec",-122.44540859484955,37.718963327490805
"6c4a31a1-11d7-4897-9154-54e4b5398410",-122.42414288700658,37.74886148890274
"6c4b2710-7588-465d-8b5f-f37752e89ced",-122.43462014259545,37.7957666660943
"6c4b6e9c-fa18-4c6c-8de1-6c2b3cdcbb62",-122.39862500913033,37.765657115895131
"6c4ddfe1-3a76-41d0-8d43-1636592ab1b1",-122.4086256264163,37.775616369438055
"6c51cf0f-65b1-492b-b527-3400ac4b283e",-122.39966242082215,37.737528889989662
"6c529bce-2c39-4adc-be25-56da3a1dd531",-122.41488649764658,37.776916447017058
"6c54d2e2-d8d6-456c-ae6b-0a2d449359d0",-122.44098496417141,37.758649026785612
"6c624460-956c-4785-ba7e-8093fae94547",-122.44022699886398,37.799451286917
"6c6baba7-8c2a-443d-aacd-5fc85f69e07f",-122.41371239681202,37.737988976138816
"6c6c2ada-0feb-4544-9ae1-377616225b28",-122.42497549144599,37.744203383478
"6c7b3d0e-07ca-4d13-8589-940fdf279e5d",-122.38113135805548,37.737764399095646
"6c7e4a4b-53bf-4ca0-84f7-338a565a7b14",-122.40341483393338,37.758379743075736
"6c86f013-339d-47a7-9fec-ce8ad7baf7c3",-122.47340236456982,37.764456957127543
"6c9b0431-d391-4082-b853-df76e0503d46",-122.47774253013429,37.764748266829457
"6ca1e06a-e9de-49ad-8d30-afa28b210b1b",-122.41692882763815,37.802429834906789
"6ca7adda-93db-432d-bd6c-eeb0b1ae8cc8",-122.40998472379084,37.756600655339227
"6cacdb0b-8061-491f-87b1-4743531df87f",-122.42299879822744,37.796668700128691
"6cae5eec-be22-426c-8fa4-0a57ca9f6486",-122.42420484251886,37.795755264558316
"6cb18a38-05e6-44e4-9ced-5c148e323ffb",-122.42301591044294,37.779219831014792
"6cba7121-e6b3-40dd-8deb-9d75f1869fa1",-122.45236856716934,37.774192816755487
"6cc3b32b-e432-4365-9d88-612de4b8a955",-122.41550362984555,37.725320678435644
"6cceae33-7fd1-4913-bed0-e211e2b44701",-122.3934522361006,37.728161778943814
"6ce060c2-9b40-428a-bd24-92f61fa8e90e",-122.40604639455277,37.712003111005664
"6ce5b46c-b644-4db0-a28c-dbf9efab6213",-122.46533078872504,37.708227958143063
"6ceaafca-82d3-42b7-8a89-8abf21eddbbc",-122.43329413371099,37.800830437339116
"6cf8a909-4cca-4e9d-9db3-3ae41829a372",-122.39761791738226,37.758738256598448
"6cfa278f-dc6a-46bb-ad58-f0990a82f73b",-122.42900225967317,37.766551364014028
"6d1706f5-c844-431c-86cd-5c35ed4dd3e5",-122.41952482342558,37.797870692228514
"6d19beb5-9e4e-4815-bdb9-f9d0756b0bd2",-122.39319071996388,37.722517909544521
"6d2be4e0-b9c5-48a8-b1ad-16a7af1130a4",-122.40213200667858,37.716424369914371
"6d2ea605-025d-48ed-94c7-ebcd88793778",-122.38872722391163,37.712475345529079
"6d52cc0f-a481-43ac-becf-0535ddcf1d3d",-122.42795386858739,37.7267860556966
"6d5ad73f-816b-4d47-86bd-0e3c7145e6cb",-122.44230414608549,37.781916568659717
"6d647b70-400b-4267-92b5-45fda65c9823",-122.45005859666652,37.784793705539457
"6d7c0979-f8df-4179-8da2-77366184aad6",-122.4432838024628,37.764429863355204
"6d82dc0a-761d-4a13-893b-804e5119a65f",-122.42088012030584,37.763738011997404
"6d8875c4-4e01-473e-a57b-5f7d1a31efa9",-122.42716998167937,37.779744114771276
"6d91d3a8-d5ac-4e13-a841-fb3047f5cabd",-122.41438634677652,37.799127929228696
"6d9319f8-7a4f-493f-b141-4ac288b4c6a8",-122.4232566681108,37.748013814066255
"6d9adc05-19ec-4c99-a290-6ceae092c40d",-122.38978921003671,37.730977981744374
"6d9c0029-ddd1-4469-9c12-30c7c326ec42",-122.45558326673036,37.719677313664654
"6da7118a-8ea8-4270-bb41-21f67b5dbb3e",-122.44190691521736,37.789361066063556
"6db6467a-e222-4a4e-aebb-83fa237500d6",-122.39140545840561,37.7871153777075
"6dbb5aef-4808-46c9-8cb1-9ee60aab1a33",-122.47991352566643,37.759106526861572
"6dcc4b6b-3da8-4051-856a-2e764f1e7625",-122.45298625407749,37.732403675724072
"6dcdc6e7-6fbc-433e-bf4f-9453f1e8d72d",-122.405338647325,37.7254734716888
"6dd43528-3c7b-4383-91fa-493572d3982b",-122.43501323633853,37.744890447360007
"6dd5ee14-3d24-40b2-a425-d7e3c35e03cd",-122.41318425908031,37.797342189688969
"6dde28de-10ff-4967-acf9-f51d4d497dd2",-122.39900093276569,37.76167387622808
"6ddf5079-8dc9-46e5-8f0e-75fc5af984d1",-122.38855532890605,37.72744610179867
"6de34b60-47fe-4b99-820f-8cd96a31c8df",-122.40953547089495,37.751900183553381
"6df44527-064b-4c5e-84fc-16ce0814e426",-122.48586891272437,37.78956232016349
"6dfcb32d-f5c5-4473-aa90-3bbd1d8fc23e",-122.44111487170548,37.780609954439541
"6e034b44-41bd-4b5b-9508-023463a11670",-122.46083013146161,37.783498063542488
"6e03ab60-cbce-4dfc-b6b5-bc86a9a3535c",-122.44000197026598,37.763988257542138
"6e1342fd-89b0-41f3-bc8e-6b54f89d46d8",-122.42512160292054,37.758353972878432
"6e1963e0-6607-4120-8ff1-49eb4c78240d",-122.42891000660266,37.788960435634287
"6e19666f-9ce8-4b06-9803-2e777884475f",-122.39750240282225,37.719041495965968
"6e230934-a5bd-47d4-a610-64bc9f7961ed",-122.39566012685397,37.758596774569881
"6e241b96-aca2-4f20-97a7-2b79401dae32",-122.47312220288129,37.742777438427616
"6e2c48c8-8fdc-4629-9ff6-4da465ee9d6a",-122.43758537035944,37.798499127810658
"6e3211d1-a042-41a0-ad6b-4d2d872e4018",-122.42890225405861,37.7397940894573
"6e324b6e-9bda-4507-85b6-ceb71171080f",-122.42202538251216,37.792706420491442
"6e32b3bf-df39-4702-bbb6-b698dfbf0144",-122.41103932602498,37.759795853192564
"6e342695-1872-47ed-87e4-747ccf2fcf95",-122.43218052567919,37.719382149615306
"6e44e3cd-fc1e-4288-9a11-9466f63e05e0",-122.42108355756727,37.76092618782716
"6e48e21a-312f-4352-8780-2974c089b4e7",-122.44310412590936,37.756977257632464
"6e49f01c-8c3d-4a93-bc94-051bf427ceef",-122.43168142851204,37.774911628276456
"6e54dbef-b454-4353-9667-68df23e16593",-122.48685469335997,37.786982094044525
"6e54e270-6744-47d8-8f9a-f0c58c86812b",-122.41391994280714,37.783430954860215
"6e577681-b40c-4825-ab11-3738d27ee2bf",-122.44294499165599,37.778071786252433
"6e68c0c2-ce73-46f5-9d56-2db3e5e708d2",-122.43469779321855,37.76360268080122
"6e6d02cc-d799-4bb8-9190-276e5c796c42",-122.43919456045901,37.723167761106829
"6e6eba4e-e87b-48ec-ac5f-4909bea7f2b5",-122.43413864145833,37.78263193444014
"6e74211c-f16a-4051-934d-783403f656b9",-122.44230414608549,37.781916568659717
"6e7cc001-0337-4fb9-8a72-1f8f8cc643f2",-122.45121992541841,37.790445196966743
"6e812738-dcad-42d3-876e-f6133cd3c8ab",-122.41664998993902,37.744948685426778
"6e834918-f135-4435-a4bc-5d8aded09323",-122.44918414553297,37.773378879848664
"6e86cc2f-c84e-4c12-b41b-bae4d27de139",-122.41687289358785,37.775290249826931
"6e8a3a5d-ae24-49de-bdde-e2966ae25a50",-122.42904635583007,37.75247179291577
"6e8d0f1d-f6f3-443c-a0b3-695a7602bbb8",-122.44155957743183,37.753344200310131
"6e8e4ef6-b093-45ba-9e0d-8b1b56e43f8f",-122.47953015839177,37.753583610677509
"6e916a92-cebb-4149-a66d-f12422232a6a",-122.41321018405027,37.805406205765081
"6e9428d6-faf9-4534-8236-1880f5f186f3",-122.44002075062998,37.805270825905744
"6e9527cf-593d-4b66-b300-11555c0aa336",-122.41056940714945,37.75328979716943
"6e9b1d9d-badf-4df2-a081-36265544f7e4",-122.40962042900544,37.749153454416195
"6ea6b7ac-78c0-44bd-9ad3-ea42274af969",-122.43614874296583,37.755603237154915
"6eab155a-9b66-4113-aa82-ba4ba5c6b04a",-122.43063961226996,37.738805559546158
"6eafb8ed-3045-40ed-a37f-948b8917d35d",-122.4116796659484,37.774944052052241
"6ec01750-e8b5-45c4-8dce-92a4ad085f1c",-122.39536032619107,37.76200553262133
"6ec0a4a3-d185-44f9-99d4-cf2076e12f8b",-122.40965406112393,37.783625156789988
"6ecb95fe-ae71-4b62-8fb8-048a2c12d744",-122.43371054275271,37.7736963066681
"6ecfc2a1-5bf4-4e8b-af38-931657dbbcf8",-122.41615799836556,37.772765589344331
"6ed01ece-2a2d-4323-a5be-8049510c18cc",-122.41415846946288,37.762793672581026
"6ed0484c-6a32-4b0f-bd1d-8657c75935ed",-122.39338849231379,37.762055665276648
"6ed214dc-1743-42b3-bd5d-08abe20181c6",-122.43837677441411,37.787444963817457
"6ed72015-d4fe-4d1f-8456-aa1fa112a084",-122.42096554629835,37.79712130194325
"6edbed50-311d-4da3-8009-65b785484ca3",-122.48147952698596,37.733104346097058
"6ef3e403-5631-4663-a990-bcc79cd6c914",-122.41654633551015,37.739564423702483
"6efde6c8-5460-44f4-8200-ae18a48370fe",-122.48184682135235,37.77728403239275
"6f0bf6b1-e5c9-4727-81c0-2051b45b6012",-122.43018172448946,37.792219417478009
"6f1e1abd-810e-4ecf-8ddd-6da9b5de743b",-122.42120957747028,37.762966736503962
"6f2456ef-7ec8-42ec-a977-40757a0d51ed",-122.40758334590532,37.790889072429785
"6f2bd0e2-922f-4abd-b305-2c30f3e1a34f",-122.40751624281951,37.726239639898957
"6f2c7e30-6c33-4268-95cb-0375c5e987b6",-122.49777972229624,37.780583511972033
"6f383bf7-3c1e-4157-8760-da145c8f4f6b",-122.42174263012507,37.770955303915926
"6f4ff1f9-94f6-4317-9b26-b678e67727c2",-122.42166203385423,37.741304238813996
"6f5741bc-5de1-480a-a4ef-b1bcdb42fb0a",-122.42970919555795,37.77229606566646
"6f580f17-ebe3-4cd0-a9fa-d5eefd156180",-122.43513294875935,37.744294018962535
"6f6172d6-7822-4fab-8129-d972c9416007",-122.44812269487765,37.737308457768883
"6f61c56b-215d-4311-8745-9fad84ceb1f1",-122.42342658390189,37.804754556365047
"6f76009a-5dd2-420b-abd1-f79461c4830c",-122.45665645716916,37.723368721747427
"6f77442d-2bef-48d9-bcb7-b201a19f258a",-122.46457788371113,37.75631749470584
"6f82c69c-0dbe-4314-9dd1-7b324a9e35bc",-122.41537711310407,37.802627967551615
"6f86d173-503e-4e23-bc8d-df701ff95fcd",-122.4209993777513,37.7571487384536
"6f8df3ec-55da-4e4e-8739-a0239b475029",-122.40835534582681,37.799683435937
"6f9346c2-590a-44c9-ade7-ebe36e146f95",-122.40037569287173,37.738270333316557
"6fa84e19-16c7-4982-9db5-4df01ccaa9ad",-122.40685194913667,37.779332731033684
"6fae5433-4688-4939-995c-007709003b57",-122.48195976778406,37.778946800626862
"6fc0bc4f-164c-4411-a7da-eba6824519cc",-122.41759614533031,37.764830121330135
"6fc34a75-bbcf-4b11-81da-a15acc476974",-122.4499366389161,37.742627185444306
"6fccc77b-f60d-40d5-83fe-68f508e69d75",-122.44114220865157,37.779774730563396
"6fcd8aff-b39e-4efe-bb88-6a959b078e35",-122.43109851684022,37.75316881343813
"6fd0c599-4ab3-4a04-a4e1-6b6f9a890b3a",-122.410373053717,37.747596456466141
"6fd3d345-a4ed-479f-a30c-486746195af2",-122.42123046962413,37.762460333217795
"6fd4a3dc-1a35-4731-ad30-4fda7a766f09",-122.41165269975858,37.729911334891362
"6fd75a4f-aeb7-4d59-875f-81dc67c50546",-122.42993450622687,37.769024346758094
"6fdfebc3-bb36-4b21-b42a-7377dec5ebf3",-122.41348544171697,37.803034656188849
"6ff10acf-9d17-4408-9259-52ebb808fc57",-122.43791505757699,37.726063045748546
"6ffa7893-c997-4567-adf4-8131a517b247",-122.45865922483507,37.72430190270466
"6fffb5a9-1571-48af-929b-8079163e47dc",-122.40783885251332,37.784812311593782
"700a165d-eb4b-48fc-9b03-8e00e31ad36e",-122.41373691535341,37.771168975324805
"700aeeb7-c947-4eb3-a81a-698235f94ab6",-122.40663573820076,37.718018727305491
"7012dffa-a009-4c7d-89cf-9fa8e6d4894b",-122.42033464157609,37.75763493171133
"7016e077-156f-4887-962c-801603f25e89",-122.47412429963681,37.775544788914772
"7017d80a-3a20-46f4-a65c-e0e93191c9b2",-122.39345527504406,37.781260302823028
"70190a92-f99e-4f0a-9e4e-8c300c4d8ef6",-122.50523391340637,37.758200748653188
"7019be3a-07a2-47df-937f-fd3fe1eb0f21",-122.43309402196975,37.759069869282406
"701b94a7-b7c5-40df-b982-ab20a6f6af00",-122.42982917332728,37.743594954266243
"7026c1a7-2d4c-4cee-a17d-633d912afad4",-122.43131572817519,37.799339572348138
"702ca109-c645-422a-b35e-c6ecbd182369",-122.4143705904703,37.749892891624086
"703b87ff-c1b8-490c-8e7e-509a02eb5455",-122.49727832721359,37.761462926294492
"7040815c-17ff-4b14-ab19-5578a271a8c4",-122.40779003562477,37.747925219825042
"704bbf86-a0c0-492c-8848-da3be1d53e34",-122.43168873401714,37.797668133924418
"706b1e81-6b5b-4664-b6df-b0d043b355c8",-122.44985232282039,37.771071059914355
"707758d6-6d95-496e-87e7-4d50682da9f7",-122.42473803229123,37.7643332639222
"707b8319-bc10-4e7d-b50f-d487387d0074",-122.44288436546766,37.795291247425482
"708c11eb-68e3-4802-92e6-110af5ebdb63",-122.42627434871025,37.741543371694569
"7094d32a-8e1c-4a61-b458-2988b057fb4e",-122.40770783176109,37.759231137163979
"709c3e5d-266d-4afa-80d3-cfc296447d84",-122.4501621963912,37.758906290608273
"70b5db48-8a32-4c61-997e-48ec8fbd6696",-122.48550301572728,37.7621200069362
"70b6fd49-e227-476d-a6ba-019613f1259b",-122.44960909382331,37.760093776778255
"70bf4546-7d4b-4d66-98a6-d0cee0f28cae",-122.44535888076527,37.794017166520618
"70c65a88-5762-44e4-bb4c-9d5d05f55673",-122.42264116318017,37.724800444570036
"70c9a7da-4ffd-41b5-8a7e-0c4afbf5f0cb",-122.42748709442922,37.747850520849816
"70cab60f-a211-4c30-ba9e-3316a205768f",-122.43391227134393,37.799728539130712
"70cde314-26e4-4046-908e-8adf6f2f6143",-122.38783646432364,37.729537345808616
"70e06d8d-14a7-4faf-af69-2c5c8759f949",-122.42368850842347,37.777856065474644
"70e4c0b9-212a-464f-830e-a0d419e35059",-122.41138851817952,37.773029632932385
"70f21618-2494-4c33-a337-66f2992395a5",-122.40884495144337,37.78043568876712
"70f4d3cd-9940-4099-a9cb-c04ef0e6b6dc",-122.39394964712473,37.782343279975329
"7111fa2a-ddf4-4d3f-bea4-7e3721295023",-122.43069712042929,37.74150858405779
"7115c3fb-7016-4d7e-8c8a-213f33ddede7",-122.44616273466677,37.796782571923032
"711b8728-3645-4962-8d45-bac8796894a1",-122.42062711709643,37.7858772792589
"713beb6d-571c-4905-a7cb-c9acc16dacd4",-122.42431099193784,37.799092938958161
"71409ce1-050d-4d62-a318-1176fbdbc4bd",-122.41130310378038,37.7774004718744
"7148c658-b2bb-4478-9a1c-03408a91f005",-122.4140235180479,37.757856546590972
"714b17b5-9cb6-4d10-849d-9e6f2ade155e",-122.45949918102137,37.722194628121727
"714d7250-b50a-4f66-b0d4-299fe4c3bf66",-122.41594747294039,37.801156855292142
"71567ff4-e234-4fc7-98b8-744d339aa529",-122.45142341489462,37.770488530521206
"715b08b5-803e-4f58-a8f1-71d3a74c6a13",-122.44454640436911,37.773275172055428
"71605aaf-774b-476b-84e0-5fc1f0b6f08d",-122.44266082861157,37.770648207959319
"71622b42-eb27-4ffa-99a7-8a05cae76d24",-122.40829058411585,37.775160364983066
"71664665-ae91-4d23-8ec7-8c44718f42ca",-122.47467764421209,37.755905437550929
"7171928e-81a4-4e05-86fe-e36e4f15fc63",-122.39091661912654,37.736008495593204
"7174cb4c-acf9-4827-8c80-150f27713e79",-122.39800005233326,37.759106364709226
"717876b7-1912-4e2a-9532-2b0a8d3ec278",-122.42089102423444,37.772369497874166
"717c4d2e-144d-49f0-ad09-cbe9ff57ef8a",-122.43973699167412,37.803778846778151
"71a9ad62-2125-4a6d-a1ef-9000ac7aa5b4",-122.43628642358566,37.790003422652518
"71bf9034-54c3-457b-9cbb-0f45e6c20945",-122.41089463139885,37.754008320268177
"71c44126-67ae-480f-9aae-11c2c9cc1ef3",-122.49173023564407,37.786880040289262
"71cbdbd6-dd33-40d0-aa6b-4459c3f1e8d8",-122.47014920586943,37.774698218620671
"71d126b6-71bc-4b22-a4e6-1e1953b34627",-122.47762152509299,37.763019871048542
"71d51de9-1113-44bc-9fbb-265596e7d35f",-122.40834333946036,37.772384140922604
"71decba3-eba2-4e39-87e9-c14bb886c5fe",-122.43489212356788,37.743607203410349
"71dfc64f-0583-429d-aca9-d16601b966bb",-122.4318232805855,37.798607089514029
"71e98b0b-8edd-4f45-a424-8a3f8deb0b8f",-122.49092052411733,37.753921943477081
"71eeb750-f6db-4d81-83cd-b16afb35a2ab",-122.46572215771772,37.77864228122575
"71f24951-5b7d-4351-955e-491bf3da494f",-122.41671722742272,37.747386038766564
"71f5aece-fae5-4e44-8713-8abd462642c0",-122.40602227889953,37.796169557167666
"720b7b37-f43c-4204-a082-1dfdbf7f2453",-122.41538574181249,37.737399442361593
"720bf6cf-7edd-4c15-b725-c2fcbb1aafb2",-122.39664572636158,37.758742413145676
"720d8dc8-fd10-4cbf-bd85-ed170975ff4f",-122.41495395019945,37.804589578695555
"721b1acb-d87b-4357-b042-673725905748",-122.39914049005786,37.750644590386614
"72223d4f-7044-40b2-b362-66cc79253405",-122.44480263805819,37.77324264124691
"72254418-0b0b-4abc-a549-c1114936ad00",-122.42468408310742,37.799045510600251
"723b2cef-5664-45cc-8d93-ef345cf5b55d",-122.43453262367211,37.725787504308741
"724d302c-64b1-4d48-8ba3-ba65bc899c40",-122.41157014020195,37.781462569580214
"725381e5-2cdb-4937-b1e3-ee89023de428",-122.39066316094026,37.720136498692838
"725bafaf-597c-4d6e-8b01-95b64ce09ba5",-122.41896438508023,37.776532677901095
"725c7ffc-d91b-4363-a088-920d8d4e56e8",-122.45064807422912,37.721434583454091
"72720654-4bab-4ffa-8eed-5bf0b67943cd",-122.44269144171564,37.787279585484455
"72721995-103f-4cb2-9b55-2fa700cb8ea5",-122.48767300002415,37.740759284149213
"7276c51b-4c93-42e6-a5e2-ef992674c058",-122.42151636701566,37.743768052866592
"7277ca67-e439-486b-9db3-fcab68500d39",-122.48001352000503,37.781718500387854
"727f0d6d-4211-4c4c-a612-27ce3c9b5fd4",-122.43768402003087,37.800183413421784
"7281539c-40ff-4603-85b8-f97f646f5b02",-122.42813439102184,37.78817850080739
"728a8a54-b846-4488-b6db-3eb6b3cd6631",-122.40618927028363,37.804347111053929
"728ae48e-bc3d-4ba5-bd2d-3fcaab67e6e3",-122.40570606982591,37.800969626363319
"729b10ad-03da-4e51-b909-026863bad238",-122.47049259140206,37.785269303135017
"729dd841-a49e-4b33-85a7-78e6f5cc8a54",-122.42197912267741,37.740430431354305
"72a48b1a-6f6b-4ed3-9f60-cc4062ac7019",-122.41223036517374,37.782701458378433
"72a4af12-5842-418f-9a33-62528a65aa8e",-122.44728757802925,37.77521968795272
"72a7822f-f982-46d4-a2f2-f9928789e969",-122.4266964641438,37.789932756661059
"72b0113a-0943-4178-b502-ca7d1105d57a",-122.42655682201023,37.751659507496896
"72c46de1-6a68-4a8f-885e-11ee7ae6ef7f",-122.45107356415359,37.760115983243459
"72d34f10-7d55-4ed8-a839-a69df142a948",-122.48142746374857,37.777303128287521
"72e5bb7c-2975-465d-b863-2b7f00440f2e",-122.42358483948962,37.774990586392526
"72e786ad-f65f-4df7-8d70-ff74376e8df1",-122.50835598040395,37.772406689406822
"72e900b8-1b2e-4bdd-8bc2-dd6397fa5f3b",-122.41186383059623,37.774798940988106
"72f3435c-4e4d-405a-a9b5-d66c9a918296",-122.47387314623252,37.782127654008129
"72f5ac99-404b-4839-a565-2c188129d49f",-122.43738947165926,37.757170503761834
"72faa81d-7655-4870-a42f-83eff5653d9d",-122.41799238267407,37.765511500596794
"73080bb3-2325-426b-ba12-a5f135223758",-122.41851974259949,37.74453504747563
"73088523-5b03-41d6-a4e8-e0d367a69195",-122.47695919002739,37.753493040476229
"730ba580-04d6-4d88-8f12-8884674cd789",-122.41587252751864,37.794307486844751
"73168e43-1dee-45c3-8c34-de2c2157d10a",-122.4205985094421,37.787158909867514
"7319b1ff-dc7b-41de-835c-d5832ee0aa78",-122.39637086085348,37.762426536763655
"732bfe30-498b-4bf0-81e1-44cd49205f03",-122.4139079744691,37.805919326450287
"7336c172-5033-4b8d-9928-3a849f293a03",-122.42497640103309,37.767634835588531
"73382866-5a41-4a20-87be-269c835349e0",-122.4356434727284,37.753208597607838
"7338c99d-f894-4e82-bcc5-8806bcfd50ca",-122.419294854459,37.755094405262867
"7343e95d-d355-4f90-9807-d3282f729d0e",-122.43382199838246,37.73387695921565
"734638f0-1583-4099-a8be-f2aa0936abca",-122.40846042102469,37.779640742675824
"734dac8d-ce7b-4013-9711-b76223c83e52",-122.43539444318024,37.7508157829912
"735f1eef-7616-4437-a792-fe18abaa1f90",-122.41962627266336,37.758509778974911
"73616755-5258-4138-bc01-63706c89add9",-122.43654664057043,37.724990861317814
"73693623-0f27-40cf-ab17-558b176606aa",-122.42239245556739,37.804884712025888
"7376ca53-e307-4092-bf15-38c47dd489b7",-122.427929861638,37.7517530569159
"7377118b-d926-48be-9045-6bd4a3e7ded4",-122.45187921826937,37.763652451539251
"7378558d-a5c0-4646-81e3-e230ce68e98e",-122.39339513543806,37.762124121138122
"737e3047-a646-41ef-b733-670ce6ca9b0f",-122.44081005264148,37.786179928256836
"7383b9d7-31e5-44bf-892c-9eb237652f36",-122.48351186018364,37.783636939121038
"7385e868-0b57-4fcc-9013-3e406013b9ea",-122.40751425317353,37.76369375653637
"73918d35-3347-4a6d-a8ae-ac678164b571",-122.40362340745813,37.760573108946225
"739818e7-060b-4b8e-aaa7-2ba1951e4861",-122.42117983977771,37.762656192320613
"73b82aff-7361-4ad8-be64-3ef990b98ad0",-122.43113031461397,37.798425963377746
"73b9c545-c311-4a16-88a8-6835af14a8d7",-122.42457948961339,37.76237040601653
"73bd7de1-2b62-4285-872a-8b01d7e81052",-122.43494584734448,37.775262281231782
"73c31ae2-bd35-4511-b610-b96645267945",-122.49346705291856,37.776272881744106
"73ca43ec-78a0-4ac4-9384-5f83ad0d703e",-122.41947074958317,37.787934197516918
"73f2faa1-26b8-4e76-8a72-7913b78706b3",-122.41481536851303,37.801141880909867
"73fb8867-9c25-47a5-97e9-f62e26e245be",-122.45824453034179,37.711255129952846
"740dbcfa-6d4b-4d0b-8825-b982260dd1ce",-122.43076768706482,37.791529372072226
"7413fd94-7b62-477f-b624-673ed72fc1ff",-122.49854613398459,37.7723052005343
"7416a5b7-76d8-40ae-a3ab-4e5538cbbbdd",-122.43110239464659,37.765177756215486
"741caca4-1e0b-488b-8f7b-4b1aad7e8756",-122.42157356887816,37.77176071380093
"74207094-9ee2-4b71-a9a0-16104e040891",-122.41442921927754,37.802556856231796
"742a229e-bc4e-4e31-aedf-5523564bcbbb",-122.43241435151717,37.786672415081732
"74398bdb-1a77-4bdc-b847-dbf9f099270d",-122.40529005454761,37.799723262238004
"7444d14e-f551-475b-8b04-cea3269d4a24",-122.49537534740949,37.738333000446978
"74537678-547d-48ea-a45a-88bac26e2191",-122.45772117741825,37.743145484416154
"74571997-a28b-45e7-8a45-6eae48d377d3",-122.42746534766502,37.733257017248754
"745ac5d3-69f0-4d92-b3c9-367f2245566c",-122.39172403162148,37.78718333603009
"74608e3a-e320-4ea0-b43e-337d97c74acb",-122.44610318831604,37.795834035584939
"7462e73d-6c2b-43f7-8650-77e0996d5868",-122.44318581406306,37.797161445681759
"7468d9cd-1662-4b09-8e48-d795f6102bfe",-122.43160431474958,37.750171556657278
"747ab88a-eb1a-475a-9506-18a36d0e79cb",-122.45601781334989,37.709248006114912
"74822ffa-836e-49dd-9ca3-16720f01e9fd",-122.43936537171054,37.750171066078281
"7485a1aa-2369-4df4-ba59-99ea98f45c3c",-122.41952049844846,37.794982908519778
"748993d6-5a00-4ed3-9ad3-7b0454278b9c",-122.39325814174529,37.760712406589988
"7491bdfc-6301-4e86-8da6-6713db0db537",-122.43705841995337,37.788732994855579
"74922c53-945e-4007-a291-67d74f497c8d",-122.45045393952908,37.759183853971976
"74a75684-48cd-421d-a467-3c536ca6204d",-122.41607185375574,37.756361018051528
"74af37da-8f89-4185-a75f-4bc355b20930",-122.44428470513934,37.756444653305593
"74b4d10a-b7c0-4969-8513-496704188b93",-122.40626889549685,37.793096796752138
"74b650d5-9df1-4895-847a-c34f7ee0e3bf",-122.43087187143809,37.7316772427112
"74c6eb17-e4e9-4f86-8ae5-a1687f0d549a",-122.44436215294076,37.713725552201232
"74c8d152-65a3-45dc-8274-2896fae5dd55",-122.44393129804992,37.71075239063881
"74d4f500-20d4-481b-8251-bc4199b1f5e1",-122.40880856924554,37.759664126953943
"74d69c2f-2b85-4bb0-af56-accc600324fb",-122.50516637261293,37.757241023761708
"74db2bd6-32bf-4d25-8478-71c4a0dbc7b5",-122.4054869566432,37.779830003032892
"74e78b66-936c-43ec-b183-cc745ce7af1d",-122.44439256929728,37.729326812269981
"74edd87a-d3cf-4a52-8bcb-683e647c6dd4",-122.40801645626931,37.7781248682422
"7506559e-7914-42aa-a787-ad8d4c103151",-122.40053840567528,37.7588071907031
"750a8646-503d-42cb-9714-18baa7b8267b",-122.40266423098305,37.72566672852097
"751559df-07ec-41da-8748-1fe9b6778f82",-122.40204973622093,37.798139532800533
"7520ebdb-729f-4586-8dcf-e0b51b7462ab",-122.46613005350233,37.7784862199734
"752c084f-0486-4c89-b664-bc64640a06bd",-122.44121323138945,37.756563643588059
"753180b3-7959-491a-af28-dd0d45ac64b2",-122.43617789761977,37.770905036487882
"7535ed18-c79e-4edc-916f-9ac43c133cd4",-122.40646147782635,37.7467674179485
"753a2259-2362-4c0d-989d-9245b0bf78c2",-122.44269144171564,37.787279585484455
"753eba73-b649-4018-8182-e7019117a414",-122.4321395571786,37.76339493755318
"754c2510-9f81-4657-9100-95170b07bbae",-122.44444181985648,37.771377473918491
"754c8de0-4d1d-439a-a722-d24202229f72",-122.41197762148636,37.804151484070267
"7556793f-4198-48ee-a293-8ea12a32b85f",-122.44002477170729,37.753436802741234
"7569e9f7-5817-40d6-80af-f8ea697984eb",-122.44594612926456,37.799072636113436
"756f9d81-92d5-42f1-bf0c-361c3d80a8c3",-122.4071023451593,37.743472899552444
"75711a4b-4b50-4e8c-84fd-a2f74baa254a",-122.48402501480032,37.746949556497015
"7575735b-794c-4411-b501-10991d15d631",-122.43361980976526,37.745321852173106
"7587cf99-d990-43de-ab17-56920cdf4ce2",-122.42717372670356,37.721144078254433
"75889443-c2ca-435c-8c89-523008d86b31",-122.40116908405722,37.779726358818678
"758f96fd-2999-49b1-8d2f-06d76aac2c61",-122.4248386943579,37.768192786226081
"759029dc-84b1-459f-8213-b1951ffa0ba1",-122.44224432439219,37.7596934109604
"75a943f3-b320-48dc-9eb5-9fb7cebd4f61",-122.45172401673999,37.7870472427319
"75acaa41-ee4f-4b5b-8949-b86d131bdc56",-122.44438605441968,37.783011678926862
"75b386f0-f9f1-48e8-9efc-a9cf7772d2c3",-122.41704082030255,37.755765476409913
"75be79d3-de1f-4979-a869-0450e4b9ed54",-122.43915488384168,37.75376922099349
"75dc8c5f-2ef0-46ca-ad17-39b9e19e7677",-122.39421099258853,37.753575269320685
"75dd5995-b7fa-4958-b461-48c449819c14",-122.4451414605455,37.767712436850807
"75de29d5-1835-4951-a628-fdb322a095f6",-122.41791417425614,37.759257688785951
"75e02658-a6ec-4d55-9ab1-e515c0c4b266",-122.43833549540049,37.757627427966547
"75eb91c9-3a87-4d8d-ac04-8206081a2c4a",-122.40588439052833,37.729398927309809
"75edab4c-31d6-445b-83ba-1460036a17a1",-122.49129720347874,37.7427486858413
"75f69070-4434-4613-a7a4-165e1d3a4856",-122.41796564489093,37.798285492426466
"75f8b7b2-cf50-4608-88c3-e6a1f5c8c193",-122.4200044520242,37.775877374180084
"75facde9-f6da-461e-b249-615a4751534e",-122.44585269474861,37.801985669345534
"75fc8273-9ce0-4d8e-ba8a-2f1c7c3b01c5",-122.41865798342079,37.786693689921648
"75fd70e1-c413-4cb7-bcef-d6ff8fda8993",-122.44220056627047,37.723670207602289
"75ff354a-c946-4b39-9e79-20471ee9c9ea",-122.39653005041565,37.757536758518015
"76108876-ac0a-4878-9904-0bef4863a9d7",-122.43202281590304,37.799920542862367
"761557d4-e65e-4d44-9033-1326a5280e05",-122.41761475802666,37.745305212793134
"76161385-e8d9-4d07-af50-bf3fb23f9a2b",-122.479849295877,37.779455118321955
"761b8a1d-fb76-4f51-9ae2-a775855f0a79",-122.43929817589144,37.79670003756582
"76238185-8252-4abd-8b02-2789966bb559",-122.41130732530145,37.80542700310739
"7644a66e-a5a6-4f23-a2cb-a02eb4520cc3",-122.44349673078854,37.717785773046096
"7645a18f-0258-4240-9905-8baeff38f031",-122.42202459213061,37.748243631080172
"76467b6f-ff3f-4fd6-be31-f629855d2265",-122.38848975798089,37.787286278427857
"7648ae47-7210-46fd-88a8-7357fdc4cef4",-122.44569112156803,37.766302833589414
"764a5b81-962c-4c32-b4af-f48d33881ab0",-122.38982814849351,37.720001907475705
"76593319-178e-4930-bde5-6f084c3cd094",-122.43187870751254,37.765856798086915
"765b0908-4671-4cc2-b499-28096890467e",-122.44001165248393,37.750198057428705
"7696799c-049d-43c7-bb49-c696692e720d",-122.4110262982914,37.800595710946787
"76a9a8d4-30d0-42cc-9329-051576e87efc",-122.41145456107991,37.753101368086362
"76b65863-1755-4da6-8f73-7dee4080b4c1",-122.42115132502164,37.788686954647027
"76c344ad-52dc-49b2-9c05-177c0865af19",-122.4163366920062,37.765689114964644
"76ca3ce4-6543-4fbf-955b-f2cd96463a8f",-122.42948330289477,37.751282113702217
"76cbde27-b8f9-4ae4-b282-5fa0b6d1253b",-122.41032201892831,37.778175330204988
"76d67b97-6d26-4aa0-ac90-5aeaa48c9aed",-122.46236271078457,37.762521351850786
"76d7a3be-99d6-48d4-acec-b993d24a9e2c",-122.43287438261933,37.74403867929589
"76dbefbd-1f05-463d-bab7-ed3b80ccf1e2",-122.43464605604744,37.777404034964626
"76e3a24d-bebc-4623-a90f-cd8ba8d16c49",-122.39205961840018,37.786065246145675
"77049044-c38b-44d8-b2d8-bb8c992a7e7e",-122.47995981457062,37.786710559614392
"7706ed69-4bb6-4ca2-8951-13a48c6d98ef",-122.4211403575429,37.773901172253957
"770caf64-cb5e-4a92-b6fa-2e9d6b8248c0",-122.47197543479501,37.716077215939244
"77107f70-2203-478c-9907-24a203fcac7a",-122.44002976260349,37.80056229199225
"7716bfa6-27c7-4589-9ccf-deace48e2ee4",-122.40057100912297,37.759149506494389
"77182a78-00b7-458a-8b54-b1128fbd7f66",-122.46034821108911,37.722740578295223
"771aa710-ed12-4316-8952-9132c2125bee",-122.43219770088828,37.7397823803592
"772538a0-58c2-47e3-900a-6520c2344d5c",-122.41554095366911,37.723265300900344
"7741a04a-1cee-4902-9491-f57f3e69b842",-122.40817840468128,37.801742867834065
"7747bded-d18f-4f86-8fa9-d88c57480313",-122.43160479413646,37.753941311838169
"7753b5ad-ae08-4ea5-be11-44106645cfbd",-122.40705542044149,37.778720611041336
"7755396e-ce68-4b85-a248-6ee97467c4c5",-122.41645462696964,37.750373708350857
"7759ed96-b074-420e-af38-eabffbad5a2d",-122.47630412018052,37.774417670411594
"775bdce3-ff1b-4a33-bbf7-c11f51199b67",-122.41062861064567,37.77793318808228
"775f5736-1434-463c-9111-35ebe064c87b",-122.40861158458812,37.761206292759319
"7767febb-3c2e-4667-a14d-1945517c6384",-122.4264899515328,37.743306359029731
"77689c9c-a252-4e0f-a840-ee284bca886d",-122.39140977751056,37.755095952203312
"776d8539-ac65-4cc5-a35c-fad67d955b55",-122.4126649266546,37.7546944643217
"776f5489-8201-43f4-b424-b22ee6a98bc6",-122.44227741264841,37.757496413227337
"777a2542-4cdd-42d3-83e5-e50cde0d569b",-122.47503628298698,37.782578122174677
"77815f9c-2df5-4d20-bd4c-288e56c1224c",-122.42000400808699,37.751546976592778
"7781e496-239a-4717-a54d-1dceff85ef73",-122.40921329498154,37.72823318525711
"77862fca-62e8-481c-bf8b-0ba39cbfe484",-122.43105148606593,37.744396959005591
"7789591f-32cd-4c32-ac43-d4df3cdf7167",-122.5102701008456,37.774805792473785
"778c95cc-658d-4b03-8073-607a2e9c88dd",-122.40045737597323,37.759864238560276
"778e842f-dda5-4ded-80fc-61f9ba0526c4",-122.44218574505288,37.802487077164614
"778f1f03-48c2-49e7-83d7-4e2f5ab8cb7e",-122.45794839313058,37.788684198773431
"77a70cc8-fbf0-41a1-ada1-3f7ea5e34cb0",-122.40231331866133,37.760646479388654
"77a7dabd-12a4-4e81-831a-0b0a6eef5999",-122.43639855282721,37.76089377662008
"77aa4402-6166-4fcc-9f31-e77002d4cf8f",-122.43875865907808,37.752918226558833
"77aa58b9-c222-4f4f-8549-0108af35e283",-122.39064816131062,37.735417778284237
"77b2550d-c684-4b12-a2c2-552b5f0e78ad",-122.43002253970802,37.800977157007878
"77b7be30-74c9-442c-b98f-c7dafb8b4c14",-122.48136772408607,37.784160742457381
"77b8f86b-c35d-424f-a610-134d6e2c5f47",-122.45063818401823,37.766836758839219
"77b9ffd7-0c61-4db4-9773-ac163d9d6681",-122.41528133333833,37.7344565968776
"77be28c0-6ac9-4a8f-b7a0-f1891f9f178b",-122.41859103842621,37.75874858181907
"77bf2481-7384-4184-ad99-bedce4b26968",-122.40682686509051,37.801045045704768
"77c1e131-4bf3-4b97-9089-8872001f4ae1",-122.43970388674506,37.763520120364525
"77c43271-f619-4b84-bb28-2d200a55aa46",-122.43010238300752,37.718703936582621
"77cfaeeb-69c3-405f-97da-5b564199ffa3",-122.41981603560268,37.768070577063256
"77d0d0e8-0c71-4fcf-b3f2-03da8ff69cb5",-122.42823285450174,37.745616411690513
"77d1b175-3490-4302-8c36-1db208042d4d",-122.42235545091418,37.78434885218288
"77d2f26d-e00e-4a6e-8fe3-7a27fe964f50",-122.44304466216693,37.762408766661956
"77d5d5f8-d66e-4295-84a3-9f7afac7b540",-122.41955292928272,37.78678168051858
"77dbb6bf-2028-4ce8-93a4-ca67c105f9cc",-122.40942170688166,37.747278993512118
"77e2f83a-304c-4764-8d56-30971739cc25",-122.43877830685722,37.753123611448316
"77ec270d-6b14-461f-a606-4b165dcaafb5",-122.43718847046871,37.750705293161417
"7811ecd7-086b-42c9-a4e2-c04db41d8d78",-122.43522372883081,37.73753410752672
"7815d3ee-df3e-4bfc-98fb-5a35d6ac3633",-122.43324259347484,37.775094991629125
"781b85aa-6a7a-4cbb-9145-3315b5bf3e9a",-122.42982917332728,37.743594954266243
"781c3207-ad12-4e3f-ae02-9c04f19d0538",-122.44732580763005,37.757551138765628
"782b5aaa-2bc4-4a00-8dda-82bb4d35b4de",-122.42315304608223,37.770619111356496
"784c04cc-08ff-451c-beda-966e5f3adf44",-122.40408293489227,37.772518230498413
"784e190b-6f46-4d02-a9e4-13ca1c00c939",-122.41421222140315,37.758836694586904
"78533527-db11-4c16-ae5c-bedca55e9710",-122.43738947165926,37.757170503761834
"7858c2cd-183d-4c29-bffb-f3503210e065",-122.45452664473564,37.784588020961188
"786c9541-19de-4640-b7e2-d7119904275e",-122.45402940137892,37.774466469813611
"787a2324-7939-4494-8765-0430fbdc528c",-122.46100594779705,37.7424705034752
"787b97a3-d59a-4fda-9612-bb758a617ec8",-122.50151515844381,37.777284826104832
"788280e8-1c08-4c86-9ad1-e6b24ab7d52b",-122.41802469743526,37.763882937679405
"788612d1-29b4-478e-951b-6d3a707fd3cf",-122.4942864967723,37.772224687224316
"78893af8-cb3d-4513-a632-ddd8e320b071",-122.41460291956665,37.7749720259424
"788fd6f8-7c3b-4723-9b5a-74a8ef0a842c",-122.43810501801316,37.782327677797035
"789093e7-1d15-4e51-9522-00d37b0623f9",-122.4248665585782,37.790548069253504
"78963d6a-e67a-46e3-a61b-d12f56f806ec",-122.41032131292029,37.777397439840513
"78988261-94ab-4541-9470-f10a94d85624",-122.48698301327721,37.752638116630941
"7899b26c-d32c-4c70-9a94-a93497354bbb",-122.41163186627163,37.741902088380677
"789dde6e-a6a0-4ba3-9f2b-ad4e07efeb5c",-122.42127973815126,37.750014769266748
"78a4018e-3738-452f-9de9-305d7577c4ac",-122.48095346527819,37.779817678966438
"78a89f4d-f68a-4a81-840a-462864920682",-122.41129726125524,37.799567642393555
"78afd802-5c69-4a4a-9d1b-d1921515babc",-122.39322751897849,37.7790710897695
"78b07a68-98b7-4d9f-9874-28c97b41bb75",-122.46610084137416,37.762769864020385
"78b5b814-3d73-4ef1-8fdd-023112f573c6",-122.45016486617631,37.760060459923729
"78c33e0c-aa84-4530-979f-7390f832c8b5",-122.42803715320616,37.771552379471217
"78c41361-ebd7-4138-b35a-1ea9f6be5a1c",-122.42888023328287,37.738136078328914
"78c8fd1f-1ad0-4f00-956a-d4e06bf769e9",-122.43410308170192,37.762005659272944
"78c96222-8b11-445e-8d5e-fcbf4a41bd72",-122.43997198943535,37.805377067634751
"78d3ba5f-8578-4b53-a45f-e785b669aa19",-122.4728208268829,37.749779380456729
"78d5dcd0-1f1d-4b83-9f1c-9e1f26068a70",-122.44934236428196,37.780923269202106
"78d787dd-8d09-457c-9738-1a94589c099b",-122.46871337964326,37.744600502077894
"78ee68c0-8e0a-4164-b24e-70b4606b74ac",-122.46837960204788,37.755193275098733
"78f8f02d-cccc-4f80-8494-a8d5ec80aefc",-122.38806422952065,37.732841353029592
"78f94636-a336-41b0-8a19-4c1a4165ec6e",-122.38905967150724,37.71633914409324
"79055116-f5ca-4e2d-9d0f-a6027bcd4f92",-122.44213380993008,37.762807177442411
"7932234a-f330-4ba2-b805-1e08c491c76f",-122.4305144810703,37.7991684971269
"79384713-e28d-4172-8db5-1e1c8621d7e4",-122.47031690486294,37.752592404515866
"793b4b45-54f2-467f-badf-c25bf5b300f8",-122.39446794674431,37.786351481164864
"7940c4af-9f41-41c6-96ae-57bd0469cf8c",-122.45131015560838,37.780674627278778
"794bfde9-c3d9-4ba1-9398-8909d457944a",-122.41948419041809,37.752542550774749
"794cd8f7-0c63-4abc-93ec-473e6b02cd81",-122.46445665990683,37.7098553729366
"7950d79a-ef27-415b-8ff8-02850c108158",-122.4651235098591,37.748281883399585
"7975f111-3168-48cf-ac0a-80e5500068ae",-122.49695996690066,37.77812800426819
"7983a404-0779-4ad4-a219-eebe93eb9c3e",-122.41112076553604,37.749622306974324
"798ee243-96b9-438b-90a7-872c318f93b1",-122.49205932297642,37.754226267353708
"79ab5faa-83ad-4cc9-9e43-3663bf4f38ae",-122.42353475404641,37.729845154807933
"79aedb34-b193-4c64-bc1a-a17b48d83234",-122.41409717445771,37.758540668778892
"79b5f9ff-0dd2-4ebe-a218-b0efa86a1547",-122.41645462696964,37.750373708350857
"79bf11ff-4781-485a-aed8-06bdf2e9607b",-122.44420463609661,37.758855831712935
"79c30500-c9bb-4606-854b-748144e97fb0",-122.47605067098166,37.782104542000283
"79c88a70-1442-4e33-8b99-dce7ef90e011",-122.41523184569951,37.730419839244213
"79cf3699-c718-41fc-9f76-a97bbe1a4f22",-122.41966868837336,37.789820712216617
"79d94489-dd26-40ef-8f07-41525694936c",-122.46926105357456,37.735259925913816
"79daec51-bfc9-44eb-8f77-a86ad5991a7b",-122.42651276407396,37.776528092289105
"79e08128-93e3-4af1-97fc-be07a2eddbc5",-122.4285644601504,37.786170777644756
"79e96cd0-e741-42ee-8b88-5ab885bed5b9",-122.4250861873135,37.72191376469835
"79f04dde-8c19-4462-99d3-c806e3a0a99c",-122.48865561871121,37.783541384709352
"79f295fd-5306-4c6f-8e9c-a7c6b342e308",-122.38969631976303,37.764079686974924
"79fa2a5b-aa2d-40bc-9efa-28247b2e3143",-122.42332962616254,37.763287034261367
"7a0150bf-647d-4f2e-93ea-d469c417fc28",-122.46076715112368,37.763278978910769
"7a0c76d8-1173-4630-917b-035a5dd83a50",-122.41680422483822,37.79018989664182
"7a1ce21e-e67c-4bcc-ac49-34021910b2ef",-122.44958786809555,37.717682438233588
"7a228874-0839-4dd8-ad49-53d7fb80268f",-122.47490646538937,37.785688178867559
"7a27681f-a9ab-4a0c-9410-02bfd8f648c2",-122.43219204860119,37.787556301274478
"7a2c5363-193c-420b-b52d-c97fddad2be2",-122.41204901046513,37.771613789395687
"7a30a59a-4362-4fd9-a5ab-ee540f89f085",-122.43552116095837,37.77279096243285
"7a397f96-6923-469c-8f97-dd707f4e46e4",-122.45051102237316,37.758861078786026
"7a4a4aff-2078-4ab8-ab6a-49b8ad5a3e65",-122.45204987065064,37.77308390404248
"7a4ed06e-66ec-44ea-9d14-08e036fc89fd",-122.41600974013848,37.744442408341747
"7a4fe08d-c3dd-4060-9553-fbeae96ab478",-122.42617898367291,37.801688050185064
"7a50ad35-e24b-4b71-9085-3dcabd29ff43",-122.42251938975276,37.772811474022411
"7a51ea71-06fc-41cf-8f3c-01caa2f85b03",-122.40239404279055,37.757871700915352
"7a65e5f0-6972-41e4-8c36-f6eb86bd4f78",-122.47694205641666,37.78380819046388
"7a6701d2-7cc5-45fe-b8bc-da16be294ff4",-122.44368069846927,37.757933186506222
"7a74ccdf-a9ac-45bd-b2f3-87a1bea83380",-122.48766143966334,37.787308626576191
"7a7566f5-4318-4409-9cf6-d218c7e14170",-122.43039354728893,37.7680068720114
"7a82d97d-5de4-457c-bad8-2101579bcea4",-122.44870742693679,37.720393979708739
"7a8a2d46-09f1-427a-a97c-0981a7ff8123",-122.45577250710895,37.708628054175321
"7a8ddda4-5846-4826-92ea-02b6cd5c93c3",-122.43976144999881,37.763622660502833
"7aab2db0-a8f4-4c5c-bd45-e35c08e00c88",-122.43229077599666,37.748588125087849
"7aac5a8b-8cf3-4ff6-a2b2-c099f3d7261b",-122.40964903903139,37.7803843284007
"7ab06dba-69ad-4b77-8436-3f7f02ff9e78",-122.42883508241829,37.80333223632735
"7ab1c5f4-a03a-4789-9369-b22c489b2fa9",-122.4505524569479,37.715405016048614
"7abca192-a0b8-46ac-a8dd-5ed6cb19075b",-122.41267451915765,37.774054582528272
"7acb2678-a9ec-4892-8072-29befc87c58a",-122.46874888527732,37.750884855308293
"7acea6de-bccc-4fec-abff-5c46473be415",-122.42368850842347,37.777856065474644
"7ad019ea-25b9-4fd3-abe9-cfa16ce19590",-122.43382199838246,37.73387695921565
"7ad198e4-e22c-44b9-9ad9-d554d0639e0f",-122.46340046044867,37.714686049326
"7ad41c1c-84a4-496d-a5b7-a8a359b84b3b",-122.44311469134675,37.753049209876309
"7adc7659-1fc4-4ce2-80ba-0fd92982e6e4",-122.3786278755348,37.733490786288478
"7ae56e67-6c81-46d8-8365-252391e71a29",-122.49083130083658,37.758011406114079
"7af52957-6029-46a4-b9f3-a345097d3900",-122.43385324426121,37.762475344518187
"7afbae83-9835-4f1d-91f9-2b94b3e330f4",-122.43023267705674,37.759092762949685
"7b07856c-8f18-4b2a-b3b5-b7da8e05b17a",-122.42947883979319,37.751235561101453
"7b18c517-2ec9-437a-b7cf-60c67661f84f",-122.4241453750009,37.802832937077213
"7b1a117e-1caf-4d89-92ea-7c615f25535c",-122.42945114558397,37.767331259345369
"7b1b8005-de96-4d06-9bd2-7d6af41ee797",-122.41901115822654,37.799612780565553
"7b26b780-d5b2-4ce2-8a8b-9640cba7684e",-122.43450910948056,37.74412030227095
"7b361c66-1753-4212-b5e6-3c6e14b625d0",-122.42960438719366,37.752545222859119
"7b3b268b-b09d-487d-b1bb-b32c2396a35f",-122.40863155587139,37.761411658694946
"7b44a1da-ccfb-4d67-8152-49cf4e58ed9b",-122.43428290056866,37.79885496405366
"7b45d4df-8807-41b3-97c8-d807843012f9",-122.43271332741827,37.794070209314349
"7b534463-110c-4af7-a4fa-0d25ae0fb889",-122.39648484051887,37.786941299710875
"7b54ac23-dc63-40c8-99ab-ca77a19d1f9f",-122.40100655904435,37.795419364559841
"7b58e3fc-d336-4f52-b7be-818a8541b8ed",-122.41381865385482,37.751245053639018
"7b5e4c89-ef61-4be3-97a0-9e0af208ec4f",-122.37499496643846,37.728363436383489
"7b63a60f-da2f-4dcc-8358-117e4284ba3e",-122.42077077289872,37.758021986941245
"7b786892-2ab7-4e6f-b666-bdf76aaeb674",-122.38628420933017,37.745215358450018
"7b80493a-31a5-434d-a633-fbd4bc78e971",-122.46457788371113,37.75631749470584
"7b924a73-bc63-4bc9-99d5-c60e0e8c3bcc",-122.4508080968,37.75916421187106
"7b97a8b6-32ba-4f25-bbe5-a3558f4d00f1",-122.42083712178663,37.75246517118314
"7b984ef5-2888-471e-9f58-98a5dcfa5ff8",-122.39205838155884,37.787452020960707
"7ba12709-4f13-4658-aa99-5890e7e3d20d",-122.50327071601593,37.76209201981213
"7bb3c04c-84d2-46bf-8e07-497cb0e217ea",-122.42975925975492,37.796956325636344
"7bb614f8-25f3-4b7a-8488-6d007906572c",-122.42878222280137,37.727662113494745
"7bb849e3-3843-47ef-a5fb-667265c98b7d",-122.42930700375952,37.799274765921488
"7bbf6bb9-699e-45b5-a34f-432adb4dec05",-122.43724969995468,37.743934168788236
"7bdbed60-c8b9-4bf7-a41b-8a97a2864baf",-122.4143522213129,37.750788746917614
"7bdd78bf-e590-47e0-9f42-61e66ad7f06a",-122.40874569093126,37.762585284281961
"7bdfcffd-d2db-42a9-b931-9c55b7ebe4f2",-122.41490147478407,37.799300251420341
"7bf0febb-3e9f-48f7-a852-8466f17be82a",-122.43824603383825,37.805890732154062
"7bf97cfa-a1f0-4c6c-88fe-42d127818963",-122.40327501706275,37.723499532798776
"7bfa0915-75f2-4e5d-8400-20acb394bc95",-122.44976376237804,37.762044191095441
"7bfe5097-8a6f-4a8c-b3ad-28a75993b0bd",-122.43732975157388,37.756554396852515
"7bfeb40d-3c77-4438-b736-837cd32468d8",-122.38913195558642,37.761830416633792
"7c06b822-e346-4e44-bd4a-a7c3ed6f57fc",-122.50592536281046,37.746737039014882
"7c0a4d23-f14e-41eb-870c-d60c8b57e131",-122.40328841094198,37.779730274644429
"7c19c343-48c7-4e3b-89a7-793b1e04c106",-122.40534732628485,37.800273737109087
"7c241777-1bc7-4183-95f9-9be1134fb4cd",-122.46962883269252,37.723392919417009
"7c289487-f668-4fd4-86bb-480c46e0894b",-122.39267250289407,37.721616248544223
"7c2a01b3-264d-4ab5-a0fe-64cc216e508d",-122.42309384568343,37.744004520528335
"7c2a85d7-6c95-46c4-bea1-c1b57ef74a40",-122.49214787736182,37.776883253370038
"7c2b0b45-7e16-454d-9174-72bc05159c63",-122.44914841567817,37.77920903709235
"7c2b9351-49bc-48df-9e1f-b17eac8117b1",-122.41050961211367,37.7490256030049
"7c2edae2-8f18-4605-8d26-463df7add8e5",-122.41034127553078,37.774264976555408
"7c3d94bc-2e68-4919-93cc-5120f9701718",-122.41715050017771,37.767666919203712
"7c3f0723-0892-4aaa-8def-62cc7b45bfc7",-122.39279342170241,37.73740934498462
"7c472f64-26b7-44c0-9724-406d11ef3443",-122.43775747126618,37.75196457883618
"7c47a91d-5537-49ab-95e3-5c4dde022e51",-122.46023700292072,37.757194143578843
"7c4c8f39-9885-41ca-a723-9f23f78d9296",-122.41189586132759,37.786275757695044
"7c4d8ca6-cdb2-45f0-9a9a-9e4bb5909763",-122.40324836668486,37.763159759518196
"7c679a65-de6d-48bf-b69d-7b932beec877",-122.41275049671377,37.7748258280286
"7c7362ca-ffbb-4906-b769-e72852497c40",-122.42387439430712,37.778342093213034
"7c88e271-fcd8-4888-add8-715cb856509f",-122.412081993745,37.777086822860419
"7c983feb-4f46-428a-8b99-3cc94d22f165",-122.44214101190897,37.763600436621239
"7c996e2f-1b0f-4cce-a0c3-8db4b2378998",-122.49279766505069,37.751897421980956
"7c9f1212-4738-4eee-a326-fe0b59095e7d",-122.4294502763225,37.719033292051314
"7ca0f80c-3e24-4742-870c-80a45db9a845",-122.41538834362767,37.746186327495714
"7ca62132-4982-472a-b0a3-5b58fd40b278",-122.39514470156507,37.763373670163745
"7cae2e24-03e0-4e7c-b666-6f92235527dd",-122.40897252726757,37.743914391124243
"7cb9a631-49d4-407e-9113-5bdc3c5a65f7",-122.42560762944889,37.803395328560875
"7cc9b300-c12e-4664-a1a7-a3b43f584874",-122.39408129073715,37.719577470398953
"7ccb08df-92c2-4157-ac22-75f763b774c0",-122.44503867656934,37.780720637611694
"7cce62a8-6432-427b-aef5-7dd1ef771a29",-122.41965488058692,37.766361640683613
"7cd23142-9b86-418e-bd62-887aa0d7f660",-122.43653221853735,37.7247432218406
"7cd63098-35a2-423e-85ef-0e99c8872ef0",-122.48946620158621,37.7863741877823
"7cdcaefd-7c0b-47c9-bd31-96dbc9879c21",-122.44527032469384,37.747045973197949
"7ce59ed9-b8b7-4116-97d1-58e4583ea579",-122.45261193517413,37.781344400217037
"7ce8a1e6-139f-4669-a141-10ecb77aa4eb",-122.44506900454498,37.77512115720512
"7ceca2f7-ed33-443e-83e6-d6f2ef81c1be",-122.433889975577,37.739755757796182
"7cf04469-7840-4a5b-98c1-5ad87276d4bc",-122.50739563872865,37.758380221765592
"7cf0f056-2082-40e1-9ff5-0e5a662443b4",-122.41087391140528,37.8023764585188
"7cf81c65-0cd4-452d-9249-b54bb0297e1d",-122.48876960360197,37.780077199822209
"7cfc3824-2333-4044-8cdd-5171b2418c82",-122.43670031009179,37.745593029775939
"7d07d51a-5077-4573-b952-1a3cacda3deb",-122.43516575693749,37.751320182926413
"7d2525d5-1c66-4dad-8b67-f15a7df8d5c8",-122.44360781156756,37.782957935300622
"7d271743-cb31-4c2b-a5cd-80232cf774bb",-122.45120334707087,37.758358952833483
"7d392997-61e5-4f8e-92d0-a4bb89d106c1",-122.43182429310519,37.74298450544935
"7d3d7ea6-96a2-461c-9a4d-d908d7647e7f",-122.44358746727086,37.711647909556071
"7d41bc37-aef8-4fb5-8331-aa0632ec9872",-122.40116908405722,37.779726358818678
"7d428f16-7a06-4136-a14b-db4551c4c8b1",-122.42187657908788,37.744938397332156
"7d47107a-5d73-40b3-85cb-12a27e31d77f",-122.38853376750741,37.762502742443182
"7d4aff58-dca2-412e-8417-2e42cd24f100",-122.41302169174449,37.7387074189261
"7d51e285-cbdf-427d-a42d-c844a36244d6",-122.49017762268615,37.786620627816994
"7d5201b3-bca6-433f-bef9-17c1552f9ed2",-122.41228802546895,37.745049890566953
"7d6f945f-3708-4fbd-8469-01a487809e40",-122.42918570450391,37.759224712441139
"7d7ba074-bc14-4273-bc17-77f81fd20f9c",-122.48904947716011,37.742572583342692
"7d7db4bd-619e-4482-bc3c-d35fbda5fffe",-122.50240257400726,37.762556751951472
"7d7eb2c8-e37a-4642-9298-bff686998ead",-122.41882647386706,37.787824789340668
"7d8a1eec-a8c3-42e7-b22a-c57ad614e137",-122.4251779031958,37.735636003927866
"7d9de065-8f94-4e01-87d6-8fb154d4ebf2",-122.4111084772296,37.799806997878314
"7da9f3c4-af00-4afa-b9b2-6fb41a1acfab",-122.49417169462748,37.763126687999637
"7db43d3e-ad8c-4a29-9efa-a601ac6dce87",-122.42166481400398,37.797981715198112
"7dbbd33c-200a-414d-8d7b-0cdafe2f4293",-122.4224662931649,37.7372435720952
"7dcd4666-bbb4-426a-846a-417c4b40a9ef",-122.3946797772555,37.720863516430576
"7dd3e8c5-0245-4451-aaf2-3833b6dff5c8",-122.44557854151398,37.798771202866192
"7dd41223-a73d-4016-ba40-b5695e1c4e0a",-122.43131875442867,37.740729658278411
"7de0d28b-1341-4b7b-bbf8-19beb96b36f5",-122.44093646015561,37.7178209886047
"7de4d607-bc77-4df5-9328-52af7b1d0ee8",-122.41919846973488,37.782623072748905
"7de7c203-ba17-4cbd-ac9c-6a6e276d8c78",-122.41916207460859,37.79488126467308
"7df3e197-7120-49ad-8df2-97104456a1b9",-122.42027217779629,37.792022271132119
"7dfa1af8-a000-46f9-a7f1-1e2708c0eff2",-122.43887961675898,37.756592277544989
"7e0bea64-feba-4673-ab5f-0125b432d969",-122.42786470205368,37.748051835215591
"7e13744e-150f-4770-9763-41c4bc0be57b",-122.47466262463502,37.780722596086733
"7e20317b-ba3c-48b0-bd45-66937379f7e6",-122.44929266620399,37.760252377520914
"7e2adf5c-6fd9-484d-9b24-eb91c431b106",-122.39753117559064,37.777687098740259
"7e30c28f-8994-4bce-a24a-654b00c30cda",-122.46580582890371,37.728132528502414
"7e33225b-7ce6-4094-9c5c-afbc3c5f9aa0",-122.42577181536,37.765777836426963
"7e45af88-782c-42b5-b9a4-fad180f8b713",-122.45996399181104,37.72527350036075
"7e4829b5-6e04-43f9-a602-09f8c08991f3",-122.4210756834939,37.757945626272168
"7e49eb92-5c5f-4dae-a7d7-245a02663057",-122.4790960529115,37.747373358301779
"7e57bec4-c930-45de-b251-f4bb59ea8c41",-122.45780700048786,37.710820109954419
"7e58805d-8e12-4eb4-83c1-b254d131a6fd",-122.43550499546538,37.755531824973161
"7e5af201-c6a6-45f8-b48b-c46ce04fde9f",-122.48765977647517,37.758770061618868
"7e5b999a-6937-4728-9967-302ef09a9024",-122.40853885905237,37.717036220774062
"7e5c3204-2ca3-4ad3-ab03-46b61aeb8a1c",-122.50235006298317,37.778493576053918
"7e6d96bf-5e58-4a97-9f5d-03fb9edbef9e",-122.40254244460256,37.759418576895087
"7e6e7c59-c790-4de1-bcf9-7a97fede6df0",-122.40362176141723,37.764232036294551
"7e7032e9-ba2f-4f8a-b9b3-c62ffffde135",-122.42234538507057,37.752458544107995
"7e76d21d-c445-4a95-8c3a-af8e55909eb6",-122.466921642714,37.724051789138485
"7e7ccd59-ad13-4a02-8efe-b51cdb73167b",-122.43156056238912,37.792328349512466
"7e7d67ff-951a-4f6b-985d-b517c2dadb91",-122.44518217354913,37.8008676905626
"7e856b8f-e87f-47b8-a1a2-7493034673d2",-122.42225992498247,37.764096069055761
"7e927af2-cb0e-427a-929d-97d81c96cc03",-122.45036038471544,37.718166155743788
"7e95a2db-50ce-47d2-8c0f-980776d4d49c",-122.43021049993646,37.743081129051951
"7e964b7b-f157-4b6e-9eec-dce8f926ce46",-122.44336335062019,37.798476060636325
"7ea2bd1c-0be3-4473-87a7-b43cb34f910f",-122.4654587033374,37.773564432322296
"7eb2818d-deaa-4e12-bc73-4bc848a70dc4",-122.4141521341875,37.74134957266736
"7eb3c4dc-c07a-406b-ab0b-d910da639604",-122.42591335027913,37.750580634737922
"7ec01d72-6ab9-46a4-bdaf-e3e89203f705",-122.42723657479004,37.756016115867709
"7ec6ecf3-263c-4866-856d-32b32c398bd6",-122.41984997373899,37.725669634312673
"7ec8e008-2164-4939-9d52-da333b1f1115",-122.40772974824706,37.799188724051277
"7ede3ebd-b053-42a3-8196-a454e78cf2b3",-122.41387032428348,37.795634736619185
"7edf71aa-2290-4fcc-9459-e83e24b1f787",-122.41593337840982,37.754913803446243
"7ef0e3aa-3234-418b-88b5-43cea85715ce",-122.43015413856996,37.761736254646543
"7ef429e2-b306-424c-b80a-617e5c92eb38",-122.41122643688266,37.774580515487386
"7ef67e11-4737-461a-9067-5199c71e233a",-122.41127945694593,37.76517348251847
"7effa679-26c1-47d8-83ed-3e7fff350833",-122.43216913531184,37.742963605433147
"7f005f8b-0c4a-4955-9603-da700c817bf2",-122.43491773096657,37.748428695691231
"7f04bf75-a00a-48fa-8d68-e8951520611e",-122.41286754762636,37.764248584899356
"7f0965f5-a799-423b-9344-bed07e049f9e",-122.39469556854537,37.76232107795532
"7f0c1fa7-b1ff-4cb1-a3a6-ffa05e36a2e5",-122.40927494106694,37.743813032165455
"7f0d4262-d02e-4b19-a6de-e2e6bca9f8f1",-122.50379840782023,37.774494661769666
"7f2922a4-f743-4c0b-8451-281bd656cca2",-122.45351342196298,37.710036331636452
"7f2926db-3062-4175-9bb8-506206707499",-122.43707422430674,37.786654817662765
"7f293f97-d741-4158-b6dd-1d1226aeb62f",-122.43121409532861,37.73342695898716
"7f2e37d0-461c-4536-8a20-cfaf46760dea",-122.40120285213631,37.755579913649768
"7f3aaadd-136f-4e63-b455-17165fec7966",-122.40448228422659,37.720840993558078
"7f483249-9d76-4af5-832f-3d78e03b8566",-122.42034028044444,37.802953189337593
"7f483643-af9f-4e95-90fe-852a67ddd3b7",-122.43193437343466,37.791997300682937
"7f48af07-16e5-4114-9dd5-e10b627c83bd",-122.4183719526541,37.783301991034492
"7f4dcb53-fba9-4a01-abb0-43a48531b36a",-122.39986680518668,37.765601318814589
"7f507389-3847-44af-bc79-8416d9a84439",-122.40845980503806,37.790292398178394
"7f537746-e548-4e45-b334-16ca436e0c13",-122.4173853890548,37.795126982460538
"7f5f3952-30a4-4257-ac88-12a2a397bb07",-122.4873697729804,37.779402780357536
"7f6eb137-6d12-4cf5-ac22-c80c792f3e22",-122.4595206075947,37.782025403313931
"7f6f0355-4bd3-4f47-abeb-7fb5c0b286da",-122.39430204367353,37.761062556810735
"7f6fdea0-93c6-46fa-abc5-5f45c9e9dda9",-122.42401700688765,37.768385686148754
"7f7032e6-57cb-4491-8dec-693d7439fa85",-122.45978540757322,37.776627828331861
"7f72e861-fda5-4ef3-91bd-849b738e65f8",-122.44217673575318,37.79405882096102
"7f8244a8-b16f-445c-8be1-1695cdd1c72d",-122.41451483757147,37.733330564181564
"7f901665-07f1-48c3-843b-7fa647100d32",-122.40222486811933,37.75701228075377
"7fa776a5-ad81-4b21-beba-017c09a8c6c0",-122.40938828484157,37.778919806343332
"7faa112f-9da8-4bfc-b86e-750e08b086d3",-122.43266219251423,37.757250180232447
"7fb3c510-3714-4227-b0f9-c91a9fc048dd",-122.45260000575911,37.720254698042638
"7fb9479e-5739-4a0b-8071-6e2cdfdabc71",-122.41911819182627,37.798944568098321
"7fc11919-feaf-46f2-aab6-986acf773c87",-122.44260497237703,37.788278137843079
"7fd64c4d-5b80-4896-9067-1e3a8397407d",-122.41003481350243,37.77662574555923
"7fd65666-2132-46ed-b4fd-52f89edbf1d0",-122.43172258581406,37.740514751897628
"7fe49552-8f35-4922-a984-303e7b78dd2d",-122.459744807199,37.712716713419162
"7fe5cee4-a9aa-4903-a472-963b942e0ea5",-122.4236746927494,37.767604328420731
"7fee7756-343d-4cc4-b5e0-0baa55fe4094",-122.48285950619828,37.759187748697379
"7ff4085c-ba6f-4cac-be6c-26227a7e8816",-122.42736134610637,37.742939626250447
"7ff726b1-5394-4ad0-a4c2-c53adf7a4c54",-122.39018870455024,37.781035401047681
"8001923b-495f-498c-940d-809cf907d8b3",-122.48479863761578,37.759872535312013
"8020dbad-5b7f-470c-bf6d-a6db430cb238",-122.43305164424508,37.729223968296807
"8025a554-17cb-4778-9b62-5f1258f935a7",-122.48981312424627,37.752992074919788
"80265447-1717-41c2-9420-5528f5c881f2",-122.41707285453053,37.733306752506316
"8030786b-11d8-4046-957c-360fc6b565d9",-122.42231567842667,37.761375055785813
"803b2dd7-fe76-43df-be1d-713e988939f3",-122.46762763294517,37.740202863193943
"803daf4b-8458-45c2-96c9-8d86444d0948",-122.41895513632856,37.80272934481831
"803e6132-15d8-4430-a069-b207cffd9642",-122.42728414141595,37.756156094451704
"804ec50b-3f42-4af4-9faa-7791c1887cde",-122.43600413771512,37.803812686676444
"80564138-4017-4325-a335-49a4a8f88e5b",-122.43690424801949,37.750405189701283
"80597ac4-07c0-4cc6-baf6-96c4f1be30c6",-122.41096049688673,37.765468266508449
"805a6e48-7075-4e61-9a5c-0f4cbe6e4a11",-122.4319881318404,37.757938668149386
"805fb296-e1b4-4792-a6d8-303c92ff55da",-122.39310531475076,37.732862847403247
"80614c5b-647a-4aca-9cdb-e466b33881fe",-122.46561625076149,37.755796209073857
"8062958d-0402-4654-85a3-4c856599f9a9",-122.39203697088394,37.762621978220409
"806acea8-60de-42da-a096-bee0259eab5c",-122.40224885551046,37.734561371674573
"808c2338-67e0-41b4-ab41-365e784b885b",-122.40140862197181,37.75772518646
"809010b3-f5fa-4e1a-b94d-3f29d7c5a067",-122.44312056024343,37.773733592729606
"80a6879c-f8b9-423b-8b55-13e90fa4cfa2",-122.45109660181343,37.760319488024138
"80aa03c8-9561-4162-952e-f5f395fb9770",-122.43672617793318,37.736882468263921
"80b1b816-f886-441e-a64c-cb598b4698d8",-122.48501769712247,37.755216236752361
"80bfbee9-4706-4458-bbfb-12adfccb81bb",-122.47004385004381,37.774703018276334
"80c0d1f7-2aab-4a85-836a-3265e4f64445",-122.44541692419337,37.783918306824916
"80d2ca47-64d6-4ced-aa2d-31701133e6e5",-122.42569857570297,37.748986213952847
"80dba754-4652-4c72-8bac-c53cf287e327",-122.40718116899193,37.780208899389947
"80e2889a-28b3-4da2-bb5a-c90a3571ee83",-122.38686120326803,37.730266529275831
"80eaafc6-5f53-4097-8731-6dcadf5640c3",-122.4402224212776,37.779560615396477
"80edb351-ddb4-491c-bd62-567ebdbc3e5c",-122.43568556879544,37.743537793242936
"80f529c6-2ea8-4beb-9b2d-d7e301cf6089",-122.49566459652355,37.732990587331543
"80f66093-76eb-49fd-964c-5aa5fad13836",-122.48837349127798,37.780095046639254
"80f90b77-26a4-4b94-a0e2-24a32945e77f",-122.41792770968728,37.752817402760762
"81034143-ee86-4712-a0df-61edd81b1469",-122.42116939967109,37.798356841903967
"81050256-f3c7-4448-a383-69d974ab3bce",-122.49169826199918,37.751585128134558
"810b0c97-0678-474f-a9d3-17ff45e364d1",-122.44367365367748,37.790857052448914
"812660bb-2df3-4453-90f3-305a9078cd2f",-122.42821123526809,37.765802040876004
"812667b3-bfdd-4109-ac24-fc97ec08ee04",-122.42092097480382,37.787558839613972
"8130b5ae-dbe6-4c93-801f-bad667124653",-122.45147929643115,37.761173416548154
"81319e6f-a8b8-49d5-b9c1-78e6a917729e",-122.39140545840561,37.7871153777075
"8135f4af-c002-4ca2-bc8e-98237d67d2a7",-122.50820809600255,37.754994572358477
"8142d2c1-ab3d-49b5-bc36-473333e808a4",-122.40967392648861,37.753352145939481
"8149b972-8434-4efd-86a2-57137365c267",-122.41045343293514,37.798958788645614
"8151ed62-680e-479e-9abf-cc92f4145bc5",-122.40987011083011,37.796069953026276
"8152679a-be21-4435-b1a9-5ff0d7b38f96",-122.41097029797338,37.777233134733351
"815c25f7-1b35-4d38-9979-278d0328ee45",-122.40173044339649,37.761080123114795
"81651268-9346-4ce7-ad3a-3604defdef3d",-122.4893534204132,37.761046048441131
"8168d353-2c0e-4d1b-8d88-cd89f0c0f926",-122.4476598780539,37.789101834517119
"816ada53-4230-43fc-b0bb-46a8f1799950",-122.44340223923436,37.771318579415791
"819aad8c-2b3b-494f-b4ae-b049fe2e22e7",-122.39353231822065,37.753016943451144
"81b1a4b3-3e09-4599-a302-dbcaf28e3852",-122.47051008382688,37.756260869820387
"81c2af35-9785-4434-965b-17613c14cbb6",-122.49945343155947,37.743008133504077
"81d0980d-6a21-4679-b232-38a53f96946d",-122.4234593774962,37.773424716595052
"81d24549-aeff-404f-9751-b313f69a25d0",-122.39671086566398,37.788146506657519
"81d538ed-690c-42eb-bfed-38d50f3d9bab",-122.48597550182603,37.774999511216627
"81d7e141-a4b5-4d68-b314-e270e5c3f47d",-122.40276552259805,37.758121566785405
"81e23aa2-7f30-43e2-8f24-90de4840bd99",-122.40711098218392,37.804043723195058
"81e37227-1c06-4e60-a783-972a09a44f61",-122.44126486329526,37.718083784851949
"81e5783b-6715-4300-929f-9af54d73308c",-122.43279991668643,37.726260048959155
"81e89b01-29d2-49cf-9c69-62d3bf788a2a",-122.44440723697048,37.795097439507863
"81f9fa1a-8f25-407c-b2bf-edce598ac170",-122.43078867647725,37.748363862802613
"82020cce-3fb0-4405-9da9-6a5c13aea84c",-122.41073810166759,37.803207803825735
"820c57cb-271d-4b87-abb6-7ab575ec2929",-122.45968737460927,37.784375818349126
"821453fc-303f-47bc-accb-dada11696327",-122.44026044204013,37.760146792607024
"82171c3c-04e2-4e94-808c-dc4ed2833d72",-122.42253421300703,37.802731171062106
"82226c7e-81f8-444f-8cf0-f99d674dfc30",-122.4080783129661,37.716149065702481
"822f120d-d692-4a1b-b714-5332aba03698",-122.43301631233386,37.791380873916488
"8236ac57-48d8-403e-97ee-2867658292ad",-122.43722977575854,37.755193861114421
"8257ecf0-b6cf-4ad0-8274-871dd9a55781",-122.48011747778959,37.783103912373249
"825d967a-4d84-4638-98a4-9562fbec690e",-122.46856448212984,37.757880690410254
"826d2fff-d7da-44d7-8a7a-b8159e493d3a",-122.46884677604243,37.70955176544178
"8272e9d2-3311-4965-8812-4049ac6ead97",-122.45634964654715,37.78095928521104
"8276320a-e15a-43ca-a94b-9193955f92ba",-122.42609356753033,37.774480012319835
"8278fc04-86a6-434b-96f0-982828240b5f",-122.49705264576959,37.764168000090045
"827cbcca-a653-49bf-96b6-4b0bd24c953e",-122.41856606516208,37.8026040313812
"827fd22c-f1d1-4a8f-a07c-f604a572a2c5",-122.41509581661005,37.801322023118296
"8288abb3-5ae3-4a55-8fc2-50ad409e30f1",-122.42663493496391,37.756057868560234
"828e1803-b9ec-4af1-95d0-71c898f234d0",-122.41441781205319,37.795412135776921
"829557a1-ddc7-4d19-bed2-8c751a7bde76",-122.48231625887894,37.752497983812404
"8297d149-03bf-491c-884f-785a40d11c8a",-122.5056272887561,37.763789913553552
"829be780-8ef2-4fb6-915a-7ee2cb6f1f7d",-122.41805940328538,37.754190994948424
"82a7baf8-2674-4ac0-a13f-164f3019af17",-122.41799169847107,37.796940920703584
"82aba1a2-e73f-403c-b584-2ea16a825a36",-122.42698133398976,37.801135296896582
"82b2371b-1207-4da2-822f-dcfb7c898844",-122.41272980599133,37.775492770656058
"82b6a6b7-5e42-4e0d-8044-e3d286102e01",-122.4044790932132,37.713963698014133
"82ba432d-637a-4355-ad1e-44a4ec463718",-122.4312424154153,37.793343349734251
"82c6142f-dcce-4b1a-b586-9cb895f1e026",-122.48918689024161,37.7884941244614
"82c765f7-64e2-4c1c-ab72-c41162a7909d",-122.41146683499284,37.783220608046527
"82ca63ef-f6af-4474-8add-6ba95c86cf8b",-122.4234062949765,37.741525972657143
"82d5ca7c-4e4e-4793-b455-b8d7bd878a97",-122.45081226329285,37.789055616466619
"82da7d9d-a6ea-4d1b-be46-1445f0b2d405",-122.46181181554097,37.786913878849724
"82df4fd8-778d-42c6-9cba-1d4e33d07b55",-122.43778547109291,37.712145015270394
"82dfa086-6592-47f0-b80f-3649c223f8d6",-122.44982678587529,37.783990827804928
"82e0b0fe-cdd1-4f15-9bab-9cfc8a773a39",-122.46250053196034,37.714527646374634
"82e54af0-550a-4007-90b4-84922ef29fc2",-122.39928422930267,37.755808613431029
"82e7c32f-18d4-4180-b4d9-d9cbbe85fedd",-122.42115132502164,37.788686954647027
"82eb5885-314e-45ca-bb7d-169a374ab8ca",-122.44413997552563,37.76865246595942
"82f7d694-ced6-4a34-bb4d-5a44dcad91bf",-122.42362402592465,37.797862659387285
"82fb57f2-b65c-4e6e-a2d1-8a7fca707275",-122.43773492888826,37.731721903047983
"83002c77-a5cd-4d61-90e8-8ae43f102c5d",-122.47296896854266,37.774432188113309
"830572d2-b1fc-4175-b671-b4ea88a8fdc1",-122.39300437658049,37.787681345769279
"8308de92-ab41-448d-93b2-a5d345cd66ef",-122.42198409320585,37.757741804640553
"831166fe-2b82-4510-9c6f-a79146608fcf",-122.3958052995624,37.7209115875498
"8319eed9-ad0b-43ce-8bc6-900d25151cc8",-122.44569112156803,37.766302833589414
"831d0e15-d2d7-4f6a-8653-4aa9cd7ac49f",-122.45262914418483,37.772539648126241
"831dbd17-ffd1-400a-b114-e5a397dcf489",-122.42083329802742,37.765354002346982
"831f825d-62ea-4f9c-b602-62fa58eee70d",-122.46922500648408,37.73115615958347
"831fb7c5-d1ff-4e31-b6cd-1de438bb911e",-122.41920621850144,37.742837937299335
"8322a4f7-d908-48c0-bb7c-5bd51548acef",-122.43840189340993,37.788444161316207
"832afa51-6e5b-4a28-9ada-73c760b2044c",-122.42354407163857,37.773844802912613
"832dd997-4f9b-4589-98c0-09a19317c83f",-122.44843747641615,37.783681746307138
"833134f0-7d4d-4101-9178-9374168d0b6f",-122.42537227500402,37.777104791232873
"8336bd95-0d67-48fd-abef-7d5e97cce461",-122.47559403705537,37.785725771217095
"833f6d75-4eef-4184-833d-5ffc45abd454",-122.40869591415984,37.716198983896007
"8340a78b-d858-4b53-ad71-1d2c8c90f093",-122.45478361022819,37.777868854641113
"835c31e0-bafc-4a50-bddf-6b7f7c5530d7",-122.43130702715096,37.7430158531683
"836521f7-6188-4977-9d6b-221db50ea2e2",-122.41896438508023,37.776532677901095
"8368d927-b025-47fb-8fff-b8a4786ac473",-122.42783773967355,37.721700834943448
"8376d68e-8c49-475e-96bf-8b1bcaf3ea64",-122.48087695338876,37.7321675949949
"837cbdf2-91c3-4474-a4b7-a11f4f0c3f46",-122.42871551510572,37.793309017473604
"8386c651-12d3-41c0-ac13-faffefc02e52",-122.44485551323596,37.771707258717051
"8399fd94-d7d3-4d8a-832a-96e945056a26",-122.4110262982914,37.800595710946787
"83a2d41d-a1e6-4d4c-a226-58fcc05dcc6e",-122.42368850842347,37.777856065474644
"83a461e6-598f-4c47-9836-9aa250daedf8",-122.41728720004025,37.756693975095232
"83a860c7-2a20-4166-9419-83bfb8289bda",-122.41329031839203,37.775840207686642
"83a9b8c7-8dec-41ea-b477-c3495625b4e0",-122.48757314020492,37.780412914155
"83a9dd9d-fc75-4ff8-bbd5-5cdfc0e131cf",-122.40331210704375,37.774969492676931
"83ab9400-0b9b-4ef9-a770-4bd8625dcd86",-122.39344340662836,37.785824088085356
"83abf513-1468-4f54-a6c3-d75ea4d4268f",-122.4572880149896,37.723435801894944
"83b44b8d-1bd3-430a-b590-afd1746b2950",-122.42222854143824,37.751156792546155
"83bcedad-4a2c-4922-8208-b300a269856b",-122.4333119627014,37.7613535680876
"83c443ad-7294-4a7f-a0e8-db109e98ff73",-122.3929931553533,37.775217290961258
"83c9804d-119c-4c6a-959c-d620661ebfed",-122.38859997347616,37.758013503673943
"83dc7b32-29a8-4a02-bf74-b8341407aadc",-122.44236004741877,37.75726334292677
"83dd226c-2169-40ee-802d-66665b76eebe",-122.4763729579488,37.714882959114988
"83dfd354-dd0d-485d-bb29-f5c46c07c0ad",-122.4036907122205,37.801659069968792
"83e2c8a5-77ca-43bc-9923-3174921d9a5b",-122.44591359133494,37.801017977285838
"83e36c91-6bd1-4e3b-894a-9969c7ed33ed",-122.43508410921561,37.742096532296252
"83e848fd-7e9a-4e57-82ff-f29b0ec45c66",-122.44130071904161,37.760141657162848
"83fb1818-dc76-47ae-8fdc-18e1edfebacb",-122.4835800700594,37.782189535435521
"83fd7825-c6b6-4854-a6bd-7a55b6aa1b9c",-122.39238104570073,37.722058397613743
"840b2bbe-8448-4251-a098-558fcffd0e91",-122.41179707129081,37.76046829559418
"8412894f-6609-40f1-92f1-95b9865b0d78",-122.42928096720003,37.789604187020217
"841c2ddc-b285-4487-bf5a-b14ba51537a6",-122.41304722112973,37.8049951700125
"841c6efb-b811-4da6-a61c-42fb6d83ebde",-122.43000614605279,37.751860489930237
"841e3dea-7903-4775-a1de-81093e8f54b4",-122.41818152171768,37.791914415428742
"842a14ac-4ebc-416f-9cd9-f4709ddd4b38",-122.48531859854981,37.732555486107522
"842c192a-0588-46b4-88fe-d509abb4e814",-122.44254343507851,37.754001090000784
"84335e88-b58d-4980-9599-953ae3505127",-122.41678585064095,37.787039794302309
"844a6694-e1d0-41e8-8661-e8413355e8d9",-122.43679880060134,37.752113734672406
"844c12a9-1303-409c-af00-de58b839296e",-122.43353668007047,37.78980325551403
"844fd9e7-c52e-45f3-af97-762499b4f608",-122.41680689120768,37.794344749864436
"845da3a7-c435-4e1d-a850-c47dea5f0ffd",-122.42834393988274,37.731232066507374
"8465faa2-a11d-45b4-8e8d-4cc2dee7fbd4",-122.44653849301642,37.770640394661591
"847ebb4b-2547-4fe5-b9ac-9d11632dcd5c",-122.41004598486114,37.753616119836842
"848bf788-a4b0-440c-9a3f-7f88f0c09523",-122.44830489983231,37.760527658053888
"848c6744-e7d0-4d3c-864c-e93c850ad8bf",-122.40177003639018,37.730213685227078
"8498ba5f-1699-4787-8703-adbd780c29fd",-122.44798442616691,37.713845145468127
"84994881-beab-43a8-86e0-749d65e88616",-122.42236502488446,37.80117773980087
"84a59968-e925-4c7c-a29b-ee75002f770b",-122.46633885197029,37.787465499817792
"84a59e0b-4b33-437f-bc27-c74f92904359",-122.40874706426871,37.80192585915421
"84af213b-8fa1-499a-a61f-41e0b962ed22",-122.45012719979647,37.766040976218271
"84b5663e-7374-46e8-ae97-3d3c2448c328",-122.4279267126426,37.7215830998104
"84c20f95-4e45-4769-ae21-f8b086a82b75",-122.40514572037893,37.784709591313657
"84d8dacc-a468-4a69-a508-fd6eed9d5c8e",-122.48272998499536,37.759193449701343
"84e90c8e-54e6-4d52-af2e-15f22b654a04",-122.3958385532811,37.727549024827539
"84ef7cb7-7952-4e44-85c2-babb0177ca84",-122.42090636642925,37.756177361702164
"84fa1daf-ee27-4192-9d04-266fbf2e2228",-122.49264546240285,37.783734742516529
"84fb6eaa-dcbb-4850-af76-f73bd4a978aa",-122.43215025365102,37.755830947151047
"84fed72e-2504-4a5b-8f6e-49e5ad757442",-122.43394770709934,37.778449209409175
"8504978a-9953-48eb-970c-263f94a9e9ab",-122.43747190269467,37.747471214004314
"851675f7-ab68-4327-95db-673dfb2434e3",-122.41731984322524,37.804293650591347
"8516a4c6-d317-4206-a7ef-17793586d7a2",-122.50772402503111,37.763077758909226
"851f2985-620a-46e9-a130-94c8e4c6c8b1",-122.4626689083706,37.741261652917238
"85343523-d6a2-49f7-99c4-57a4751d1983",-122.44980981670759,37.78336142556158
"853d3633-fc82-4f74-8b0b-be618874f2f3",-122.43729037546554,37.789876728008835
"8542e501-5606-4cb7-b414-b43ca531a8d2",-122.46778889327402,37.779313546221104
"8548e19e-7645-4e18-a6ed-e5b20594b96f",-122.4835800700594,37.782189535435521
"854b39cc-6067-4970-9ab1-adfdcacce5a3",-122.38883472284506,37.720988234388194
"854e3307-4a66-4272-a394-c6073c836e93",-122.41912094209867,37.777471235074465
"85521374-ac3a-4d30-a0b5-f313aafdafd2",-122.43450275532996,37.720630705570564
"856360fd-8dda-405b-92d2-32bceeb68d14",-122.38589613072536,37.729381281980672
"856483f2-031e-44de-9bb4-49bdb3e77d2e",-122.43986798872511,37.77449201564913
"85697597-8564-4737-98b3-fdf9406d56bd",-122.47262984396789,37.753378903580568
"856d05b5-a00d-4475-9627-5990e62769a2",-122.39947170546847,37.75412546216706
"856e3e43-7dcf-42e4-9fea-15cad631e59a",-122.43643829850437,37.758581206125818
"85716ae0-8fe9-48bf-a87f-2252175f38d3",-122.40512246980957,37.777955539687817
"858fbe50-7213-4814-af62-731ef940bc87",-122.41297882598533,37.7874478556205
"85935789-cd09-4f50-9d78-bfd074d8d876",-122.46866694915717,37.709351591962893
"85950d64-350b-478a-99bd-cd6f44a024c5",-122.46026335035852,37.712713515440925
"859bbc30-e17e-4c33-b7ab-dc1f824116e8",-122.43246903812005,37.751479466856971
"859d202b-f766-41ce-b660-4f59ff42b976",-122.41995918722122,37.781618751594948
"85a04c9b-2ac9-4737-b766-9d2421bd3815",-122.44337371615205,37.727013138102649
"85abe3b0-4d25-491d-a2e9-367bb001c684",-122.46605548489197,37.781111543969196
"85af435d-d8a3-4687-af49-9dbbf25f6b29",-122.37859852672896,37.729484020649707
"85b0173e-9db5-42a0-84f0-3819a83f5f7f",-122.39827399677061,37.75545642083641
"85d5eebe-4e68-4f55-9b70-ae7ef285de76",-122.48092627441955,37.782308580347859
"85eeecef-fca5-4d50-9bfe-2e1d663e1569",-122.40840221945294,37.772337642992071
"85f6c9f7-b387-4d45-b188-82c28ccaec9c",-122.40863266643504,37.782683898674094
"85fc0605-80ff-4b97-821a-297966bc8853",-122.41032131292029,37.777397439840513
"85fe0714-f3b5-43e7-bbd3-d24a69e735e1",-122.40161944817602,37.781819480981284
"860de8a6-dd3c-4b47-a3a1-8120973551cb",-122.39460112209287,37.774650480770227
"8611139b-10cc-409d-bf0e-48043e022c37",-122.45882314143631,37.737761295799494
"86116753-fd1e-47b5-b0a7-e2300d460ef8",-122.40813458279985,37.753373492721508
"86378d02-0892-4225-b711-7799d4d9a7fd",-122.41350409239169,37.741576689602844
"863df74f-9b32-4104-a502-5c1e2ca2a6be",-122.41607967922688,37.759161890501993
"8651b26d-a2be-42af-b61b-8843300733aa",-122.38860191827825,37.763569488020131
"86533986-9f6d-42e5-a471-4a4b1c9872d4",-122.46706306784974,37.757671703229683
"86552612-2a4c-4c36-81f8-67d1659439fe",-122.46391853672343,37.711249236637677
"865f4ceb-2a28-481c-9223-e0c7939c7d09",-122.4382171349765,37.769790000279109
"866016fc-f7d8-4fed-b689-c571bdfe1174",-122.40475929446978,37.752180172847339
"86741a0e-b3ca-4a7f-aa8a-f4b307243229",-122.46557607597585,37.782371038013814
"8675f5f4-d088-4b28-83c2-841d6fbcd419",-122.41254770930712,37.731899593557706
"86818d36-7b7c-4e9e-a4b2-9a7dfe0847f6",-122.48465157109099,37.740541351038964
"868586c3-ad71-45ff-9b77-a6aec515d524",-122.43027666866938,37.774899533210892
"869b9a68-3ab8-4d11-baed-3c9bd4727bdd",-122.45936725704348,37.748493259310521
"86a2f5d1-3cc8-4235-a016-5e9d88e9da5b",-122.4845152483412,37.780271473563012
"86b6c87f-f313-4511-9701-3b7a0af88cd0",-122.43060141389788,37.745487302401031
"86bcb083-cf95-48f1-afa0-2b4840eef6b1",-122.45084602300722,37.788145874249182
"86c4152a-be4f-45fa-92d0-19990718f795",-122.41321168209807,37.744925383179641
"86d5382a-b94f-4ded-9d00-f9f7ac0331b7",-122.38902391194917,37.738109432142849
"86d563b8-be7d-4dd4-b416-ee0668c9351e",-122.407366363647,37.775140736301232
"86d84fac-b562-4397-b25e-1ff439362cc8",-122.46008754925771,37.741462174580477
"86db726d-4986-4f26-95f8-faa029974263",-122.45250817197179,37.76361258502881
"86dd5458-e2fd-48e5-9159-884cef88e1b4",-122.4331112986375,37.726248312248664
"86f8e219-9c68-4744-bbf8-779daccf4077",-122.41354822556779,37.800374619341113
"86fcfa42-1fb1-44c2-8b75-fb5c33a9da9d",-122.46764865811832,37.775651348310021
"86ffaad4-05b9-4557-a3c5-2dd933c20605",-122.47186424808619,37.744864780268571
"8715a887-2f9f-44d0-bb0d-b5300d02a57d",-122.41513838179949,37.714131258003178
"87172be6-57de-4cc5-a46f-c4c11bee976d",-122.43298545384557,37.748229555535772
"8728b474-9fb3-4ca9-b5a5-714c424a1fce",-122.45681373343724,37.774928449865307
"8730860f-aa6e-46a9-a369-6b0df2886717",-122.41136961319656,37.798352124659125
"875e65f6-d31d-439b-b0ed-bc8145ccb639",-122.41011082028731,37.742106082454058
"875fa627-d4de-40bf-80f4-b2a121c2bc1f",-122.41795768365164,37.783354738957428
"8775f88f-48e0-4790-bfa7-570e8d3eccdc",-122.41625944023326,37.788342831336422
"877be2fd-a462-420d-bae9-f3254fc934ab",-122.40907942441288,37.77650718952696
"8787699e-c432-4797-bfdd-857a845e8246",-122.44499939286393,37.758058250163849
"878aa8e4-f6e0-453b-a8ca-d944a9afc5cb",-122.42888349590697,37.73878871807787
"8797c29c-ef92-48eb-8e27-b8259759191e",-122.43359479160773,37.758877057355207
"87a5e937-83bc-41fb-ba22-160955c279fc",-122.42123046962413,37.762460333217795
"87b20331-d755-4709-b18b-c7ecaffd8c85",-122.42528411857545,37.768815961721209
"87bf726d-c703-4e28-bebe-c9d5bd18deac",-122.39807220275708,37.762577246656058
"87cc7772-014d-48c6-a01f-4d119b9ef302",-122.41607967922688,37.759161890501993
"87d0f5a2-4290-4a0e-8ea5-79147093fee4",-122.45877554820163,37.708700159009418
"87d39575-f6e4-48bf-8f71-8f0a3258dbe9",-122.40265955163866,37.760625561881668
"87d55fbd-c304-47bc-a8c0-a1cd0bce98d3",-122.46637628538966,37.75728933552756
"87d793c0-fc2d-4bef-9ef3-52b99d2a3aa8",-122.41223164169109,37.80541853804894
"87deb84c-8285-4133-ae3f-ef7e67087482",-122.388215203913,37.718649166287513
"87ef1d40-cca1-49b6-a555-ab78ce4843b5",-122.43189269195477,37.758752186222409
"880c3add-337c-47bc-a632-bb1328f09ca5",-122.45765160667929,37.709328276236505
"880d9376-8178-4dc0-8365-550478d34096",-122.47535960634418,37.755365174556005
"880ed19c-87f2-48ef-aa36-b64b5accac0f",-122.42933017565316,37.725487060811943
"8813f042-dd9f-44e2-b4de-c922669696b1",-122.41229807460421,37.7512127274027
"8813f7ac-315d-4e1d-a73b-03a387916a20",-122.50011716596933,37.777838589915724
"881dc4ba-38c4-45ed-9a3e-ea770f4ed238",-122.43108527143266,37.798203062497379
"88213d68-e035-4b5f-856e-0fdbf2e1a9bf",-122.49269392002316,37.7844009936625
"882aaf4f-541d-45e6-bef9-7e27f32fcefa",-122.43256092711847,37.750670237425204
"8836bacc-bfbe-43b1-9477-24bb7bd1a983",-122.43633091965447,37.77746738829287
"883a29e3-1c75-4c6f-bd1f-e1f4f3ffe7d3",-122.40817876128035,37.71201790793836
"883def5c-ace3-4d72-9368-7087afeefc5a",-122.43493923823662,37.7617877219754
"88406829-312f-4dcf-80ba-eaabd177c7cc",-122.4302191897447,37.7266638090864
"88431e70-ed39-419c-88c6-66dd7fe2244a",-122.42165188023569,37.800854533999384
"884d3b0b-1679-4abb-976a-ceb8854d46a9",-122.38870004828492,37.75721013315507
"885b9248-caaa-4c3f-9eb0-d384226d448f",-122.39094724778437,37.734558255436191
"885ce3f5-6557-4e09-a8c7-5e3b8d25d5a4",-122.39299551390373,37.710105879762494
"88745868-5452-4f1c-9ce4-bacf15f6d16c",-122.40522877005395,37.747047822184911
"8884f441-008f-4fcb-b5bf-052137428b97",-122.4298379868296,37.756775508107353
"888d7f47-9aa4-433f-9739-8cb512b159f0",-122.41237370492733,37.754122571321915
"889966b6-61a4-43d5-a06f-8c98fa69e394",-122.41998896031049,37.79288608578274
"889ce488-9b84-4e17-836b-62d4f4928b40",-122.49341887470014,37.764260433306966
"88a0e59d-0560-4530-ac5d-d26471fb31ca",-122.44144318911651,37.787438563416892
"88ae74fa-1812-4a99-8cf7-8b6cd21d71b3",-122.45448566020823,37.722207591647646
"88b3d638-26a2-4c49-a003-e0e144c2d7c2",-122.47460039452194,37.781758684490029
"88b7186f-01a1-4355-8377-484593601251",-122.42768588538678,37.7658830449857
"88bc9702-311d-40cc-8d21-0ffd68f2efa9",-122.42762067971856,37.755133274996396
"88bf75d1-5c62-4737-98d1-537d2cf4b207",-122.43160271787815,37.792536806154196
"88c3ecaa-42e1-45ed-873b-d4fd32af6808",-122.42855100655508,37.721800621014793
"88d01322-d387-403b-9558-2f6703641828",-122.3973433144595,37.785527325102976
"88d383c1-53b6-4b2b-8f66-7e5ad532c9f0",-122.45074164027392,37.718666099779156
"88df9b9d-7d11-4a9a-a20a-2c49029581a9",-122.3911711874741,37.735545468257143
"88e28530-b3aa-4e45-b50c-92993630474d",-122.39586672285752,37.777279738332794
"88ee93b7-e4c6-4c97-a5b7-03bee9b14789",-122.49854498985098,37.776190258561755
"88f4b582-c376-47bd-955d-89d0c213f7ac",-122.44691533945112,37.796839839786188
"88f7d3ff-3df9-4173-9bdd-7a1c6402d03e",-122.4172023214068,37.793844688633932
"890ca31d-92ee-44e4-a40d-a3a748773f85",-122.46749189792475,37.757859126962522
"89118346-f6f2-4e2b-98f1-25dedf7e1d8f",-122.39431520675993,37.761199475864252
"891306ff-700a-40fd-9189-76bf068bc1c5",-122.4802786025257,37.782339004046307
"8937fe4f-b3c5-4a78-a372-cfa696a3646b",-122.45915501961615,37.782804503089849
"894183cc-9496-4471-a782-56f042291763",-122.44631604719308,37.796189430279696
"894a276e-96fd-4f1e-93ae-9f53419fa5ae",-122.46433321022126,37.717652322725172
"894a665b-cad8-4858-8bb7-b1d888f671ad",-122.41701876429762,37.7543568868128
"894b3596-3c2c-47f4-aaea-71a142044dbf",-122.4126649266546,37.7546944643217
"894b9e87-9d1b-4efa-8000-47cf5e37e546",-122.45532933991849,37.721930810234277
"8950f47c-e40b-4597-b2df-16b1f01af8de",-122.40530624216248,37.778908022408288
"89585774-9678-41a2-88aa-f6bfbc3ff464",-122.47692096670883,37.786504586870329
"895c945b-a29c-4143-9f92-2a50ce75f40c",-122.4325662892126,37.787640656361582
"896aca25-3562-45b9-ae62-bd2544be578e",-122.38885688518481,37.758898161047185
"8984873d-f593-44d6-95a7-d15f2cd964a2",-122.46729853449463,37.72923468285687
"898c4952-d0df-4375-8584-7f536ac76c13",-122.41539375906137,37.782532688490924
"899499f7-e49b-4a5d-aecf-3a0aa24beff4",-122.44453104783435,37.760733256577446
"89a43f42-d531-4a70-bfab-4cbda754d04a",-122.45380276646914,37.789636974191168
"89b22516-673f-4bac-b4b5-7079e3b22be9",-122.41349776621189,37.773505164579525
"89bae6e4-3823-4836-b1b3-0bebd83f1101",-122.44248532087099,37.801073716742906
"89c2f3b0-9310-40ea-add4-699d960b3282",-122.39749740491798,37.757478565235253
"89c42f64-0ac6-4e44-884e-1e4be373f7cc",-122.46459767043059,37.739558422238268
"89cdfd39-3b79-4927-9c39-95217335d6ba",-122.45139520792681,37.711145235093952
"89d003e7-2227-434b-afff-3b7a737324cc",-122.44230414608549,37.781916568659717
"89deaa72-e3a9-4817-9910-5be7ba2b6c74",-122.46843962966915,37.713730014121779
"89eab3b5-78b5-4767-92f6-de0be57a38a4",-122.41133530584949,37.799758986565
"89f98ca4-4a15-449f-960b-733d4a1796aa",-122.42702518602154,37.776462693540232
"8a04c0ee-14ce-4b10-9f31-34d2a169103c",-122.41987961132334,37.791197376862321
"8a0c6870-bb82-4906-8214-ebf2771ab22c",-122.44357023120379,37.7233793661738
"8a16baab-34ad-458f-9545-c7966dd3af16",-122.40545619139934,37.71127933256944
"8a3061f6-a1d5-48f9-aefd-21fb45b49193",-122.42854728862251,37.7339028745819
"8a313c2f-6fbe-4362-a487-dc497c4a9697",-122.42252082508905,37.756100869507321
"8a3a90c5-6b34-423e-a0b0-efc7e8e73f83",-122.42944092949857,37.77041881702322
"8a3adc2d-3c25-4622-b26c-849d45807614",-122.40137329174387,37.781054857240861
"8a3f7cf3-843a-4584-8e05-94a386150148",-122.41095372442354,37.747862933847166
"8a40807a-3c4b-4d60-83db-83dd253984bd",-122.47314642523862,37.760796503590612
"8a415f39-f519-4bc3-b40e-6e01a47c03d0",-122.47465953617449,37.75165426692454
"8a42850c-3ce0-40b3-8449-b15b5f6c9a34",-122.41372355826651,37.798440754903915
"8a481784-dc5f-405d-85a6-0b36a333daad",-122.45755311557816,37.743027218811953
"8a516131-2080-49b5-aaa2-d79730148235",-122.43473844156242,37.751657749112205
"8a5a10d4-8deb-487c-b70e-f407d5c36b00",-122.39774091912615,37.778145840961081
"8a649ea4-f47f-4834-8ba7-dd6e36febfac",-122.43943519698071,37.772295529312423
"8a69a402-dca1-4aa3-a8af-ac043a340972",-122.42681392578292,37.789917824565265
"8a6a6e4e-d0f9-4176-934a-a0fc4ad7328d",-122.42537036196677,37.768810767940892
"8a7672fc-285b-4b68-96a0-909902796ec0",-122.41675249161851,37.766771021231108
"8a7a18bc-3168-45c3-b81d-4bf8902cfd84",-122.44862886818058,37.782900712502872
"8a7fead1-e997-4a1e-8640-f47fc010da91",-122.42216873472641,37.795596183649138
"8a8095c2-9e86-4e7b-9556-f04e048df7ee",-122.44421239101608,37.71918979128862
"8a81ca36-ac25-4bb2-88be-e90df408d9b2",-122.39704329029908,37.7760767440487
"8a87db08-4478-464a-9981-c1bb7035a972",-122.43441372279055,37.756262064114523
"8a88086e-1bff-403e-ab0b-5b091f3b603d",-122.41606125434836,37.762866728514943
"8a8a34f2-f0e3-4bf5-8262-8bf0eb7b808c",-122.45133801272559,37.770499407144754
"8a8c95d4-bd0a-4f73-b744-485854e49e67",-122.40971874100079,37.77637866019051
"8a8cd086-8e7d-4205-8bd2-98395571ef00",-122.4280667672476,37.744820405436549
"8a9947a1-e469-410e-806d-54831f0d9660",-122.50584270401474,37.776395260287011
"8aa707bc-756f-43c8-8cfa-b8b533c32c3b",-122.43355025845273,37.771807363267008
"8ab17a45-01e3-43bd-a334-6073b58d535c",-122.41495395019945,37.804589578695555
"8ac141cd-925d-461e-8861-898c1c07c73b",-122.41312773793997,37.741685909427453
"8ac1de78-1df4-49af-bd3f-2955e2cb7b6a",-122.43776121397705,37.789897490273496
"8ac72268-30d6-48e8-bf16-6394941226df",-122.40962042900544,37.749153454416195
"8adb5776-eacf-43ff-8cd9-a5f7e4653a30",-122.45113019848955,37.769568091728949
"8ae1d489-c688-4722-8518-863a628a815b",-122.42089623563071,37.766011227999442
"8aeb4397-2ea6-4998-83eb-af537a051869",-122.42403325764136,37.747164796330381
"8af32831-78fd-4cd6-8887-7f4c20e55960",-122.39095888863112,37.750401133217522
"8af4abce-6390-45fa-aa59-2549ea8047e1",-122.47218873733661,37.74072583715914
"8afaadd2-e050-4ff9-bf6e-eef4259a3d6c",-122.45306502837752,37.76755130275972
"8afd3799-5998-4aca-bcf9-9fa02f5c695e",-122.49030294986888,37.75990508963686
"8b03b815-5ced-4bf2-a72f-94fdff02e5c8",-122.42469733180776,37.771468592905926
"8b069b91-c44b-4d1e-8975-9d901508b77a",-122.47341427730987,37.774549432787857
"8b1cdaee-263c-4ca8-bbbc-639c963cde19",-122.40604261089949,37.716213635290025
"8b1d0c81-7542-4214-baff-5ead18a02936",-122.47023916798602,37.784668918523941
"8b1fc6e0-bb44-41a2-9fa7-c8e1e61626fb",-122.45440193019104,37.761986491869209
"8b22a1b7-5754-4659-b537-f390ca9f2195",-122.43877702186626,37.76791771893955
"8b24fc60-6aad-4a37-9916-f601732cba27",-122.42951560260973,37.794534442302172
"8b26cdea-355a-454c-be1a-a05ab98f2c85",-122.49339253351438,37.77918422009386
"8b452fa8-f961-4101-aac3-e6748a40909e",-122.44132787151938,37.787453249597057
"8b49b712-3efb-4d9e-8f9e-0e1913851b22",-122.4230814689127,37.725866673328049
"8b4b2fa2-e8a8-4b5e-aad6-425c94b5033b",-122.44665547826067,37.740186548133927
"8b4c2790-1478-468f-966d-6c148fdd1dd0",-122.4855126288078,37.762257111735039
"8b555c41-232b-4f84-9d09-9d449b5e4fd9",-122.46130415530995,37.738784833542091
"8b55eacf-96f2-4613-b836-4776a41363d9",-122.42094191130754,37.802684880814574
"8b650a8a-73c4-4e54-82b9-223d43dfab5d",-122.42510038879905,37.772447693315641
"8b67b683-c672-4a66-b61b-45cde9ad0a15",-122.41123264497573,37.756547471823623
"8b71a16d-e71a-4803-9faa-c6e854e980cf",-122.41270914063155,37.806593245642368
"8b71a1ae-f160-44f8-b7b7-6abb5b8ab70e",-122.40251617266063,37.759144735578694
"8b77b7a6-43a6-4c88-9e4e-2d3f2a681fed",-122.41720599091711,37.800553418092235
"8b77c1f9-cf15-4565-8cf7-169ce4b6ca76",-122.47375971635076,37.742749462332966
"8b7ba1f1-62b9-41ed-bb63-9415db22f62b",-122.43767238158763,37.758727538142189
"8b7cb1e4-9c8b-4e74-bbcc-36d59737a55c",-122.42276528095482,37.762195311552169
"8b898f81-9309-46b7-ae7d-dfef57321886",-122.44404064611084,37.780121954169609
"8b90e68f-6594-4e95-854d-aefd6ad1f693",-122.42879282512496,37.741619869917365
"8ba44e1d-fc8f-4193-b360-3747a0d7336e",-122.48241460280605,37.742369326988907
"8ba4c5ee-ae29-46bf-9991-38e21ed04e83",-122.41752967964015,37.793802997167845
"8bb5e2d8-62f0-4722-b87e-d46023179d62",-122.45193786967819,37.766879606275495
"8bbb9b90-1865-47ce-81fe-a4ffbda7a162",-122.44428921770655,37.796639275647216
"8bc4ab64-6fc6-482f-95e3-cb4ef5054922",-122.4199597034802,37.751084177852249
"8bc6a26c-bc5d-4b5e-96ad-1a406541effa",-122.40390449923855,37.75989536977962
"8bc73284-6b3e-471e-8733-6d5f0a386320",-122.4461231791206,37.803863143913567
"8bc75e12-d6ce-4ab1-b8f1-968ba8bce096",-122.5016487773575,37.777906518320684
"8bce43b5-d932-4d68-949c-d33d79f6dd07",-122.42765414877246,37.803343477603107
"8bd88d9c-1c25-4a18-8554-26c3f48f603d",-122.45709019896192,37.78680401247076
"8bd9f9e8-eb59-4291-a419-285dea268626",-122.43777421206299,37.789584801653824
"8bf9ab4f-bdfb-4f5a-b1ef-1aa9d62eb44f",-122.41854026343417,37.73533701973718
"8bfbfb32-d726-4b64-ae3f-7ddf2d649451",-122.4297485768564,37.757271221283389
"8c05092d-5aff-477c-b732-ffad0ab0569e",-122.40335065017281,37.779488019510161
"8c0b7a44-3acc-412a-a569-959e92092e4b",-122.44452717168184,37.760464917826731
"8c286530-fc3c-48ec-b45c-842f0faf9b61",-122.44001513820658,37.716570024139521
"8c2ce2af-873d-43dc-be94-96be2e03b11b",-122.38092660389756,37.736865532122849
"8c388af1-b6f5-4d11-8a89-e60d2fb0267f",-122.44073738470799,37.762478824158386
"8c416889-eac7-4d95-a73b-e09c86d7c31a",-122.46013888757297,37.743170731341671
"8c51af6c-47fe-4213-a566-227cdb226a0d",-122.43645837209503,37.795149385159647
"8c579aed-af77-4d58-be48-a2fe26b3a017",-122.41312939235732,37.799090060010784
"8c6abef9-4f19-4455-b26b-c71b1dedc56a",-122.43155772111787,37.735680459710537
"8c72fdf3-ac09-4780-a5f9-c7f687a55252",-122.41104241527349,37.774725740389385
"8c7f45a8-2bad-41f7-ab29-5435c5bdc7ec",-122.43447968679429,37.720395325707869
"8c804591-7f51-411b-96ff-83fafd6c0ddd",-122.43226644589677,37.800800956453834
"8c830de4-f873-4bcc-8d64-049fba3c3c64",-122.42998705285125,37.798266957643072
"8c844bd8-98c4-4fcb-a1ae-04be0ff1ebe2",-122.39322947453697,37.721818482354315
"8c847d49-3eb2-403f-8deb-00872b50abaa",-122.41118987618347,37.79424831018364
"8c8824e4-351b-43aa-82f4-f3de828c62a2",-122.43335271162591,37.759054212988161
"8c8876dc-4bf9-49dd-9069-f20e5f4c2d31",-122.45133801272559,37.770499407144754
"8c88ab5f-073e-40e3-a828-f9766c4b2d9c",-122.40373666977737,37.788560996098916
"8c921f7c-12f4-437c-82db-18edc19618de",-122.43072502724314,37.790789554176676
"8c9b5d15-d7da-4bae-8c10-28154affacea",-122.37411077322041,37.731196256378972
"8ca75d72-c19b-410b-a47a-9b3cfc52ceee",-122.43077762588574,37.753500915843162
"8cc72e19-dd96-43ac-acee-0dbfb56514df",-122.38850053026734,37.733088611970388
"8ccca6a1-d314-447f-b4cb-99a37106cf5a",-122.42492738896539,37.766453452091973
"8ce521a5-9500-40d5-99c7-16d8146012e8",-122.39886137018885,37.75794462688129
"8ce65ee4-4d44-4c12-af4b-ace8f44fb88a",-122.48293260422626,37.777440896511393
"8ce85342-4048-43e9-bdf4-a5e397053902",-122.4757412554676,37.760820001426708
"8cf63e7d-19da-4531-b2c8-7e4c99c4e812",-122.50515619925287,37.757096468031548
"8cfab1fa-3f33-4792-8e47-5b19f18af3c6",-122.43761475844858,37.79538703255993
"8cfd86d5-ab49-4456-97d8-9e98a02b4975",-122.4413586887503,37.761385160966491
"8d149304-97a9-450e-844d-451b46ab88a0",-122.43190029390944,37.798979735121577
"8d2e0a01-5a53-4b3d-96c7-db711e490331",-122.42816104903356,37.776317716938827
"8d4b23a6-8600-4fe9-99c5-ed64daa7a5bb",-122.43075343868456,37.73335178625581
"8d4ef6f0-68ce-44db-a0b5-5893ab0f5005",-122.43163370122535,37.7085877049558
"8d66bc99-ee9c-4fc7-90a9-f66ae42a7844",-122.44213905978393,37.750896378623082
"8d6bf736-25a1-43e3-b18f-3bd58c10e042",-122.4306651446357,37.755920468772281
"8d6c4de6-dc8c-4bd3-8ca7-38901dc96180",-122.43981716188034,37.775926042659684
"8d73ec1c-855a-404e-9689-fd2ab6074335",-122.42508028745321,37.76921679157951
"8d77005c-1cdf-4276-b7f7-81000ffd318d",-122.43872174473158,37.722935962450791
"8d7a9a5e-7137-4720-9b9c-27be83ff8392",-122.43782700286603,37.785242335198234
"8d80522f-0a33-4cc8-be59-19c09014f696",-122.43587722310757,37.796771920457026
"8d80f247-6816-4c8a-8180-24c8d0f0d22a",-122.39644191356629,37.763158409170487
"8d8440d3-15f0-4c36-979e-ec212f359379",-122.44683765897338,37.764946673811913
"8d847a0d-3aba-4508-b10a-4c00adee8d91",-122.42685259705534,37.771609585702443
"8d8ec1b8-fa63-4205-b01f-41b1bc356528",-122.40185827496737,37.758796189113966
"8d8fdacc-7f23-4f99-b8f3-dc0e826a0331",-122.39959868934196,37.755470144846925
"8d90d6d4-a40b-4d96-b360-eee37f03a976",-122.40809249946246,37.732605908790042
"8d965612-127b-4719-bf0a-bff975425e69",-122.43211412979285,37.760171698031954
"8d999fe8-6624-4bcf-8200-1ff8aa3370cb",-122.41137139873774,37.777648696644647
"8db3631e-4b73-44b4-8f2c-abe4e8f7cf2f",-122.44609068070305,37.771167569099077
"8dbb31ba-a891-40fc-b111-6aae96160d31",-122.4357715478469,37.772837922316413
"8dbf4abf-9b5a-40f3-8db3-9fe8274b6207",-122.44900337215591,37.710546148798358
"8dc0c6e3-669b-44a9-bf37-bdc8cd3fac77",-122.44558015405316,37.785990189583721
"8dc11001-dc85-4873-87d7-bbe30b5dab82",-122.46022797390012,37.782755237382176
"8dcb30fc-fd2d-4d4d-9535-8d611c482023",-122.47788195423989,37.745334979116578
"8dcd0e51-edda-44b6-83fd-3ddf21cefe58",-122.44574226139454,37.751367401049492
"8dd225f3-9f3b-406e-9d4a-005fba3a3774",-122.41393042792156,37.756888205211808
"8dd30519-0423-4754-80c5-924a961f1c8b",-122.46088649937469,37.7429222035752
"8dd37bce-fd72-42a0-a180-08989a083510",-122.41253693179308,37.7295189813214
"8de4328d-c741-4a80-b7e2-7ab8a95ca142",-122.43460598025561,37.793918733814614
"8df1b411-215f-4194-8a8f-be4207d5ba75",-122.41499346126687,37.7974498677292
"8df40843-ae2b-4929-b58b-ef60c4503e15",-122.39389473993785,37.756057915839889
"8df5be08-ceb0-4ca1-9d78-fb704e445c5f",-122.462876781573,37.778083779004994
"8dfdd866-03e8-42ff-bae2-093a3cd26e08",-122.41331316036411,37.785276624472623
"8e070b0d-661d-4bca-bdd5-389ebfe4e3a8",-122.41745803807579,37.757210356037319
"8e0c4f89-c355-4c7f-bc23-ce143d6739b9",-122.39888348426885,37.731048898976866
"8e146cae-5a85-4254-97e9-2a923518cc12",-122.43582066330715,37.79656885669754
"8e16cca1-0d05-4425-9285-b535ac1bf567",-122.43200886286455,37.759059167795037
"8e1b76e3-c58a-4006-b40f-f681c9a347e8",-122.442182423422,37.751695558414262
"8e218fbd-f542-4fb2-a64a-1b1314641aae",-122.44518175120683,37.776218253674834
"8e2423b5-600d-412e-b416-b58868017c8c",-122.43850485301974,37.804077894171819
"8e24a37e-5dc0-4417-9faa-d1defa14b030",-122.43672739641869,37.757072492381411
"8e37bf3a-48d5-4cb2-b3ee-ff55364e63ee",-122.43530309930371,37.796761258004892
"8e43089c-416d-4514-a89d-afd5e9b3fa87",-122.43030479777914,37.768905743650173
"8e4d488d-9c42-4961-94ec-6152895e9ab5",-122.42701873388718,37.73721620411704
"8e5167f7-e654-47e3-b3ae-049a74a951aa",-122.4165579826298,37.708872416908513
"8e529952-75b4-43ea-b312-c06d0386796d",-122.48838074982396,37.761308957213906
"8e5dacff-76fb-4896-bc52-c9283636ac52",-122.44485061880425,37.783077604690618
"8e6f6d0e-0f07-4559-93e4-241ee7addf5e",-122.47664041620371,37.715774471854409
"8e73ceda-b2b9-4ec4-a43a-afba284327b9",-122.41326891150399,37.750303456219086
"8e763f5f-e955-4ba0-81f7-51fa5d5bc9e0",-122.4070900972381,37.79858111800764
"8e77f26c-e0bb-4116-b0e2-25b4818f543b",-122.39807755476087,37.710497484884648
"8e7b65ac-b642-4a8a-b3e0-fd2b51e2a113",-122.41703922432892,37.750982093082435
"8e7e9e32-35e6-4a31-8766-82e29045f997",-122.41642570715497,37.783227219256581
"8e8465a0-b719-4c9d-a52d-87d4fddedc79",-122.47611529230358,37.77809506777394
"8e8b3fba-d44f-4d04-aa9c-36948022e492",-122.41924750357691,37.765186965094379
"8e915d1b-dc5d-4cc9-9b52-67990505144e",-122.41344891389461,37.747387613327838
"8e9942eb-7b0d-498c-8e37-3ca2f9ca4419",-122.40474456210531,37.777653490395686
"8ea3bfd0-4e2c-4fed-bbb8-0dfd8ffc8979",-122.39622894599113,37.78117021829425
"8ea5c015-95b8-4f15-908b-c375c58e9356",-122.44279258088034,37.786310137548618
"8ea7edbb-88be-4688-90b3-e1705c9a3d8f",-122.46126229789451,37.72593893179225
"8eb39324-5a47-4337-b6a3-910203884db5",-122.46421179341212,37.784438560086116
"8eb4a5d7-6678-4705-85b4-c9415a25fbf0",-122.373148274717,37.728775197102614
"8eb6aeca-fefb-497d-a5fb-fcde355fa540",-122.46837758388511,37.723352451198295
"8ec6a992-6337-4513-b596-458ed4736feb",-122.3927588355948,37.730586977085551
"8ec740aa-ed3e-4e7e-aa06-6a2a6f718f18",-122.39185291029688,37.733435183169746
"8ec7c20d-1754-4796-a465-c5b17f87fe85",-122.41779458757358,37.7634451316158
"8ecc5157-cb06-445c-8d17-0981a6971b5f",-122.40964903903139,37.7803843284007
"8ed211a2-f2da-4d3f-99c8-12a5457282fc",-122.39833905093413,37.756143459661821
"8ee0a9fe-2c5a-404f-9a16-7873cfe774f2",-122.43923427555089,37.775931493239256
"8ef1d9c7-5039-4242-8b33-fcae0f224339",-122.44970715807889,37.784303748417848
"8ef42ce9-8fe0-4996-90e0-354c3989183e",-122.43237586432352,37.719630270007208
"8ef8fda6-eded-4870-9aff-95fde718375a",-122.41450685019012,37.744640766689642
"8f05d211-ec38-46e9-bbc3-5e9bd4e6c1c9",-122.408830948321,37.796382878499081
"8f0d6bfb-dd3d-4368-95ca-366b8c03647b",-122.4466212199798,37.763878510674736
"8f212755-0bdf-4e5e-b121-8bf8b85dac73",-122.42443550559801,37.75107306303601
"8f26f2d3-5bca-482e-930d-29b40a8d04a8",-122.486458157885,37.783433219390375
"8f2e5fe3-f785-45fc-b737-7ec3202f74de",-122.43903227992304,37.797324925504149
"8f3ca13d-6d87-4853-81f3-8e27288caf98",-122.4450133639656,37.766567263187795
"8f3d63b2-de1e-441c-95bc-2b8b83c9467f",-122.40539506364995,37.779902714767381
"8f406198-0fe5-4fd6-853b-5874da55461e",-122.448648954012,37.762947809833712
"8f606c75-536b-4af4-968d-7f006c81419f",-122.43493604014584,37.7500367372627
"8f7aeead-4171-418c-83b8-3a330882e38c",-122.47049948407124,37.779534760475293
"8f7e7c29-c80f-4408-a531-97d0378daa40",-122.4044790932132,37.713963698014133
"8f928998-9318-4875-9dea-6ac0b4be8b8e",-122.48416623203744,37.764324358248686
"8f99648c-3126-43c4-8e75-03c05f987796",-122.39960770919848,37.759182993945416
"8fae840e-1fbf-498b-91a0-1a1aaca8f801",-122.4231698532902,37.769267158482094
"8fbbf693-01c0-40ec-b372-a1b161c6bc1c",-122.44305477184834,37.748140651207187
"8fbf9d0a-653e-41ef-bac5-0d6f35706d85",-122.43885561924679,37.737209079180985
"8fcfb52e-b0d5-4583-9395-50e025dd751e",-122.4534279320164,37.716604025362187
"8fd0144b-ac3f-4fec-ac6d-81a8da6f536f",-122.39404380472855,37.762015446923122
"8fd554d7-d0ae-4b20-9de5-bedd8362e3cf",-122.44197337241624,37.799611367499239
"8fdbcb71-3a2a-4ec4-932d-33d2fe6c4755",-122.4201148205223,37.739826868014951
"8fe2118a-18e9-4383-bcf7-ed5969ab69d3",-122.40068295132426,37.76040058263537
"8ff768a1-880a-46e6-8da2-83f8c7c80a1a",-122.42068678033854,37.761156730011841
"8ff9deb7-0b3a-401c-8f55-8f0f2e62fc98",-122.43023267705674,37.759092762949685
"9002afe3-2b08-4f11-b898-a72045c17a6d",-122.417610321775,37.792657996542268
"9016ec47-7b7c-40a8-89ce-a6d7de795731",-122.4163366920062,37.765689114964644
"90215147-6bf2-439a-9d0f-06a814a71bcc",-122.4341760637095,37.743332402026589
"90229b0b-b144-4651-8e0e-e8149d591817",-122.40857400954195,37.767352637862253
"90246859-969b-4a86-a487-ed5522c74319",-122.48101263679618,37.782304598584737
"9028245c-7151-4a6b-b9d9-98825d4411a1",-122.41274685077668,37.776556173900595
"902b6c0a-dcd4-44c6-8697-4e98af252d4b",-122.41281504462313,37.752661790731
"9045d9d2-563b-434e-95e5-a3f164175e60",-122.48616272514151,37.783297859108821
"905023f7-6e3a-45ed-a529-2fbcb2c9e3a2",-122.43375980899179,37.778473161179967
"90690089-b770-4ddd-b37e-220cc0e72ebe",-122.47823032837765,37.782430999767264
"90736a8c-b3bc-43a9-9cd8-9525099863ac",-122.47781571799078,37.781059850453524
"90741019-d6cc-4648-990f-4c1e0e013b28",-122.41290441476822,37.78246265797528
"90834448-ad5e-4d78-8498-69e579d02cad",-122.42763594776162,37.738312560494407
"9097748c-a837-4699-91f0-813d659bf5b2",-122.48137149906879,37.782473517272187
"90a0f74d-4abc-40db-8fa9-4797f11fb18e",-122.41151360932933,37.75552187042554
"90a56da4-699c-4f6c-b68f-962d2fca200a",-122.44642500361415,37.76689908394787
"90ab40a1-5ec7-4389-b199-7dec399912dc",-122.41655205604773,37.746535358028069
"90aba6b1-7165-48af-b0a2-0a6ec90760e4",-122.42208761267534,37.780229282167852
"90b0270f-5b84-433d-b09d-832f626b6f4b",-122.40427097959787,37.735130434490664
"90b2d2fe-11b8-4e29-88c5-073fc293da83",-122.43770967657537,37.794990316841663
"90b60619-f7af-4a0e-88c8-bbe3f44689f5",-122.39036485292768,37.728807587892739
"90b9ccec-780b-4dd6-ad57-3a2315035ba3",-122.39628486938373,37.786342911812731
"90ceafd6-27d1-4b0e-ab3c-5a7d1220ef85",-122.41858014366471,37.791499622255458
"90d006c4-d9ba-4912-ab8b-d8f42dd15614",-122.44490467744893,37.760849417649879
"90d3eb58-790d-45bf-af90-0c4d4c71549e",-122.4461042407911,37.799900985608943
"90dcfec9-9b90-4e79-94c1-0905e0d54e7c",-122.42659347313803,37.755625195680608
"90e46471-5ba4-4476-8c4c-bf8627c2f695",-122.45504966309309,37.763359303202527
"90ee97cb-331b-48bb-8618-76e183deb82d",-122.47121539952192,37.720824102837618
"90f214e5-0706-4e01-a5cd-728f47903c50",-122.47667010775905,37.784153354662223
"90f5d561-3e23-4942-b554-895977aafc0d",-122.45261076085602,37.772449273244959
"91006376-b02a-4d68-8e42-85739a76c41b",-122.42429885842473,37.756287101330891
"9109456c-4206-4f38-bfdc-d96fa7e897e1",-122.41368090287578,37.75699960580026
"910d0c66-776e-4928-a4d2-db52147e5334",-122.41848098659607,37.805345398461839
"910d70e4-2b44-44c2-8167-6e1e2fc6085c",-122.43627949651083,37.76144750534273
"910ee13b-41b7-49f2-a575-4276d6ad9b36",-122.47128361547107,37.715311224244871
"91106543-dae9-4334-9695-d9b5322adcfc",-122.45737100757066,37.774894055795862
"911871b4-0411-4c59-af3c-e989350186ca",-122.41044200591091,37.781120879111747
"91221d82-17cf-4975-82ff-e810149a6103",-122.45402772196005,37.717171819692538
"9126337c-3037-4bde-abe9-41cd92d903ca",-122.41825109791607,37.765495876561083
"912ebea2-ed45-485a-a671-16ce4754f715",-122.38305966559359,37.729054118222869
"9138b394-f0e3-4d8a-8338-befcad26fa92",-122.44532012692093,37.719477423999358
"91392be3-50ec-48a8-a784-21014a573980",-122.41690880146544,37.787023865348282
"91421cc4-3aa8-4753-8ae3-b8f2aa176f03",-122.44015756555471,37.765533647987787
"91592572-0de2-4b62-afa0-9121672a3a20",-122.42549016651755,37.803045215195432
"91675ed7-ae15-4c4d-b973-0c8c1d716a8f",-122.41548307010413,37.7918661818493
"916951c2-645d-4b24-9d84-4fbf3b9c16c5",-122.41824665308174,37.756147377516406
"9173977d-de71-490a-8642-8731c98b87d4",-122.43927963830299,37.77815523961813
"917cfc89-3ded-4096-a619-2cbbc63bf67c",-122.41901126679882,37.756705836728912
"9184d37e-6b7c-4c53-8e6b-5109b7c8b6cc",-122.47982792444269,37.778491785176577
"9187e00c-0ab8-486f-b124-13dde77971ba",-122.4164008722083,37.759799392634847
"91898ff4-b247-4ab7-932f-59ceedf2d962",-122.49389948880892,37.779840244933638
"9193f4b3-ca1c-4d6e-b7de-2e51e37be8a3",-122.40245106317973,37.779063169312359
"9198df56-9fc9-4f12-b9df-711136986a1e",-122.42884261356711,37.7565249084233
"919a94f8-0ba4-4665-9fee-36716db778e5",-122.45745990818898,37.784007012109342
"919bd298-3582-4bb8-be1e-470a4a40bb47",-122.3888169924175,37.730173969399232
"919de53b-d48b-4902-b2ea-d260fee92794",-122.4182199183543,37.755868055926236
"919df8af-6208-4fa1-9638-9e1682863826",-122.50839826678273,37.753493922037428
"919e130c-13ac-40e1-ae76-6259ea5f4799",-122.47416184981735,37.761439524982009
"91a0c2dc-65fb-47db-bc39-d8083ccd652f",-122.40208405703301,37.722796349856942
"91a0e7cf-4424-4868-8239-4808911bf613",-122.42832292335316,37.751330006949821
"91a713cb-3805-4a7f-83bd-8aae871bd425",-122.41996578039854,37.782525363322058
"91af3f10-2757-46e1-8010-1e928060af12",-122.42162748427803,37.753329015085953
"91ba084f-4f15-4f41-acfe-73d34cd9048b",-122.40383786468551,37.762779855564489
"91bbd1d6-5ccf-4b2f-a83a-2a6b9d0a4aa3",-122.44511089518065,37.787590564506296
"91bd9633-6184-41d0-8e1e-499015aaafe0",-122.46770915138572,37.760348744982643
"91c7255d-9c92-459f-bd29-6502d0aafc62",-122.50024277017941,37.763683123378456
"91d4e201-0956-41eb-a5da-7332eb2efece",-122.47502123450249,37.757733868761093
"91da7d19-8884-4653-9d54-aa075556996b",-122.42825098872019,37.773993694484453
"920331e4-dfbe-49c2-ac43-9106824e169c",-122.46968074416394,37.784692493814177
"92045077-3ae6-4d1b-9464-cc785881016e",-122.43319816199759,37.755453782697877
"920ac1af-2ff9-4c9b-a3b7-db36ac31333a",-122.42955786476386,37.7178501839752
"920cf811-03f5-4df4-9189-0a2716ca70b8",-122.4047527354701,37.780120120174281
"922b1a05-d751-457e-80be-278c03feac52",-122.43614844417981,37.803219328129828
"9233e9da-821a-45de-bbbc-b08a0c924fc8",-122.42214848343369,37.754024767227307
"92389697-c3c8-4c8b-b8ad-dcf88503e0f3",-122.4229925924565,37.736343151417984
"923f473d-8689-45b9-8983-e1d4c588b33c",-122.47586448317533,37.7837185153817
"924948c3-1965-4aff-b129-534c6e7649cf",-122.44465172423104,37.777416284941843
"924b72e7-60d7-425b-8e97-f44549c29c99",-122.43124248951911,37.725839368615247
"924ed821-39fa-4c94-b73e-a6766caeb915",-122.40823126177852,37.775923676547364
"925db578-f4be-4f05-9a0a-2647573bce0b",-122.42291700742949,37.761092086066931
"926523c0-cfe1-47bf-8334-1de368daa239",-122.40782575626618,37.742612299564179
"9265f13b-c577-41b2-8010-70bf5867a075",-122.39088281545676,37.738825664579181
"92660697-acaa-4949-8f52-8524f69ccae1",-122.42627434871025,37.741543371694569
"926792de-4019-469c-a667-608d435f1077",-122.43027666866938,37.774899533210892
"92725581-c4d4-4b18-b414-f9973d912cce",-122.44189390588316,37.795993040164959
"927360c4-388d-4d87-b387-f6d6904d4425",-122.46286528895232,37.774590928335833
"9280d9f2-6b15-4822-93d8-32ac08f30297",-122.42019867023194,37.790135871911538
"9280e02c-15ee-4351-b87c-636085266815",-122.47819391319928,37.785676611544645
"92906b32-16d9-42c8-bfb8-93e353db9983",-122.38887073326852,37.719119139283229
"929501d8-541b-405a-bb14-1d782d610820",-122.41390355382468,37.746256039549181
"9296a44e-1304-4eb6-8e6d-890d28c2b043",-122.43343708090109,37.790007003031931
"929b6a57-060c-48af-94fb-0bad845aa823",-122.41349131112266,37.753113436319616
"92aa9d94-ac38-4452-a795-9cbfa6e9e993",-122.46083013146161,37.783498063542488
"92b1969d-8c2e-479a-9290-2eca26e67d4a",-122.40782112237918,37.731848536927721
"92b65046-de9f-4088-abd3-ea7981adf682",-122.41388997237175,37.797084761903058
"92b98506-8644-4812-aa37-1c5c554dfa6d",-122.42190595005346,37.7946358249489
"92c246a0-6a04-4afb-ad14-ed49714de01e",-122.46486599769676,37.71563608747158
"92cf93cf-a2b0-49e9-8df2-a425c63cf693",-122.42732441926242,37.729401546368308
"92cff4b1-4c94-4464-9e29-48290e2de642",-122.40735674407263,37.74904997427484
"92d1646e-107e-4665-967f-75ef37530bc2",-122.40487798259315,37.801828490882912
"92d2602b-8211-4c87-b197-8541749bbaa7",-122.43064965733772,37.772508102986933
"92e80a6e-9fe1-46ac-aedb-58e342adc8a5",-122.42984566840761,37.7220638323832
"92e8eaea-b84e-4724-b6c0-529c9fe76fad",-122.46642941345655,37.759909806059348
"92e99614-18ae-4079-a933-994fcd2feeb0",-122.41239807154834,37.776104031892693
"92fdd040-ec48-48b4-9ea2-616b55195937",-122.44153642627276,37.728597142377
"93020e15-0d1c-4057-a352-5713db72be6e",-122.47541964365288,37.742126496639685
"9305a87e-28e9-4b3d-940b-a12d5dc4f39a",-122.43766837372004,37.712881620188092
"930e0562-92d4-404b-a10b-0478822510bb",-122.4444097343717,37.784766241137845
"930e9bba-48e5-4f0d-8cd3-319616e78eef",-122.41490977952577,37.745952351785327
"93172ab7-01ec-4037-8185-bf7e4c3cc267",-122.40706860536307,37.716162303665953
"93199956-7254-4a9a-8c57-e3e860cd75d6",-122.45091119760822,37.768034643766619
"931f3da2-2c7e-4a03-816f-a378849f6b5c",-122.50968717181577,37.775259610932615
"9322f333-0f82-42a5-8329-4ffa6228a6fb",-122.43155441973188,37.772546896821765
"932ae0d3-9adb-472e-9dcc-ab2dbdb32104",-122.45564751614759,37.78081149432284
"932e81d9-9f8a-4a58-9aab-73ebdc7af408",-122.44221225855686,37.752008632792553
"93356214-4e2b-4a88-9219-6cc0a5bb2997",-122.44280820130581,37.797209499494478
"933d1bcd-e586-44f6-b898-f72cdb1db737",-122.44428648144242,37.727070193925954
"93458047-53c7-4dbe-ad1b-c43b1014fea4",-122.42686896138967,37.763703958377896
"9345c302-00c6-4be3-903c-da4b329256df",-122.44492391226747,37.7870995288416
"9352e860-e07e-4ec0-a012-ea1ad158335c",-122.43303246423193,37.772829132592179
"9359752d-f58a-4cf0-8914-f7eeda9ede12",-122.432164888167,37.746979317874505
"936f73ad-84f7-4cbf-8b33-eaf873e6e572",-122.42894573221022,37.785314948399993
"936fa026-bd7c-4f24-81b1-386fe54cea0d",-122.4430324920956,37.771556865595173
"93724707-b5b8-4383-9131-15b9f1f91031",-122.39912679677283,37.754146272864318
"937d27bb-5bf1-4230-95a5-d3cf86b8d36f",-122.43825167276734,37.755663222713551
"9385ade2-41ed-45b4-97eb-fd5a4a6e2f84",-122.40974307268063,37.802628091074205
"9387f690-72b0-4795-a409-a378141ff284",-122.49474695640244,37.777316187905562
"938e5c87-be2a-4e40-8feb-df9eb7627fa8",-122.41792657846067,37.726924298153776
"9392fa72-7018-430a-8d86-fd4d73fb0a2b",-122.44565728049777,37.801050598364064
"939a948a-61aa-4637-a220-18bf64a12742",-122.43174779263667,37.72846452894504
"93a5bcd3-eef2-4801-8033-8ea2ef5477d6",-122.44808373053394,37.766760532831647
"93a9dc51-571f-4948-9b39-c413afffa56c",-122.43758537035944,37.798499127810658
"93c01cc1-7a5f-4fa7-b7e2-7466a221bfef",-122.42768149867777,37.755774104403081
"93c253eb-9ba2-4c21-9fae-c3c6c1eaea22",-122.43393447802562,37.736403148381868
"93c97074-d12d-45eb-b82d-7e79e9449355",-122.44207186079157,37.759703853809512
"93cd4602-5286-4d60-a719-5b5dd5f191e3",-122.47170132376945,37.740142139164284
"93d087a5-932f-43bf-bc72-4f5e502db416",-122.47692714370606,37.783602556015772
"93d5c7ef-56f6-4d7b-b042-286163a4eff7",-122.46634261276117,37.758047220236222
"93d7772e-e122-4802-8c5e-29b27c50f6c6",-122.44270856888588,37.7513130307298
"93dafbfd-380a-4b7e-8225-595a52cd43e0",-122.45204297535923,37.757430064781623
"93de06cb-e22e-42e9-b433-8dd54f8bd1ee",-122.50717508077544,37.755281062990015
"93e2ed2d-a96d-4dec-adfe-f720aff6c25b",-122.43112948923857,37.7768961288769
"93e33c5e-ddec-4629-a2bc-7ffabe1aa92e",-122.42945741160911,37.770225529342056
"93e5f2d7-8cd7-4bfd-bc2a-28ba9819a4cf",-122.50277171210506,37.741472691830921
"93f9cd6e-93cd-4b01-bdf7-08b165d5c37b",-122.41265959784653,37.799149859071782
"940b8176-7af0-4016-998c-87f683bcfdf3",-122.39050344986903,37.737056097787963
"940c5c30-cc7a-487e-8885-e75ff4d98531",-122.43120221341549,37.746007518093748
"9410f5c6-6ed0-4e98-b639-218de5108c6e",-122.39073254885889,37.736325758214377
"941746ca-dbfd-4307-b587-bc703831794c",-122.40852226884822,37.77959268816096
"941de5d9-e67e-4af1-8bdc-9e4e4df59991",-122.44251274255963,37.776789158627679
"942343fa-0e98-4c47-baed-6f280308dfb2",-122.43536805175859,37.778727098373118
"942c33d3-1a0f-4d41-8b7b-22b938d0ba28",-122.47198075818015,37.737784590298055
"9437aa68-654c-4131-a65f-919208da0edb",-122.42424792690638,37.798781100670176
"9442ead2-9c02-44d5-9324-a2066f5f60c9",-122.42197197560607,37.761589878256
"94431956-0f96-43fe-b507-85699744b319",-122.44435438708351,37.795486611968
"9445acef-bf18-4123-9db1-aae0de426921",-122.39467470072088,37.774592366831307
"944f8b9a-1886-4e60-b385-600d7ce0a14e",-122.44955657106321,37.773592266489565
"9460cd71-52e3-406c-a5e9-74c9ceecaf57",-122.42020365713039,37.762715164527947
"9468cec1-1dd6-4141-bd31-4197a894bf51",-122.4421232558351,37.779392419766737
"94848eb6-191c-465e-83c2-816c842b4a86",-122.41539559444577,37.783673083426663
"948c2a33-dff1-4dd9-ac40-950c39649e0e",-122.44538093457828,37.762287662726685
"9496c919-3c9c-4922-9c04-1c00208e13d6",-122.39574637901835,37.759485329126839
"94a5b4d2-f040-4a0a-9cd2-db78ce760acd",-122.40580532835662,37.799374042269456
"94a931ee-7024-438f-b4ab-e139658792de",-122.40913797557428,37.778333185059743
"94ac1356-83bb-44be-a6fa-e3c6b837e96e",-122.4123484722776,37.805515021650479
"94c3fe87-95d0-4e03-b74a-6cde449c817f",-122.39439056331618,37.709435804009388
"94cf4716-5c12-440c-9ad6-d46433adebe5",-122.43560350308549,37.789881037068824
"94df5b9c-8cde-4c4e-a487-04297f7541df",-122.41742479960668,37.7735813411714
"94ea722e-d2e4-4dff-abaf-5d16ba1df3c9",-122.43077762588574,37.753500915843162
"94ee12cc-863a-48da-8ebf-aba1f7e678fe",-122.40699042746353,37.743755647153932
"94f92573-d0da-43c3-b204-6b5b293555fb",-122.40780905279433,37.778347018947819
"94faf5aa-80bb-47f7-8e54-ecda696761cb",-122.44657950068748,37.712218079954305
"94fecfea-5ef6-4400-ad4f-441e0089b5e2",-122.40939088710802,37.77921711907689
"94ff34bb-3475-4bab-aa04-767ae0c0a4e3",-122.39024901717664,37.727799748038748
"950350a9-ad19-4191-9d25-fc9972c2c2ce",-122.41622724720725,37.758891324586592
"950a6ac0-448d-46d7-9462-53fc3ed6d660",-122.39320714417646,37.786987722598063
"950c73f8-9f64-47b0-ae28-dedc45d5f1c8",-122.39338849231379,37.762055665276648
"950e2f81-89b6-4454-9f0c-5d1f5297539e",-122.42368850842347,37.777856065474644
"950eaa0b-556d-47cf-8dc5-4a3a13fd95bc",-122.42845044768895,37.776912206312723
"951e8e68-cbe5-43b4-a8ed-531258916251",-122.40186568652936,37.7624858645899
"9522ebeb-8bd6-4e0b-b057-e51a85e8d340",-122.43719509889395,37.720852793697468
"952e07a5-e24a-48e0-abd0-8630d7729200",-122.43426556690184,37.80345904616356
"952e29cf-9786-45e2-9265-2c35f7b33d75",-122.48744615748498,37.788106949408977
"9535b5ec-4dd0-4da5-b862-be4eec11a422",-122.44898789222266,37.719167356155886
"9551be17-accf-4f16-95a0-9839467920bd",-122.40493559941331,37.780266273197221
"955adc5a-6db8-4b46-823f-14092c74d759",-122.43116905474959,37.770630954838289
"955bd8fb-1b37-44fb-80f9-c46a853bd35c",-122.40383445477359,37.723888224822495
"955ef9c6-bf5d-4f1c-a671-7abc79040b8c",-122.3812460066261,37.735598965899733
"955ffa51-c6a6-4036-9d7a-85a15f8b2934",-122.43635760905013,37.775738224430221
"95608e36-4c7d-4772-b813-52dfaadc0db3",-122.39828696218119,37.75559335187652
"95656914-378a-45ea-97f5-56b8aa0e21b2",-122.41702120555708,37.800506899571083
"9567f522-c5e4-46ef-b212-ed7c1a87c9b1",-122.39410761544404,37.75904027536783
"9569bb7d-26a8-4993-8124-bec48f41389f",-122.40140838065503,37.723182423641653
"9575e399-c4f3-4b18-a871-46d553829b83",-122.41156264196511,37.7506120305611
"957d8357-4f78-4637-9f65-75350b5f22d3",-122.41555967081467,37.745260287527906
"957eca8e-87ff-45f5-ac78-6c2abfe4fa30",-122.45994168900836,37.742937818875554
"957f12cd-6eb2-4238-88c1-1fe118466eb8",-122.44404690989296,37.774712221907983
"958381ce-508d-4127-9f57-3d70df446696",-122.45289752841565,37.780891168078156
"95842cfd-4e7b-47b2-96f6-dc20828ccbda",-122.43181668860802,37.722205277356252
"958d1b54-b32c-49bd-bcc8-fa18a0a929f8",-122.45718296619984,37.765253532071341
"958f2d58-6dff-467d-8a87-83f735076f3b",-122.41044465493324,37.778078472927035
"95a5d73d-6f8a-401e-87f5-a7116d81c426",-122.41199230833389,37.741988564965872
"95b88347-23f3-4d14-8319-e540ea434433",-122.42987556354714,37.759183141077052
"95bb25d6-4ec0-4188-9384-1fdab49e98ab",-122.47738763207623,37.7640900611297
"95bd7f76-a19b-4aa2-bf2f-ed7a443dbf27",-122.39853337024488,37.785770888522535
"95c26b9d-9aa2-46b7-b4df-247967e61a6c",-122.50097471893037,37.774266479160779
"95c92928-b7e3-416f-8fcd-00a46ee89b48",-122.43102668628514,37.767373024442982
"95cea66d-fa1a-494d-804a-2eeac0214a41",-122.41315680534306,37.747956063078256
"95e3e2e3-0701-4a1f-8377-96f6b8ad673c",-122.49643096766495,37.779998793328012
"95e4a888-58c5-4968-8c83-ee35ddacee98",-122.39838751168556,37.713451523553047
"95e90dfb-5de0-417f-8749-ed68542fbc44",-122.43375156801675,37.733605406761221
"95e99a2f-b6e3-42fe-bb0f-2ea5e7045815",-122.38576595294532,37.728699820893056
"95f0a375-bc1e-4a57-ae7b-e1b2f89db4e9",-122.48435385795392,37.776521836977516
"95fd16c7-1fc1-470e-b107-ac0683ba4b1f",-122.47380286497058,37.775026874923832
"96047b95-6008-4a8a-8675-6e86baffbda3",-122.41466004700672,37.752659169595326
"96072179-2225-4994-a7aa-15862c697944",-122.490296020605,37.7810000460023
"96085640-a023-49b1-b260-85cab70bf24b",-122.436159657816,37.717368304765671
"960cdf6d-3166-46a2-97a7-064cc8195bad",-122.46504301096249,37.747231738306738
"960ed6a9-b0dd-48d6-9db2-f42eabe8a46b",-122.42149986524849,37.762375199638996
"960fdd74-33e6-4e7c-9d59-854228e94093",-122.48952176606042,37.778052533841652
"960ff5dc-710f-424c-bd48-6cc3eadd06ca",-122.45923468480387,37.713280611861421
"96164a3e-a707-470b-9bd1-1e43b28460c9",-122.49206002278838,37.78129913362833
"961a8809-ea16-4e6e-a03d-d7e73c53ff1f",-122.4399465902966,37.729133164453458
"961c6801-5b06-475c-9848-846c6e15fcb7",-122.48541574589682,37.783754772812493
"96200610-7be2-4fca-b6e5-48c7074adfce",-122.43707422430674,37.786654817662765
"9621b320-881b-451a-bb89-290addbabdea",-122.40776600871288,37.7495073528871
"963ab73c-b94e-47da-9026-3c11686eb0b4",-122.4092309918699,37.776193952736584
"963ff7ef-300b-4f99-96ac-c5e521430c08",-122.40616339453777,37.745103787670715
"9653726a-e054-49af-bb08-df6ff67d3429",-122.5061701588173,37.780863613235169
"96544231-a0ec-4730-ad68-fdd2e2595eb6",-122.43901247958223,37.788366246342243
"96679632-dc42-491c-b03b-822be36e4606",-122.40710908054753,37.776812830042488
"9668e923-d0c3-43c1-8261-9f1afa0657df",-122.43632462517076,37.766083788596177
"966b6951-ab01-49cd-90e6-96508581b880",-122.43872670226415,37.804522659231566
"9673d1de-baed-4bca-b872-fb451d1aab75",-122.43184158834877,37.74731237737938
"967e092e-5971-40c6-b065-5f2f4497e00f",-122.48304480225191,37.742341622771093
"9680502f-a9dd-4007-a905-0c39662036f1",-122.4906727066944,37.782412508759528
"9687537b-55b3-4e3f-9bd6-700ed317533e",-122.43032479525552,37.71840959378018
"96951be5-dbee-4eb3-b485-73bb10136492",-122.41407975830654,37.782316811745233
"96a7ea80-fa6f-459d-b4c3-fb38ca48d3a2",-122.48001951735212,37.782350945693246
"96a8d469-eb52-41c6-8c1b-b02c08e15048",-122.44862886818058,37.782900712502872
"96be34ba-7b9a-4448-927d-477d5215fbbb",-122.40364280646594,37.76077272419117
"96c124b6-0416-4b1a-b066-248d493d8379",-122.41787904399087,37.745319458834963
"96c29fdd-c58b-41ae-92ab-988d39a982b4",-122.4516289572954,37.787221256022356
"96d0c232-f6b9-4115-9d97-2f8508891284",-122.4078305967472,37.785972798819053
"96d44c4d-487f-4239-a327-a956ac1a481a",-122.40148052137303,37.75847475780165
"96d52cb1-2520-46aa-b86d-49a5114dffc3",-122.42367467966776,37.800601106049193
"96d7eb19-a1c6-44da-8b49-cee600057e4a",-122.42695856276829,37.798582515927464
"96eaf6b5-7a68-4931-99cf-05890df2df06",-122.4598516865404,37.759124001203276
"96eba20b-c125-4203-b225-9a369426db10",-122.41612716140419,37.786829542749793
"96f425e7-b1e0-4fb8-b498-5e93601a702b",-122.44049215286164,37.803266632086228
"96fbb73e-fa97-4f8e-8732-6485573ead1d",-122.46884677604243,37.70955176544178
"970aa81c-5a0f-48f0-ba72-0a9b91f27c3c",-122.45882232894431,37.722194906157057
"9713976f-f139-4d31-846b-08cc7a958fe3",-122.43546582762978,37.756356301832795
"971446fc-02f5-4a36-8584-8f86b67282d9",-122.44977981229698,37.758523439822007
"9714a280-8f99-4555-9924-386b9bcee1ff",-122.42338547862215,37.769254326233906
"972943f6-3b71-4384-ba2c-d5002a8447fd",-122.45214738805862,37.773262718752918
"972b6c8f-c7cc-4871-a6d1-e567e6a472d9",-122.40724353405311,37.801376349973147
"9738a357-984a-40d3-85e3-aa3d47beaa02",-122.43146235726168,37.748697261728474
"973a560e-1e54-47c8-8b18-97b974c61305",-122.44000961647183,37.790420426274537
"973f1a36-fa3a-468a-b8dd-1014cdc61e6d",-122.465316043982,37.78793120510683
"97435906-b7d0-4666-8c12-df5d620776dc",-122.41752538852198,37.74209749378381
"974a7ec8-1bc9-44ab-ab63-7a5f143f67b5",-122.38895514339455,37.759963639645164
"974c6e12-124b-4866-a609-1865daea1947",-122.4189408105767,37.805998350075967
"97508605-d2ca-4eb3-a06f-9d13dd551539",-122.49662026347194,37.731426487223793
"9751ef16-b9c6-4069-9e09-5788f82d4329",-122.41292603289794,37.714441231106683
"97559091-a7ca-4dee-81a8-05db73b1f8f9",-122.42109347076671,37.789125478814888
"97610eb8-690a-4167-a157-134d38b3f83b",-122.48671800566387,37.785220784055582
"976afe56-878a-4d09-ba96-18e74ca33202",-122.43651966476658,37.771782464262365
"977599cd-f8e4-4e44-81ec-cbc7008f2698",-122.42909043396736,37.738929082804837
"977fa905-59af-42cd-9816-90f55afda6ec",-122.43154063278354,37.734808476704963
"978eb992-2441-4e9d-8b84-e74434640f69",-122.4436087012385,37.762721685199551
"97904784-71bd-4027-a3a0-5c0ff1d4cf96",-122.41826106872409,37.766856205415344
"9798b024-d2b7-4b1f-8fe5-53c302b7c1c0",-122.41965488058692,37.766361640683613
"9798ee90-6316-40fd-ac8b-28b263fc45e4",-122.4193150009681,37.788722980948741
"97a990fb-45af-4287-917a-77fca872f839",-122.46338433550319,37.760540770052643
"97b24c1a-8911-4311-a75f-19e959aaf44b",-122.42630907371668,37.742515799463909
"97b3c0ac-04be-45ef-be5a-7719e9cec637",-122.44131221157066,37.780615335193168
"97b40d64-63b5-46cb-8c97-d789c2fdfd2a",-122.4663199292811,37.723118896853215
"97b8303f-a628-4a5f-b9da-4aeab1678ed7",-122.43901803558082,37.758401728999786
"97bd28a7-c61c-41dc-b88b-2c8c5a159533",-122.40607761764845,37.7900374254489
"97c1e33f-32f8-400f-b7eb-19f1bf84b5a9",-122.44119525224787,37.77753027910812
"97d3528f-c1b0-41d0-ba20-ed5979fda753",-122.4859119996932,37.743191985616747
"97d3b9d8-5903-4e25-b730-326b0f1326c1",-122.41044200591091,37.781120879111747
"97d3c7d5-cb13-4b02-8da8-4dd4ad60d75d",-122.43927644767157,37.805339114900846
"97df5ba0-df5a-45f8-8077-63849cfd52e1",-122.50128398384877,37.779815187859732
"97df8c6a-a93d-4a9d-8cb8-c83e04e5eac1",-122.46449574082995,37.73963166329176
"97e51c0e-38a5-4522-9e2b-3aeac263f5bb",-122.42937844305821,37.745860278873792
"981f58e1-5ea1-4f65-8471-0d3660e48b83",-122.42199383746258,37.7517848904266
"9823cb01-c117-48ce-bf9a-e0968ee296ca",-122.4306721673037,37.768198713619825
"98241bbf-3dab-432d-9cc5-7f3a1c636dcc",-122.43484639614289,37.789265503621017
"9824f9d5-680b-4d33-a1c9-129f3fe961dd",-122.4232566681108,37.748013814066255
"98314e20-64cd-4746-bd11-1bb6625b937a",-122.40402983352017,37.796996563877272
"984182c2-f643-4680-ab20-77ae2f91263c",-122.39287054249166,37.753203865735486
"9844fd98-9429-4438-8e6b-846cb3370dfe",-122.451057237733,37.735743325705037
"98517b81-f36b-4614-a7fe-c130e14fd2a7",-122.44001838054015,37.750266507381383
"986726a0-dbc7-4575-ab88-31a36c67b21d",-122.48305468635894,37.76382321337649
"9871bb91-fb49-4577-bd88-ec47c178d56d",-122.41113643295624,37.798764064579892
"98725961-adad-4fc8-b14a-4587807f484f",-122.40851879995509,37.802826252721495
"9874f012-bb97-4063-97b5-c40438417259",-122.43630668378742,37.73778732965458
"9879248e-1a24-443a-a14a-5d4ba823c0fa",-122.40594194576875,37.744976542342393
"987ff0f7-a4df-48e0-b35b-6809155763dd",-122.50573084252089,37.77930262390764
"98863434-6604-477a-84e9-3b610b79d1b3",-122.42639979518908,37.7357394352105
"98927f8c-3a2a-451e-9b82-0fdba607ff3c",-122.44282088193438,37.756543357802627
"9895337d-11a8-4307-b54d-6a3e0a84a6a8",-122.46020587927333,37.715325146898628
"9896f725-811c-4043-be66-39cf265e31e1",-122.41136027157309,37.784190890527036
"989d2d2e-b274-449c-92c9-ee29ff451b97",-122.4072914088203,37.74475336654627
"98c87ad3-3ec5-4267-849e-9f057f52118b",-122.4431408916445,37.769769693511122
"98cebef1-2bf0-4a87-a509-96e56d8b7805",-122.42734717082136,37.740100283114423
"98d1ed5a-2831-4982-9110-c134fcdf0726",-122.43498763177946,37.734319656835332
"98d8ee1e-eae6-4142-871e-fccdc9aa117e",-122.49900057794405,37.776735439642373
"98fb2c41-b3ff-4793-9491-609f72b86e38",-122.44701506618439,37.728918238726692
"990aba19-0284-42cf-a94f-85f7365c511c",-122.41349131112266,37.753113436319616
"990bce90-360d-48e5-928b-3bff135552f7",-122.44712279394282,37.794456680492274
"990eb237-fd06-4b2f-b88e-5032b5ee4dfd",-122.47477981208449,37.783515627294854
"991a47fe-9153-42e6-b202-d472cfc73dcf",-122.41575372206043,37.794411623708569
"992b0036-3af7-4d5d-af99-aa464cfdb713",-122.44006295860575,37.775267330861986
"993dcb09-d039-4fa9-9eec-7e078fc712f8",-122.4508462593606,37.747124495336195
"99402b20-582a-4075-8db5-32e7f3349a83",-122.41080375583628,37.753928406442114
"99427f37-a7b2-4877-932f-02cea38921b5",-122.50463854912438,37.762664161766651
"99442b41-33e5-4d06-bee8-575b2aba96ea",-122.47608217449657,37.786721434106944
"9946e3f7-669a-4151-866f-7b8fb8c31a2d",-122.42895063615995,37.780807146610073
"994bf0ae-f083-4f5f-a3b4-56b6ec90c45d",-122.49175535020534,37.7847772669797
"994d799b-e343-42ab-b525-e377905b1248",-122.44968136470538,37.746990352075251
"99506368-90e3-4983-9382-7217e76476b6",-122.41084679100958,37.802242227275094
"9957ad2b-9a3f-4c3b-b014-525ba4f549f1",-122.44545358172384,37.785797691080127
"9968dbc2-801c-400e-b296-0455d9092eb8",-122.42596517121854,37.795530429136662
"9972da13-d6bb-422e-ae57-04a349abb530",-122.47076893108296,37.7579316324666
"99765b49-a0d5-4138-bae3-4a57b8af7080",-122.39423608417295,37.786263435291474
"9979579c-d6ad-4299-ac1d-7c5730b43482",-122.43478796952407,37.774069801961666
"99837a79-281a-4c55-a57d-c2730b5b26d5",-122.43155620628156,37.763386932104062
"9987ef2f-212f-4c28-a2df-c36b45d9724a",-122.45623735064551,37.775608015232535
"9997e236-02a6-4218-99f9-e5fff0157007",-122.39853337024488,37.785770888522535
"99a5dbab-9e3c-42de-b291-8d08d5585d03",-122.43344940086621,37.773158524032489
"99b53bc1-8678-48af-b86d-ae4a1d548c17",-122.4633900120778,37.781850788843343
"99c7f454-bf5a-41bb-834d-44adfc630472",-122.45304669579085,37.790567724204664
"99cd715f-1c3d-49c2-9e88-98582db282f6",-122.44751200314727,37.757635918139016
"99d02890-608c-4f24-9b17-7f166b143bee",-122.43281060011213,37.803261814854224
"99d0fec2-63f5-4266-a837-670e475a8c46",-122.43026174614758,37.739561651601768
"99deb15c-7bd3-43bb-aae0-8c2dc7b6c065",-122.42511674132156,37.753617432585287
"99e628a0-b2b3-4109-9241-fcdb86221a9e",-122.4201399971722,37.785420234713335
"99e7bcc8-8c0d-44d7-81a9-93bf00f03df4",-122.39450279425037,37.75300768939853
"99fab886-d729-48ac-bda9-4f42b45e8ed8",-122.43411325915912,37.771979095048721
"99fb1f51-d63c-4d41-b0e4-5ee1284fce21",-122.43367651433189,37.743577138954088
"99fc9513-fdf4-4735-922e-517cb35822fe",-122.43777379746426,37.775579123102382
"9a010ebf-9a13-4eef-8733-96a432e7a92c",-122.43410283187721,37.788092287667411
"9a0868b1-c1c1-430b-af5d-71e564a4f1e2",-122.40110363414735,37.7121725665706
"9a0f3df8-213f-4fd4-88d7-7f64f625ea6b",-122.43171801183456,37.7445621228432
"9a1e2dec-92c0-4f1e-9de4-75cbdcbd766b",-122.43513710509123,37.79878357186066
"9a322b0c-cb57-400c-b841-07c1c411f1e4",-122.41935483058593,37.785520216291857
"9a33f04f-89d5-4e05-851e-9cb4e67f31f7",-122.40703310344949,37.754880948730005
"9a3801d2-bf60-4967-babd-0cce8928cf72",-122.4538032773066,37.720299546073072
"9a3e60a2-645b-40ff-b521-8c93f31075e6",-122.40615515732694,37.744667980374523
"9a533984-ee54-4f61-9d6e-98eec338310e",-122.43530309930371,37.796761258004892
"9a65a444-8fd9-4ea2-8062-587e8e6418c2",-122.41815367820737,37.790018906006111
"9a6f107d-3488-4de9-8d07-cc8dd9357429",-122.40679719264526,37.710626935855132
"9a791e6f-3bf5-4283-a4c7-bec6f7a1fedd",-122.41982195048008,37.759117672008891
"9a8698cb-9b10-4e5b-bd7b-dbe91c57fd1f",-122.42958840978451,37.744726230224558
"9a87d3d2-88a6-4e69-9f51-3e34359b2333",-122.43892742330063,37.779870835767
"9a8de544-549c-4dd6-915d-9937cd61b12f",-122.44499154923551,37.75857338193741
"9a9306c6-c2b9-4c6c-adce-a9110142ad3e",-122.44472241078458,37.75316367676259
"9aa21765-b955-4f88-b560-e3192aadaeca",-122.38696567319847,37.728435581905508
"9aa59485-73b7-447d-9d07-7112887f8fcc",-122.41588620919912,37.785332142592537
"9aacaa89-94ce-451a-9184-71439b2b3879",-122.43317862750249,37.798434701576554
"9ab35fdd-3fd1-4a55-a75f-7b2802d1ebfd",-122.40724808263735,37.743742286483766
"9ab67364-a5a3-4105-a638-1e6506e6602a",-122.39540310781022,37.77690978255761
"9aca3ab8-ed52-4bed-bedd-4a3af87106ee",-122.43981227646884,37.729216114401133
"9acd3479-c201-47ef-a6a3-10fbe400a0dd",-122.41608273791013,37.796241876390035
"9ace0b7a-7204-4366-b8f2-8a57bd6a4f13",-122.45413756582812,37.782052776712007
"9ace3ad7-f1a5-4d1a-9fa8-a1227cd86864",-122.4273502232605,37.752344279840472
"9ad87190-477c-4ed5-81f8-daa804b0375b",-122.46438563244436,37.773701634825748
"9af3700b-2a24-4648-a4fe-ee603f3e8586",-122.42057488548889,37.7630050801851
"9afbedc7-f0f4-43aa-ba70-8bca89e08480",-122.44145026427191,37.735473041599327
"9b05b754-4dc0-43a4-8245-591611f6bf9a",-122.41403009270955,37.805660858998372
"9b0e39db-c733-4019-89df-6c1d1f9afb40",-122.39913769518121,37.786851433422406
"9b20171c-2916-4f6c-a80e-69cd6d884fdb",-122.4218530599006,37.805269336056419
"9b28e54c-4098-4de3-9304-ea09f2762533",-122.40865215513983,37.7473941740704
"9b2a719d-813a-4830-a109-ebdb6fcff852",-122.46008870520997,37.71836223657391
"9b30bbef-401d-428c-b36e-7c088ae0b4a7",-122.43270979960405,37.761665005320715
"9b35c84e-bfca-4af1-a0df-32742216699a",-122.41993991679418,37.795853269815957
"9b363119-721b-4a32-b790-8bbc3cce12b0",-122.42291902592262,37.749015875704046
"9b43a6ec-dbc4-45af-baa6-e9a451b5b0d8",-122.42374798649168,37.743964492945238
"9b6d4f85-43b1-49dc-a218-90c72edd9b01",-122.42269443643168,37.768197895181416
"9b743ec5-e978-436a-93a7-f53515501c68",-122.3963985112229,37.786531352188632
"9b782114-5f2e-48da-bb9f-b922b65e17da",-122.4076286585606,37.751705217493985
"9b7dbe34-8495-4454-adab-908d751907c6",-122.39203697088394,37.762621978220409
"9b7fcd98-51d2-4b56-a1d6-362c65172255",-122.49691252537974,37.776051110791265
"9b8614ce-1243-47f3-ae7c-74841f22a672",-122.40013812598929,37.774828731073548
"9b8903f0-858c-4cfe-828f-87b41cd42d3a",-122.40154893787579,37.787137122613295
"9b8f40e4-adcb-4209-b25e-6e965e0558c8",-122.4787822071376,37.779571609393386
"9b9820aa-f3dc-4ac0-94b8-dee834cfd355",-122.48528465090808,37.740169629358981
"9b9d836c-1da9-44ff-a7ac-4e79d366f418",-122.44572404812149,37.791499014236557
"9b9da292-6038-49f3-8ab2-38f8de75e4fd",-122.41038092073337,37.745922769838522
"9b9e05d4-ab4c-4138-b1e1-b27d81190b84",-122.40890771140374,37.804392593108666
"9ba6a377-bd0b-4cf9-92f2-0270715dc1e1",-122.46343959574469,37.782536244077022
"9ba6bd61-f2f3-4de4-a431-3863564ef6e7",-122.42115647527045,37.737344670992826
"9bad535e-9373-4dce-8a4d-7bd68014c480",-122.4222298190039,37.793041201280921
"9bb408ce-2417-4d64-bb5b-c6a825c1a517",-122.41603353579283,37.799285669961492
"9bb8e940-dc67-4f2d-ba44-5170301d7406",-122.40452728079235,37.797642057233226
"9bbfc4d4-7660-4b54-b888-bd01da0c14a1",-122.40136753553226,37.774956685008149
"9be15a0b-47e5-46b4-9842-bb2b43058728",-122.48155047586413,37.742902409891535
"9be15fbf-37fa-4704-9c37-8e2c23e20b42",-122.43304865150147,37.722150572538936
"9be36e1d-509e-406f-b501-4c859a3b7dc3",-122.46770915138572,37.760348744982643
"9be8ec91-0e8b-4996-9450-b9c98d01d924",-122.43149082171669,37.735723948284196
"9bfad099-19e1-48ef-9645-934202bb3853",-122.41917515960677,37.749314158612407
"9bff0c48-0b63-45c0-8b58-b263e1a329a6",-122.41052642280303,37.7510204834429
"9c0012dd-14d0-4a31-af7b-3a9186b1c21f",-122.46582490204688,37.760431426115105
"9c013a0b-eb55-446a-9363-08e5452578c4",-122.49432859103294,37.755987522495452
"9c024f03-6838-449d-bd81-9122954c8c9e",-122.43263805574045,37.721121455975904
"9c0951a7-e63c-48d5-870b-c9d39b510f22",-122.40938813631098,37.751264505010106
"9c0a4ead-7683-4a90-a308-c29eac51c478",-122.502097666755,37.759453345395691
"9c10ffed-0fab-4b37-b950-956173961456",-122.4202199273121,37.774628460515572
"9c126d85-f70b-4763-8f97-3e931a0fd11d",-122.40948127405026,37.732797947597952
"9c12c6d1-500d-4e3f-bc95-c115389ab5b1",-122.37575660596109,37.728465059704455
"9c1d18e6-4609-412f-a37c-569ae5974f71",-122.42598003090522,37.766213545770377
"9c2b8a90-d782-4ede-8a82-00f1f274a29c",-122.43686386146761,37.75848775445003
"9c2f853b-0dab-41fa-8ebd-99baefec21a7",-122.4163140266436,37.798110538620023
"9c3b0575-10b0-443c-a5e6-8c50949926ad",-122.43206844963622,37.723044590436146
"9c3eedb3-0469-4941-8909-90221a7ac8e9",-122.41280044541699,37.751664454222521
"9c410494-93f9-4dad-86b6-d96721a36458",-122.44192755322902,37.77245493477011
"9c4a7e09-218d-483a-90fb-f7b456e90b2b",-122.43023924167029,37.759161224009375
"9c4b55e6-54a5-4024-aba1-95939b23ad58",-122.4388904878431,37.777962273296879
"9c54febd-b934-4f4f-9768-63650e7d3bbb",-122.47805123306229,37.744303251358311
"9c682fbf-84d2-457f-bbdf-863f407fdbad",-122.42171328024882,37.774077581337956
"9c6d6b74-e772-46c8-b8f4-f5a5ad394d63",-122.48583565062613,37.759328540684677
"9c7a750a-77d5-4ba8-8776-5873aa31d6db",-122.41768332249798,37.736284355452725
"9c8d1bd5-b202-4161-9d58-2fd0dd3e1ea5",-122.45477567934098,37.716213241851321
"9c8d87c9-b1d8-47e7-9af0-51369e9117f9",-122.41759357829608,37.749596677330963
"9c95fade-06fc-40ae-b16a-08fb248fb9b6",-122.42861797554346,37.745905754715409
"9c96866c-5159-4283-b976-50207f107829",-122.46595251727645,37.752448845216023
"9ca21872-8cf8-4e8e-9fdc-eb22cdb9bc13",-122.47532418134929,37.776265826349025
"9ca2dc62-b8fd-4faa-934f-252cbaca347a",-122.42138729887236,37.771320893202862
"9caa9aba-758d-4a4f-8512-bc5f80eb60a9",-122.41995918722122,37.781618751594948
"9cac2123-f79b-4760-987e-00462ad479cc",-122.49962336861708,37.776266844538114
"9cb73299-711f-49cd-b616-31cde9098589",-122.41063852977936,37.784700385300972
"9cbb5c5a-da18-42ef-aca7-ab1abd2b98c6",-122.48976399481781,37.761589347044882
"9ccd4b13-c539-4b44-98fd-354f13075e87",-122.40775550690385,37.7963372289815
"9cd1406f-68b9-45b9-a31a-4b984734f50d",-122.41862975472073,37.803170356304214
"9cd3ab0d-7800-4665-b0ed-68fdcec3ae6c",-122.41983211432363,37.738508695604907
"9cd48f6e-2ceb-4bfa-8108-4992863c8f7c",-122.43368944533593,37.782793498586713
"9ce1ec33-da20-4b76-b510-31f06890d103",-122.4179118077454,37.735580415872306
"9cf0f721-1fe5-4fc8-a0e8-151d810c0550",-122.41608758627176,37.774214707313057
"9cfa15e5-8b0d-4274-9ed1-59cb5013676e",-122.4386391104232,37.792403994630341
"9cfe53de-a097-4eea-9430-255ec4b25100",-122.46069817310655,37.785235071134942
"9cfe8a17-668b-4ae7-b379-609509366241",-122.42578235015999,37.76930159843549
"9d06e2dc-7984-4846-a429-f00d5737a678",-122.48496145508278,37.760964470290645
"9d07ea97-06b9-498e-8692-83f7fd2a5eeb",-122.3933818492248,37.761987210314842
"9d086861-2ff7-45a5-9dc9-c4b9844b317c",-122.45288397601414,37.763539138473213
"9d09b2c1-f0c3-4575-be51-de32fa37a735",-122.42819043955822,37.73475288841761
"9d128e66-de6c-4a16-84ad-8a24fb188d25",-122.42135860286834,37.746092541898712
"9d165064-aaab-4e77-a4e3-058925981c2b",-122.39507429798137,37.759005335639266
"9d25071a-54f6-4940-be18-2d7f915380a4",-122.46140785217094,37.708425121735729
"9d26733f-bfd4-4780-aa16-2a52b99b9826",-122.44351357495299,37.7923287418251
"9d2ba7b9-d8de-4be1-997d-c262785b5ed6",-122.42038025279869,37.775829552765096
"9d2c13c8-2752-43a6-ba94-40159f234900",-122.49395125036074,37.750528274013931
"9d2ea8e5-cf46-46f9-86a6-6a79ddcbac5e",-122.42688252266615,37.800869662607433
"9d361145-90f9-4bdd-83b0-c260173364ef",-122.45769639012769,37.718299060625462
"9d36286c-262b-47ab-b08d-5392fdb35bb5",-122.42202003451077,37.799523206699945
"9d3bfdeb-a19b-4f2b-b28c-e0bf94960340",-122.47595725578383,37.784405247590989
"9d42c7a7-a6fc-45b1-b4f4-8c96badd2eb8",-122.44370562395899,37.770114934758453
"9d44b137-4524-40bb-aeb3-b57222d13818",-122.41351814589144,37.770785337002962
"9d4d4551-9d64-4f51-bbdd-cca94d87a90d",-122.42867746084721,37.724375860047196
"9d517ae2-77c5-4670-b5c3-a30f4f54f453",-122.42853733475393,37.755249184717577
"9d5b2894-ecd1-43c0-b523-e2ae659d1896",-122.42616412901064,37.733282042958578
"9d5c1799-a157-46aa-bb65-3b49abe6c6ee",-122.48586891272437,37.78956232016349
"9d60b46e-a5fb-4974-84c1-746221ad9341",-122.4074703976169,37.712204716697904
"9d63efb8-2e9a-439b-b3b8-f3adebfa4b25",-122.47449876564821,37.781073855067952
"9d683ade-476a-4972-9829-aaea34955c24",-122.45011277213227,37.7808259278521
"9d6a8bbc-c8eb-4294-af3f-73e648e5c4bf",-122.43052877583222,37.801638991859775
"9d6c2401-efc5-4ac7-9cad-4bc187273efc",-122.41193907659532,37.796765768239645
"9d6dc640-8957-4ecd-b9f2-0de3aa160560",-122.48800071757687,37.773336792065884
"9d80ab27-bfec-4387-9260-a01ca8d90290",-122.42224413436514,37.753212409952653
"9d89c445-5ffd-467f-92a5-7024a72be647",-122.47402273941977,37.779598308084111
"9d8fa865-021a-47e5-ad5e-23187ee09308",-122.44079571264554,37.798909746837964
"9d956d54-aaea-43e5-bb31-42caa68f10e0",-122.42059778977092,37.8062469773713
"9d9e2463-5b39-4881-928d-9dfa3048aae4",-122.41435038572214,37.762574913087519
"9da07b38-4fcd-4dd6-9aa8-68702eea009d",-122.46654531367371,37.760674871374377
"9daec873-02ca-4246-9fbf-a879f75931e9",-122.44205499425559,37.722631140164353
"9db3d3c0-d03b-45a3-af08-921ca5f77e21",-122.42031733691947,37.757454194571032
"9dbac611-2b20-480c-aea5-0d053e69e6c4",-122.45794022953261,37.73618112104149
"9dc7aeea-c920-489e-a8f2-52ba99929e91",-122.47974164433006,37.779872620568234
"9dcf87c4-b816-42fa-842c-20e247dcdc6f",-122.41706114640935,37.743247962736895
"9dd07522-2907-43c8-ba92-c1a61d9a58d6",-122.41539375906137,37.782532688490924
"9dda358b-a54c-4bf0-9d19-93547bd4d600",-122.41205978133584,37.796312746215186
"9ddeb7b0-fd61-4ba2-8e90-03fed291489a",-122.43988118501103,37.794378740916137
"9de524dc-b981-46ce-b0a8-04b1fab845fd",-122.44578602623292,37.7939627975379
"9df129af-4a50-4ab9-bc1d-069d31c06814",-122.423772830294,37.774577111170942
"9dfdbffa-48e9-446e-95f8-a06333f706f3",-122.4175255873985,37.794953350450164
"9dff0bde-211e-4d88-a6e5-aace7f64719e",-122.43343759830388,37.761759111103579
"9e06e733-56a1-4a5d-890b-c27995af9054",-122.44426771645163,37.74945460437106
"9e0f2bba-ff62-450d-a2d3-f2ab72ad59cb",-122.46103493086514,37.782374311033692
"9e1092b6-5e95-42c8-a205-a0debfa56eda",-122.41729973483243,37.746249053788418
"9e110519-7ee8-4628-8f2d-12d462a2dc43",-122.39283815016215,37.733993477359526
"9e16bd4f-bb8e-4b45-b651-598d1f5d9149",-122.39849685910288,37.718475776137296
"9e18b62d-177a-4671-98fc-14f1da963d98",-122.40055796746704,37.759012579644534
"9e193136-d6fd-4731-8064-c24e45ce4930",-122.40270301807382,37.774481988278907
"9e1f367c-f4c5-4ecb-8d90-9983064e2464",-122.41210374044327,37.799217419717465
"9e228cd7-4f15-4617-881e-eb85c52e812d",-122.42667775409117,37.7879819079844
"9e23d913-422c-446e-a592-38c874c938ea",-122.44589764065063,37.752060167602806
"9e253c89-698b-44f3-99c9-08deb924cefb",-122.43623623285625,37.771853559920082
"9e2796e0-52e9-4721-a8d7-2fd6737e258d",-122.42319160666233,37.782114525891842
"9e2b0fcf-9a5f-4e22-bfad-e33b0795265e",-122.42283846212545,37.7456276652798
"9e310e3d-4b3d-433e-b0f4-a3b4238e389b",-122.47988145912987,37.764584916496766
"9e476682-42cc-48e9-90b8-5c7359973ace",-122.46649969140334,37.73212782861637
"9e4da767-de84-49c5-8ccc-4759b35e046b",-122.45686929398165,37.722200851379462
"9e5b4eeb-e26c-4431-bc1e-ee3010dc9c45",-122.45492280222231,37.714510385426323
"9e5efa50-21c3-440b-a270-2d01ad1a7ac0",-122.421380770963,37.800045990176152
"9e5f5947-3c17-4d22-b8c0-903f3886a8f6",-122.44294012125583,37.753263711105859
"9e6938aa-90b1-459f-86a6-8ea02104774a",-122.48309792618429,37.764440186555888
"9e735d5e-b658-4e93-9f8d-073b3b9f0426",-122.4382066347225,37.720398551055865
"9e7ceecd-bae5-4af5-a057-0d8a798fe75f",-122.4242108118047,37.757921218907349
"9e7faf52-183e-4ee8-9826-603504a12e8e",-122.46623511756441,37.755275864533559
"9e828de5-e89d-42f2-a956-667d046b8035",-122.4362515859912,37.804163312168114
"9e82cfd6-0c12-46b4-91b5-bf483d3ac7bd",-122.44207368011436,37.793481053595748
"9e90e97b-4599-4644-aaed-d1923e147bd9",-122.46068414868709,37.71976838191668
"9e9bb409-aaa0-451f-a0bf-f86ac3880946",-122.44412239635587,37.755285071131809
"9ea25c74-dd8f-4af0-9700-aa099f34ae97",-122.43709358210471,37.774604178363617
"9ea5d840-0d73-4f50-9a0c-5cbede3bdf6d",-122.41799238267407,37.765511500596794
"9ea90ab4-07da-4c66-a276-cc71a6061c81",-122.42513058036373,37.773834279521679
"9eabab34-3736-406f-b16a-6ab0605bf8d8",-122.43568003608242,37.790261143727683
"9eb71e0a-55ba-4691-9aa8-47815b6fd935",-122.39382304262223,37.763315711764804
"9eb7dcb8-e15b-4b25-9215-a64f118bed77",-122.45788816695116,37.722197944005529
"9ebeb4fe-9df9-41b6-b14e-d8750ba3ab2a",-122.41889125814836,37.736345469286775
"9ec5a507-2b92-42d3-816e-3b365078c208",-122.41788994648958,37.756829852076429
"9eccad88-0e46-4584-9532-b1af792697be",-122.42178572609609,37.729980383340653
"9ed770c1-1cf3-405c-8128-b81f1af06dbd",-122.44294864657873,37.777654121593365
"9edb1466-0c0b-4354-8365-79b0f4761409",-122.44082820262673,37.76117833653543
"9edc2ba8-3953-48e8-a110-76afe685b58a",-122.40813768061535,37.799965207047926
"9ede7206-5951-4dff-a566-14c52ecf5f2d",-122.42301451182311,37.759917119949748
"9ee4d494-fb59-452c-8e80-e19580bc9370",-122.41068992829992,37.777884759748318
"9eeb0dc9-10bc-4c0b-9147-81232cf6578a",-122.44358133097504,37.783343776210643
"9ef14a56-d6c7-4e76-85bd-b699a44d9157",-122.42450508745344,37.757100178140057
"9efbff8b-c0f7-45dd-a9ff-63fbf3a09688",-122.39611611599382,37.779876563498185
"9f097aaf-cdd5-46b7-9d07-c71a6fa75e4a",-122.39718093471095,37.764358128248695
"9f0e03e2-f922-4401-97dd-c66ba80e52a7",-122.48001951735212,37.782350945693246
"9f1e05bb-7a83-456e-b531-55f4f2b786dd",-122.40602655493848,37.746378843505774
"9f248b00-9730-4841-84e9-45c705c3ce75",-122.47732840904781,37.774866106664312
"9f340f44-80ed-45c5-a362-f93f299a20fe",-122.42582281113435,37.760950997695332
"9f37a572-eb27-4d1b-9ec6-6bba185dbe20",-122.42198819613205,37.780929218998622
"9f39e204-bea6-4e05-bf15-7d2d2e8b8b9b",-122.45475263172625,37.712748245370811
"9f3a8279-1d7d-4753-96df-630b83394ec2",-122.42413140793742,37.743347435061693
"9f3e20f4-ae62-4d4d-8a4e-9bcd63ca33ed",-122.44488879293226,37.757900033081967
"9f3e718f-258c-4329-97ae-ab1e4b258fc1",-122.49348549722795,37.743890065847765
"9f430b5f-edbe-402a-9271-a9d4482a23ee",-122.42384940862637,37.756390595591554
"9f54e0ac-a91b-44c8-97e0-ca7d674c20a1",-122.41832907319542,37.788847812385555
"9f557d5d-aeb9-4832-a14b-8a71daa77d2f",-122.43684245629854,37.744291323767335
"9f58c9a0-2b21-4d3c-84bb-bc5d1eb463df",-122.41501354210889,37.784105729228564
"9f59139a-7df8-4913-8c31-ee9d1d6f77f9",-122.4298159180896,37.79940641550575
"9f5faa3b-79eb-4554-94b8-052b6608f3ec",-122.4162343000073,37.797380953183485
"9f6f41d0-2e4f-4668-a2e2-eb1f40da0dd6",-122.41349619097491,37.744908197828018
"9f735c3d-7067-4980-9783-02da4fb648ff",-122.47627865413051,37.754637023843628
"9f768cfc-a2d4-4711-96a7-003df46b3dd6",-122.40799520796884,37.791579010625853
"9f8236d7-389d-4c52-904a-713bd904fe01",-122.44214101190897,37.763600436621239
"9f87be18-9b47-48d6-9a3f-178eec2627ad",-122.46675440471192,37.7508899705883
"9f8b6650-bba6-47db-afd1-39ac4780e9d0",-122.41192521788794,37.774750570280609
"9f900bf8-7073-486d-96b3-100257bb719d",-122.3840679344964,37.729288826867219
"9fa43ebb-da08-4dd1-99c4-9548b8900619",-122.39898434068316,37.761054118145005
"9fa678a1-2804-4ec3-9f5a-23790641adf9",-122.44368238387534,37.777491310718027
"9faec44c-92d5-49e9-9b23-f982b8e85749",-122.46845594715778,37.714990529552828
"9fb17369-85ca-4536-b91d-3dd7eeef3f66",-122.39072170769784,37.735206419684573
"9fb2d346-4e25-403c-8d44-1311279e05fe",-122.44926560596511,37.710340189835549
"9fb8e613-85ce-438c-9c71-73fac3e09f2e",-122.42170386714199,37.736212529549583
"9fb9a7f3-a63d-451d-b632-f05626f7e436",-122.38922522482225,37.737886127270215
"9fd17a76-ba37-43ae-9267-24ce11de57d7",-122.45375147409479,37.76363708998425
"9fd54167-7a08-40db-bd03-7ec1e5eca047",-122.40957603710575,37.748687907155883
"9fd72b30-6379-4123-a0cf-e55a5f06a65b",-122.4611793580775,37.784373206936564
"9fdeae43-a30e-40c9-b40a-77bf9f84686e",-122.40247676511092,37.758733973568866
"9fdf76e7-6e15-4682-991d-3f416c66eb58",-122.37313296650936,37.832253364801467
"9fe103af-e073-4755-8495-2bac0b6d26f0",-122.41965635594387,37.80533402832792
"9fe35129-59dc-4427-aa3f-9accdc8b62b5",-122.39795734569813,37.758659996316638
"9feb5341-ae7a-496c-925a-0c927064f26e",-122.45289236171463,37.790587379342256
"9fef49f6-2474-4108-98cf-495f1870a330",-122.43792897889526,37.796874268938822
"9ff5437f-f9e3-4691-8e4b-47f48a504a4b",-122.44465082808625,37.765821943320681
"a00bfc33-b339-4667-ba4a-8adda8e4886a",-122.43370506957045,37.742973648048853
"a00db063-1c2a-43b1-9302-b08ef703be24",-122.4257341188146,37.760025407832252
"a0130186-d4c2-4c2c-aed5-b7f83a834c20",-122.47455877470497,37.755815093521583
"a042879f-f7e8-44b5-904f-d0d19f7313b4",-122.39439660412165,37.752807303251828
"a05a1746-9b0f-4381-9bd3-b2a30c29e526",-122.45961295060559,37.716177734378235
"a063e020-c32e-42d5-aa16-c26768d0be16",-122.42852850988696,37.771990807862885
"a065f8e3-48a3-49b8-b3fe-2dcd61030dd1",-122.43443180721249,37.721097101961739
"a0678e77-fe16-42c0-9292-5bc44fbcc13d",-122.39209305417124,37.778679810148624
"a06d950c-6090-4d1f-a23a-85f91eca2b5c",-122.41911147184027,37.760742346632782
"a06eb68b-73fb-4381-b44f-fdacf4a045f8",-122.40328841094198,37.779730274644429
"a07b9e53-ee30-46ad-8dfe-dd2f2b1f881d",-122.49333769187253,37.778430232559145
"a07ca9b0-ae95-45b0-a031-288d1b0ee40d",-122.39060796947376,37.750421399250904
"a0a1c270-46dd-44a0-b1c0-47488b69b3c3",-122.47476923934366,37.765154743708017
"a0a55b4a-4a28-4bf0-b949-b2717684680b",-122.432164888167,37.746979317874505
"a0a94f8f-b1bd-438e-90f6-3d4620200e9a",-122.43361346080597,37.791235654261556
"a0b0ac0a-e655-4241-90a4-dc90f2e32518",-122.38918490016879,37.715727713399026
"a0e13265-0fd8-44bc-a03e-6e099dce8269",-122.44367521986894,37.758676422283365
"a0e6a037-1e9f-4e3e-8f98-0b9314a6f7cc",-122.41774711904746,37.751201069934609
"a0f02ac4-6403-48a6-bd92-41c4042c74ca",-122.46787570757886,37.749610156597861
"a0f8a0a3-21cc-47c9-a38f-eebb5503d8cf",-122.43251397845896,37.742942704389243
"a0f9bdb2-fa16-4676-bb1c-d41908908dca",-122.45248126792029,37.722514878851406
"a1052b22-af7f-4539-99b2-f6e20f3793c6",-122.43209193524484,37.795704347060273
"a1060d36-a0fc-4b7d-932c-57784d56e6bb",-122.50216567419953,37.741994542592145
"a109e868-a50c-41c4-bb0f-68f1c3876f08",-122.40584450246655,37.752666612639359
"a113c499-07c3-40c0-b43e-5a3bfd7e52ee",-122.42546194938349,37.777093347442651
"a11501a3-8206-4106-bdab-539ccf464a42",-122.49129720347874,37.7427486858413
"a117012a-19e0-4b1a-b979-1a0f47e0b802",-122.43462014259545,37.7957666660943
"a121ab96-4f54-4a58-bfef-c461387697bf",-122.4307623955833,37.730836061327267
"a12d14e1-6bfd-4bbc-b061-d58ca3c81b1f",-122.40817485370988,37.778445429613967
"a133eebd-2341-4c48-b195-52b28a83e7c9",-122.41295104936616,37.746180497921678
"a13616ad-8bc1-401b-a2b1-95a7dc05712f",-122.43672475339716,37.735935977436583
"a13dc4b0-8d09-460e-924a-906d6798830e",-122.4768194298679,37.782069132702325
"a142695f-4f7a-4c6f-9db1-b9e416d64763",-122.38865613791008,37.756737522775666
"a1486361-7afd-46d1-b060-c375d7af2526",-122.44223165561881,37.712162448605142
"a15ca682-5dfe-4c32-b1ca-836987bca824",-122.40985885503245,37.7978000556226
"a1605e3c-5d70-48d3-b821-1241fc7a6673",-122.43822653068158,37.778862719295219
"a185f5ed-a2d7-4920-ad0d-a25868473e5b",-122.47921555271455,37.739674076762945
"a19d384a-645b-4f9f-98b1-07e81ade5bb9",-122.42262891935002,37.771130599700577
"a19e17ed-ec8a-41fb-bca5-41fd6108e8e5",-122.4476558601081,37.719640750562547
"a1a5bdc2-de58-4554-a0e8-9dbacf1511bc",-122.44045264642843,37.732735972719659
"a1b7c25d-4d7a-445b-988b-e889749b803a",-122.39455527330053,37.784148452522466
"a1bc9c39-459b-4ef4-9c0c-64a997a4d405",-122.43944172211677,37.789597811150642
"a1ca9ace-312f-4018-a5e9-f16adc01bb51",-122.38984735221155,37.759136146428723
"a1d01bf8-413d-47e9-9655-1f611be4e471",-122.42244891794834,37.709138558379621
"a1d530bf-b412-4724-88a4-3337f7bc1060",-122.44149633009596,37.785428270042843
"a1dad339-5d62-4bf7-a9d7-253bd362d739",-122.4372430023321,37.747974958875687
"a1ddb2be-7829-425e-8a8a-019437982462",-122.45017645887219,37.766285034836528
"a1ec93b6-243d-4016-9db8-cd45486e1d50",-122.40325623881927,37.795762203901845
"a1f0e2ae-56b9-482b-9f55-fe93a087db18",-122.40792070070438,37.731449112521688
"a20639fa-7b66-4f65-a355-d95ea595fdb5",-122.45517494061129,37.785837866276175
"a209cab8-c32f-47ec-aa8e-5d1bd43dce97",-122.42546100138031,37.757210617916115
"a2129175-187b-4aef-8f59-c11113662204",-122.3894095362003,37.761081045771689
"a2179f68-a085-4e15-a6f8-25e610d5f1ae",-122.43082946213489,37.74077365036834
"a21801c4-625f-42bb-a507-ad323a59f4b6",-122.43897507356446,37.795316179499132
"a218da9c-1515-49db-9dc2-2d695ab5caef",-122.50603510116827,37.748325921003129
"a228abfb-7441-455a-9b5f-3ddeb8ac02d5",-122.44897060358416,37.774625020908992
"a22e88f8-9ce0-4218-a352-d815460ad950",-122.42560899392603,37.794964475439933
"a22fef95-8d92-4647-bda6-57fd5179736f",-122.46943527292098,37.779720455359453
"a234826e-02d1-4ddf-8822-930a45c95b64",-122.41373252332947,37.80049640147918
"a24008b8-1d81-4e48-80ee-6f388c897ffb",-122.42263731852903,37.750970000636507
"a242fa68-5668-402a-bf64-e46242f2b7cc",-122.47336431820617,37.779306049999128
"a24ab310-7e10-4772-b965-ccc6aaf74ec1",-122.40452728079235,37.797642057233226
"a25ae287-92a0-4190-b30f-62ed1e06395e",-122.43263763329468,37.776512673985522
"a26926ba-dd39-4567-999f-9404571c4b3b",-122.47672597028527,37.760640308072574
"a277ad4f-e96f-4764-ae18-f4a3fd55c546",-122.43122641512073,37.70979745872296
"a28128c6-542c-46fd-9c39-c13888bbe63b",-122.44352760032763,37.804019617484165
"a282ddd6-db11-4060-a161-23232a443865",-122.43921432562635,37.7791157724102
"a297ccb5-af31-4aaa-834f-9f347ecbbc95",-122.43127330440281,37.769995475374323
"a2a7f760-c717-411b-a5f3-3545d4dbe9c9",-122.41152728490385,37.796839863883832
"a2aa9a5a-1b9b-40d8-8236-fd0e7d55642b",-122.45829922938023,37.720658496569861
"a2d31246-8d72-413c-961d-510bb63a6ab9",-122.42617515351479,37.755793614230605
"a2d9cef2-9482-4741-85b2-1bfba4c5c823",-122.45064807422912,37.721434583454091
"a2e35073-5bcc-4a08-b436-e65d9248b659",-122.43952533557145,37.756097776579153
"a2f5048d-049c-4b9b-a57a-1f3948bbc182",-122.48047749738089,37.7423161962684
"a30b14d8-6b7a-4484-af45-b20b788cfafa",-122.47344072901323,37.765005380919227
"a318248c-6519-4c15-9d0a-68cd5fc10370",-122.39357491342905,37.775774813852657
"a3237bbc-03a1-4ce6-a602-912b85061f5c",-122.48163309501903,37.740709119770308
"a32a27b0-ca41-48aa-9b81-ba006c930709",-122.43637489114339,37.7476132132612
"a333bd7b-42e4-4935-bf7c-29fcb3b7d270",-122.42671198740018,37.741585386399457
"a333df49-768d-4036-8b35-a36e03d3cfe6",-122.47911381532302,37.753574468479094
"a33814e9-0efc-4bf5-bb3b-1af66d4395be",-122.41074573801781,37.783693248035277
"a33ab040-b300-46ef-a963-5d2728280906",-122.44100239044478,37.793617122997915
"a33e693b-b9c0-4d28-b8f3-2908648f7b77",-122.41182232445372,37.72873553458065
"a34f76bd-ceb6-4c43-9b5c-c6edc8a897c9",-122.41490856178591,37.752088276179364
"a34f7c4c-b8ec-45a0-84f4-054938813dd8",-122.40760132720452,37.75810349213031
"a35eb7f2-6d9f-4e62-bd71-fb052d3fa51f",-122.43594651546455,37.74598681733621
"a35f0029-4059-454f-9ce6-2d912b2f21cc",-122.4419931776861,37.804789404615704
"a36da5a8-c7c3-4cf7-a602-9ad5dced61d7",-122.44964657362091,37.78261557284592
"a3739d04-7810-48c5-a048-203af3d3c245",-122.41144639052412,37.775127858848265
"a3805632-2be7-4ab5-a59a-d048eb971c05",-122.46390951266041,37.77415750169321
"a3813d9b-3247-42ff-90c6-887ccbf6776a",-122.49339253351438,37.77918422009386
"a38c76d8-df5a-40cd-92e8-a02c9833cb84",-122.44284263522408,37.71775947672419
"a393bde1-bca7-4b2e-9dec-95ecc581dbd3",-122.41330507453522,37.801576785233621
"a3a04c5c-a1ac-4dd7-89fe-a41a46fb30c9",-122.44405083045778,37.782901442454182
"a3a2c6d2-d1f8-461a-adca-64dc330cb3a9",-122.48892649067268,37.74208289340168
"a3ac388e-2c8f-42bf-8d47-068a3efccbfe",-122.49105010128977,37.76462676268283
"a3af2442-c1a6-46e7-8561-7996b1cf8394",-122.48578049490435,37.786986781589974
"a3b9fb23-f211-43c6-943b-d62ac00eb559",-122.41876628125591,37.792011279699047
"a3ba3229-7d9a-4b8e-85eb-91ef539c3b07",-122.45644266585654,37.775927978181315
"a3bd2a51-313e-4a59-bb0f-952444405902",-122.43800564326241,37.754185904939234
"a3bd79cb-15e4-4cc9-a47e-c673ee79e8e5",-122.39426596683099,37.735072426749795
"a3c0f192-b219-4c64-8b9b-9ee279525e5f",-122.43303002178033,37.791448664940489
"a3c2ce45-4861-4f95-93bd-06f87dd624a5",-122.44532192475577,37.792098581475919
"a3cbdc15-8528-4c93-9bba-855478660a5c",-122.45458601498387,37.785405316291161
"a3d4634a-fdb1-4c70-908f-19f565fe1284",-122.40557914956497,37.795866786106977
"a3d605ad-52e2-4714-81c8-46a28e47c0e9",-122.4354923565048,37.755399473369415
"a3d9bfb0-285f-4ca8-bb38-a6aab5b678de",-122.43684245629854,37.744291323767335
"a3df72c8-9392-4322-a1ab-66f55ccfc6a7",-122.43734908980632,37.723180661728634
"a3e02524-5624-49a0-a672-c9c160a24ac5",-122.42196283807404,37.752991786210323
"a3e2038d-6e9c-4b03-acaa-56355851e02d",-122.41295104936616,37.746180497921678
"a3ed741f-1ebd-432a-848d-ff5499df0add",-122.43148087456383,37.773981606689915
"a3ee15d1-650c-4d27-bd62-3510b6a07124",-122.49434240686914,37.777472198069312
"a3fe3bb2-6e8e-4eaa-8dcb-0b97537e61a9",-122.43745749390125,37.781190021505509
"a401f97d-f6bd-4d3d-b341-4eb0921621fe",-122.4408084682737,37.728658225974122
"a41124bb-5468-47f1-ac11-2f3b3c44f1fe",-122.37870003889404,37.734139412143307
"a411c131-98b6-4998-9f95-0a8b8d2f2f21",-122.43412691299669,37.800228367968515
"a41e1c55-9dce-4442-9285-36d5561cbc3f",-122.44938232768348,37.775919121729025
"a42a052c-6222-4906-9e1f-5dce85aee7d5",-122.44240429220535,37.76052465496047
"a42da9e2-3ffc-41d9-8f77-b57c5e3ea715",-122.4053653526995,37.779635376748274
"a43138e3-a818-4f29-98d7-a6888ebe5ddd",-122.43447968679429,37.720395325707869
"a435a903-c1f6-4450-8c82-e1decc4bef4c",-122.41222670521113,37.795838097920679
"a43a64be-11d8-4f0c-bafe-56994e256699",-122.41385237538758,37.7516010736567
"a43af75a-9567-4440-9357-935f61d8e501",-122.50320378651915,37.77368291678021
"a43c2a92-b917-435b-b5e0-a6097a22c2c2",-122.42360853312721,37.761119151569027
"a449adee-b4a4-494a-b791-fbe4306a203e",-122.49166433368306,37.763959651048971
"a4511765-88cc-4673-9fcd-0d3b0df97a08",-122.46532794956988,37.788095713523148
"a467e431-3814-4df9-bdeb-62e8a9a0214e",-122.44115842385949,37.787092376599588
"a4741c22-6ad8-4b18-8846-f3a4f08a08eb",-122.36778089789242,37.734725548052339
"a4759d97-e331-4461-a8c6-bd32c6d3ab63",-122.41731472492327,37.782856334336991
"a4814468-e888-49c4-bacd-bf29f4c22ed2",-122.41601418752869,37.7349340003491
"a4833f09-9c77-4b5e-a1fc-8d3e2c052051",-122.42869981011347,37.756844669386027
"a4959033-de8e-49d0-97f8-37b3d9281039",-122.44027190646729,37.763798782378004
"a4a7489e-313e-4d9c-9fc8-6ab0963dd59f",-122.41058081630246,37.803227430024116
"a4b9b1f5-fec8-4461-8d2b-1b2949a2132f",-122.41934765886143,37.787412776408686
"a4bb7fce-4214-48cc-915f-00c5b1cd0f01",-122.40455462271176,37.770759094959651
"a4c51da3-33d3-4203-b880-424dbcdb999d",-122.40717062566063,37.763727666702678
"a4c92cbf-1a1b-47a1-9338-14484697560e",-122.39809203014846,37.737914954428405
"a4d4f706-1331-4271-aa1d-7e6df3a4b2d3",-122.45843273167816,37.708286749508488
"a4db9a4a-22b3-4343-ab05-3a6042e0d25c",-122.41223112395521,37.757594490197434
"a4e2b118-6543-4395-9383-2dc4dc296158",-122.43484639614289,37.789265503621017
"a4e82f82-37e7-45fe-a0a0-4283754ab18a",-122.3897341179359,37.711076529488977
"a4ed073e-3468-4aad-827a-2e9c7a16b01f",-122.43075947688516,37.797461595693981
"a4edf554-819c-402a-b93e-8dc73223d1f9",-122.4366856272735,37.750805129564128
"a4f0d8d2-c7ca-4e0c-86c5-58add89bc51a",-122.44519912697623,37.777021286667981
"a5056844-55db-4a5e-baf4-540fe7fcb04c",-122.4200049497429,37.743450512490348
"a50a3ce4-5d42-42f0-b234-f1176097344c",-122.46126090497982,37.782153217293526
"a50bed7a-b372-40a5-9074-20cb8d3dd801",-122.41066955829555,37.793255127496828
"a514e312-1f44-48ce-848c-eade4b2153b4",-122.41884993295531,37.748634302131215
"a5201a03-01a9-4e84-a671-953ae772d582",-122.40700173397448,37.765491804468859
"a524fab6-546a-4ab6-9c28-fb2c676dd11c",-122.48122230519645,37.752961198053804
"a52c2a7f-62f6-4abb-8d7d-57fcf03e9758",-122.4344557549433,37.804011545847267
"a53c0a3d-9c8c-468b-99d2-05f82e335bda",-122.42109347076671,37.789125478814888
"a542a5e4-79f2-4dff-87d8-73d132d70657",-122.42133854109176,37.805119516110288
"a5564cd5-b26f-4869-9a34-5c918b0c351a",-122.4240979693531,37.766228060095592
"a5587d62-ca44-43bf-a216-9f6ebc07087a",-122.43303002178033,37.791448664940489
"a5599a42-1546-491c-ab63-aaa70e7caa53",-122.4405732871607,37.786279583615141
"a571a480-5c83-4d0e-8148-4c6ec089434e",-122.42555244777947,37.761206966411336
"a5773513-5e6f-4700-8ef0-8f214c93f15e",-122.43074253197044,37.753993288114174
"a58187d8-2afd-4357-a193-e78d0460f6b1",-122.48936316317807,37.783023173062958
"a585e8c8-94af-483c-aef9-3b9925f6f529",-122.42442625371976,37.788700328634413
"a58f7b71-194f-4a26-b5d9-b37fa32df096",-122.47639279530156,37.760723719465823
"a5905f58-892f-415d-9899-7c75072c6944",-122.42924241534095,37.800148113311785
"a59590ea-23ef-4cd8-a903-37440e54c543",-122.41689343565297,37.798612542735036
"a5a0664c-9a45-46b6-a0cf-5c8e839bd9d4",-122.39486684900116,37.781002366355118
"a5ac3e58-91cb-4e94-a833-2ef12c7300a7",-122.42948586261711,37.7742340873722
"a5b7734e-c435-46cd-95b8-1b000218fdea",-122.45772580745643,37.7243523051481
"a5c15a44-6a32-41a9-86b1-acb7fcaf9d2b",-122.43080540768375,37.765065627658423
"a5c6d0e4-cc7a-4d7c-ba02-a62fa1d034ff",-122.40813550372526,37.719225058781056
"a5c89c53-2041-49e0-a807-d54075f8dab5",-122.39897544836155,37.754361973738028
"a5cd2fe9-c2bc-4cce-a0f3-4852f4cec9f8",-122.41795646603978,37.746911504290836
"a5d1eeef-fdb8-482c-9bdc-36d2eca6202a",-122.46228907764856,37.77692659753945
"a5dfa465-8424-441d-bd28-35cf9d78b554",-122.42372561174004,37.762341332128443
"a5e03e4f-a801-495c-b150-f184c6ea1585",-122.47580421003879,37.784684684752996
"a5f42853-ec88-4cb9-92ed-a0d2818bf9f7",-122.43657831649335,37.789610640890729
"a5f9a776-fd41-4d1e-9ca1-cfdef11c05ff",-122.45871126778842,37.717711762419214
"a6139a12-5cba-4cdc-905d-27128ba9625a",-122.49190119123385,37.782546673841168
"a61ae3c0-0ca6-4d62-aaf3-59f4fe0d7bf2",-122.50726109469321,37.7504889240959
"a6289095-3a4c-4532-b9d4-37b1fa2de48e",-122.43612714393029,37.73352832310578
"a62b5d28-8ece-4f5b-b26d-eeeef06b28b3",-122.39220072142358,37.719726200227448
"a62c7073-e57e-46ca-88cb-fe7fb259b6d8",-122.42670851608722,37.719767098724432
"a639c9b4-97cf-48f2-b294-1fbdc85f84a1",-122.4080783129661,37.716149065702481
"a63cdd0e-db19-42dc-a3cc-01bb916ba6fc",-122.41896352794599,37.803573046973796
"a646c22d-b435-4c83-806f-c18d201cf905",-122.43193437343466,37.791997300682937
"a652b3d6-27fd-421f-be3a-74a424567732",-122.40952815867534,37.751823505560907
"a655c210-140d-4d83-a158-0bab07f7c4a9",-122.42286041647596,37.789738901769553
"a657f257-96ca-475f-abcb-c30e39fd62a4",-122.44228961998014,37.760531768232681
"a65ca2ca-224d-49f1-8a77-c7ddef353e39",-122.41536532799881,37.7831097884506
"a6787768-c50b-4ed1-a501-fdbead2b5239",-122.42192285314103,37.75002930139388
"a686f8db-2cf7-4906-a82a-7757d85b4d92",-122.40393242955609,37.778300300323458
"a68944da-b99d-40d0-ba13-ba6561198a6a",-122.44889288152523,37.763685590420152
"a6910245-8246-4633-87b3-6d483bb9dc91",-122.44414965622389,37.7615784872582
"a69917a9-f5de-4acc-9aa7-22fe63b63c83",-122.48137149906879,37.782473517272187
"a69c2e74-29e2-4c6e-8d67-a63e50df45ee",-122.41575607658723,37.753060725190892
"a69f4bef-e8f2-4173-9343-b1c7174d004d",-122.40557779010975,37.7170857544739
"a6a6a055-06cc-480f-b9cf-d98502c13366",-122.41994331123406,37.760583183742305
"a6b101b3-705f-469e-9dc4-08f2b998f961",-122.44007716500671,37.772004598191209
"a6b7bfbf-fb70-435b-af11-51a844073aa7",-122.41973128924498,37.758153232032036
"a6bb700f-1f9c-497a-9bf1-f791e2014d68",-122.42377755133388,37.744276695893817
"a6bfc265-c374-4c2e-811f-bde69e6020d6",-122.46853553964482,37.714440617780809
"a6c0220a-617d-47cd-a257-3e0fc55c2aa5",-122.45746571491877,37.789230342110343
"a6d0fc2e-b4d1-43b4-a245-c711612e0cc6",-122.45707756418939,37.733097749242468
"a6d320c0-e55b-42cd-84f2-0cfc502ffc56",-122.43898308556773,37.804490338878082
"a6d6d2a5-0b13-4811-850c-384b91fa69d5",-122.46880573738102,37.761332065847562
"a6e1d02e-8ddc-4172-8387-6d2c2911770b",-122.49483971165452,37.763234726245258
"a6eab10e-95f3-4c42-95fe-af49e0293b9e",-122.39435310870093,37.761652498436334
"a6ede436-6ee9-478c-a928-2ed8531d54a4",-122.44853946437392,37.7651189645537
"a6ff0ea7-05f6-436a-a21a-6f7ad583aae7",-122.41989040476054,37.782152511259419
"a70443a1-109a-4a86-b4cc-33c45dee755d",-122.40445712523045,37.799458613066456
"a70ed055-f75b-47ef-8af8-482557bbf665",-122.43694659894859,37.753051635789923
"a71e5c39-e97c-45b5-b0f0-709ae48501c6",-122.42297844825863,37.75551830384709
"a723fe5d-7105-43c9-a066-6653be44f794",-122.3908653448793,37.779117332568312
"a72d65d0-09ff-4af8-9ac0-72d703155fc7",-122.460601051045,37.732097106257946
"a730734a-2d1d-4d11-b555-de10d30b180c",-122.42134974177849,37.7639774972865
"a7333d80-0bc2-4e52-b23a-3a0a0a920d09",-122.4650244443922,37.714398949914383
"a736a96b-1c7b-4c5e-8892-e3dee12fd756",-122.40675141126025,37.790889479045056
"a7415031-fb0b-4a54-9533-bab27d8b80ad",-122.42848913235632,37.788069475589154
"a75fb54b-e7f8-4705-9982-0cb46c94a991",-122.43908595737064,37.756936037917967
"a764a858-a228-41fd-99d4-ccbf9032e324",-122.39252250249906,37.709361608770365
"a76e4297-3cea-4480-988e-8f2ff03a3bac",-122.4312327744383,37.759105948884745
"a7708293-8e88-4d0f-97b7-e3bef8f1658c",-122.38304339716046,37.727762185797971
"a784870c-98dd-416d-b669-6285140fae29",-122.40414367889919,37.726537869914068
"a7892337-99b0-4351-bdec-9de03da7c5b8",-122.48969836368786,37.772777953721658
"a78ebed5-f6fb-4f2b-9bfd-60b15de3732c",-122.4218530599006,37.805269336056419
"a7924103-dfa4-47a0-ae71-02dfe0c5a57e",-122.40934632541118,37.760215791925752
"a7943fc8-d731-4c6d-b250-b5be3fde0c32",-122.403774531514,37.768688113083996
"a7ab9b53-5f88-44fb-b280-ae7d5e5a9a88",-122.41535674977307,37.772397935873933
"a7ac710d-c0a2-47b8-ab7b-241c2e4547c7",-122.48848973373865,37.780704601459689
"a7b8ddd6-45c3-4e56-98a4-651b5a2d2e14",-122.46940549192256,37.779309184235849
"a7bb18f5-a344-4067-a626-21f89b4f3c85",-122.46583325529862,37.764891276635772
"a7c4617e-0f09-4570-9aa3-c6d6355b77a9",-122.41100602907061,37.775184605608139
"a7db63cd-d997-4f4c-90ec-ccda9b390498",-122.46663489054255,37.776488605435333
"a7dd135e-cd5f-4dc7-9adf-1a147def4ca5",-122.42220580587681,37.756433816099339
"a8084851-a10d-4c31-ad77-f06fd364b324",-122.50542459607939,37.760900536902959
"a8095019-4c32-48ca-b845-138cf3581262",-122.42245055274937,37.801167317205973
"a81a9146-1cc7-476f-9e1f-44a0ed11c9ac",-122.42983454828966,37.797329189989668
"a822e659-86b1-4c39-8f65-9dac0688869b",-122.40220789288826,37.710372112609079
"a826d556-d94d-481d-bb9d-7f087e966367",-122.47834285032752,37.77924832233402
"a829158a-8a22-47ba-8aa6-c267def4d2b1",-122.43730629793146,37.737601355751266
"a82921c9-e93f-4a4e-981d-7665d9261808",-122.40715925767267,37.712773702477421
"a832358b-a8b7-455e-8a37-0b1904245cdd",-122.42872126531726,37.747192137073178
"a840b061-02f2-429e-8563-02077969a429",-122.48979310058482,37.783140871417665
"a840d698-ebd9-4ead-b43b-f261f4091bd7",-122.43014079134934,37.76156810340882
"a8528eb8-87d7-460f-b276-220b201d76d0",-122.43063961226996,37.738805559546158
"a87630f9-48a5-49fd-8caf-12545a7826bd",-122.39085251240675,37.720988920899529
"a87b9a7d-2dc2-40b2-baed-587e5ba4a316",-122.4436214670238,37.709086797356328
"a89384d9-ed58-498e-b4c1-f57da363dd2d",-122.4303281306196,37.793459427136881
"a89ac7f6-b064-4db1-9358-d1acead138b6",-122.48613225081654,37.782878366240148
"a8b1926b-1db2-4d05-8d64-e133eb93cda3",-122.41759142601511,37.740371524926
"a8c23a2b-9e39-408f-a31e-3eb717d35d4a",-122.42981702637914,37.744398649536265
"a8c53ecc-bb7b-4dd9-a3d7-a8fdab516ebb",-122.38503447536276,37.72828467160344
"a8c5a8b5-1048-403f-8ded-6b0b7f2f89a2",-122.40849861983828,37.746025274033457
"a8d41b1f-d4cd-45f2-b76f-0610d7f0dbc9",-122.4727615130987,37.727699946637124
"a8d81558-e701-41e4-a41f-bc803a33ff1f",-122.40065761217082,37.718133107502425
"a8d8db01-297d-4e9f-b6d0-7cc11aacc8b8",-122.44166525059779,37.75697356990338
"a8dcba86-2c18-4f2d-9781-adfa48814f3e",-122.39674762188328,37.783715971732988
"a8dd73e0-3127-41e4-9d69-cd96d02a5fc3",-122.42236362300133,37.801889907904339
"a8e46510-a74f-40d3-a38d-958cd581bb89",-122.38826781012021,37.785292277320778
"a8ef0b92-a398-4c63-b9f4-080256ac84f3",-122.44960603496875,37.709970972629527
"a8ef1b15-5fda-4a00-bf10-a4ead7698f7a",-122.43681477537518,37.802184021945614
"a8fa4c76-62bd-4111-9b87-bd6965c017b7",-122.41960716018201,37.787282988160939
"a91c1362-37af-4a2d-88f9-f45703d30371",-122.4463615779015,37.8029105226241
"a920ac23-6a8d-42e8-bf7c-909e0b438c74",-122.40873760321496,37.80301936651545
"a92c25e2-6765-40d3-b218-3bb45e669037",-122.44043165692106,37.755424139380608
"a93c7594-9b5e-490d-a46d-176533a81ba9",-122.48623356692654,37.78239248105718
"a94d01f1-25a4-46a0-867b-3928d96badba",-122.42865083182171,37.774540351613986
"a9566f44-3f3a-456c-9a7c-098fd6d68b14",-122.45596387013478,37.775641942961592
"a962d130-83d9-48ad-86c6-512463ec18b4",-122.45414175725799,37.778980058373222
"a966f41b-0164-4355-a8e4-e4031a9e32d9",-122.42785065949182,37.803318465886484
"a9845c76-0150-4e7c-a42f-c9394579f76c",-122.43094526161123,37.7470628624893
"a9855276-41ef-4bf3-9eba-0f33cbe8b0cf",-122.43625116103912,37.77815555785854
"a9874692-ba1a-4d13-a7d4-1f2e9aa421fd",-122.42227776021946,37.764282282875747
"a98c8e38-f113-4ef8-a365-7067374ad1a4",-122.41882348895585,37.767620953637319
"a98cb809-a5b7-41a8-b066-b6e83ed7ae1b",-122.43869914154774,37.717425820859319
"a995a0d9-c46d-4bd1-aed9-c1dc4ae4ca08",-122.49591897832063,37.778657016701111
"a9a10765-35f2-44e0-8633-5db09c4dae34",-122.43537560933343,37.777612824908914
"a9a3369d-8c09-4578-b7a7-60ec78c49482",-122.43821827662154,37.788834986023261
"a9aefab5-b4a3-4041-b2d8-cf20cfeb269a",-122.41599313264344,37.766540268747718
"a9bf78e0-8cf0-4c09-9311-52c82f4f10bb",-122.42238868781266,37.768622712085651
"a9c3e156-6881-48ea-89ba-a330d190a5cd",-122.50119850122503,37.761977346489907
"a9cbcb06-c2a4-48ee-bbd0-73629c78dd7c",-122.41998421177546,37.7737077614733
"a9e0b143-9634-46d0-9e3c-64d750654da4",-122.46949579371274,37.755763021609248
"a9e0e7c6-8fd0-4f6f-9b4f-3d8015a34e2c",-122.43512393706314,37.773903698876339
"a9e2f9b6-02f6-41a2-9be9-13e410888f5c",-122.46794752710177,37.764421611418257
"a9e3d950-1c53-4e7b-bf47-49dc4afa0e0b",-122.49071898257047,37.741037531713665
"a9e79b1e-77e4-43ae-bd2f-e78e8740cb1e",-122.48194981774414,37.77880971159351
"a9f35d00-85c5-4fbc-8bd2-2e1945b24dee",-122.40288832066977,37.759397644552912
"a9ffb27e-ba72-4fbc-9e1e-270c1af8b69f",-122.41542570643033,37.794973845443927
"aa03bce4-be9a-4577-8bbc-b94273c26f28",-122.478237235245,37.777792208761092
"aa03cedc-acf5-4bc2-a337-5faef596c7a6",-122.43147100827268,37.760700721921964
"aa205ac4-4e80-4cde-9f41-48e9e1398a66",-122.40353372041199,37.799333807515922
"aa2503a4-8eb4-4c8d-baf9-d05553df2dde",-122.39199202849434,37.758225679056032
"aa3671db-3927-450d-8902-4f75d2932d6b",-122.42236502488446,37.80117773980087
"aa437a67-abb1-4b11-8a04-ccf6c3b29ad0",-122.43544184227737,37.755742194707679
"aa50f9ad-b377-4d7a-bab6-416cd29a2eff",-122.46570502614043,37.744384975169716
"aa51c6a8-6f2d-4c10-a463-7887f6b654af",-122.39294071301519,37.779928387170067
"aa587892-9bbb-4496-a8a8-d990eda64857",-122.47439285462323,37.762884283257776
"aa5e8142-819a-4532-b7c3-a8d566f06398",-122.46649319477545,37.778874640586558
"aa5f7c1a-46f9-4345-9dc0-030a41355395",-122.39644889735943,37.757608526812859
"aa662919-aaf2-44f3-95c4-94b7cc598ca2",-122.50225883154934,37.773863772346672
"aa711682-bf65-4945-8266-590867b9771d",-122.46906566877132,37.720586883025767
"aa7c81b8-5c70-4f75-b4cd-43fd55c13e06",-122.4240927947918,37.772819190597239
"aa7e8371-923d-4c61-bf38-74f70767a65a",-122.41785461160461,37.763166079381676
"aa89c23c-2d17-4414-98b1-722addf206c6",-122.40350204294174,37.718582219915675
"aa8ac28c-c98c-4da9-8b7f-4375892ce0e5",-122.42001465334295,37.798214796785217
"aa929bc7-3aeb-4084-938e-7455213cda2e",-122.4358148485598,37.77725503042187
"aa944c44-8383-4dd6-a180-bffcdb7de0fd",-122.45924544482251,37.784052243636694
"aa9b896a-74b1-4d3a-9a2f-d3cef87c8c4c",-122.43585398007772,37.714861195714455
"aaa9d7a0-00be-4ab1-9dab-95bf2443a185",-122.39353231822065,37.753016943451144
"aaac351d-5dd4-4981-b88e-7066ee812e56",-122.42068678033854,37.761156730011841
"aab8a263-6818-4731-bd0e-5593271541f8",-122.39507974523488,37.778061586055408
"aabc36d9-98b0-4ead-a399-41b3a320b29e",-122.39808157295028,37.733743337932566
"aac9963b-089b-4f4f-a64d-366556db2c9c",-122.41450776016491,37.7759055119292
"aacbbbc2-fea3-4772-97a0-30ffd83e86f5",-122.40415148609544,37.752354365496423
"aadd1a3b-0e97-4aee-800a-610d6abdd92c",-122.40810277644634,37.777746285808114
"aae91150-bc41-4e52-b41b-ec9f5b6971b3",-122.50530242197657,37.759174182752552
"aaef626b-c969-4939-bc7a-a99ea1aa8ed7",-122.40065440636684,37.774904326611882
"ab0e2bb6-0b6c-4ffb-ae31-4a933f224e20",-122.50061982534439,37.778503453986211
"ab0e67bf-359a-4f3e-9826-efc2625ed625",-122.39460112209287,37.774650480770227
"ab10aa64-1bed-4415-8a6c-0fda99b4ff68",-122.4703459954508,37.741525071273855
"ab26d2e5-f27e-47cc-9df1-95f4e1b9ef0f",-122.39584577653336,37.780089221734563
"ab2fd41e-427e-431a-a54b-91cad6fa727e",-122.4165414129146,37.7451166636646
"ab33ad00-8433-41fb-8449-2a47637b8d91",-122.39617063207976,37.763971356891254
"ab3b4a61-2463-4eb3-9948-57784278456f",-122.46903002488591,37.758592511368647
"ab3b7aa2-7650-48a2-abc8-49e4a0438636",-122.41400617657804,37.801058442334259
"ab3c1c1b-2c13-478a-ad70-e96beb41c670",-122.4201341802985,37.79203966512074
"ab3ea18a-9576-476e-bb91-48a551c8669f",-122.42291577432816,37.76765018984014
"ab4bae87-6856-4912-b494-b71dac63cf83",-122.4175163368257,37.758363207499947
"ab4e0c16-2b04-47ea-b67b-b115e93eced9",-122.42291671950171,37.772648367034556
"ab51d76e-8421-405b-90af-3f0bbe3ad5a0",-122.39351689732486,37.75285812485059
"ab523507-f3cc-4185-bf07-1c00b906fe00",-122.42527419189381,37.745477482476588
"ab588ae6-e578-4202-ba42-bd301380dca3",-122.43282253599189,37.787607945077241
"ab5f41b9-4c9b-4ac3-9c3c-f97ae04f6d5c",-122.44367997997924,37.752707090656671
"ab67dd92-5c48-4e36-94b5-4a779a57839c",-122.43400677918751,37.745298692954385
"ab6d29f9-db66-4aad-ad68-b45af594f7c7",-122.41091195994281,37.712773698257308
"ab76e0b2-1ebb-4023-89eb-ee38333f62d6",-122.46998512023535,37.762805546934217
"ab775769-f552-434d-af5a-2208e360c9ff",-122.38244512390328,37.727535119641587
"ab7c1bd0-d1e4-4d8d-83e3-1b79645b1276",-122.4525278288819,37.78114645979398
"ab81203b-ef9f-4caf-964a-705a0eb5045a",-122.43931315205631,37.790369437884465
"ab95f6f9-c8e9-4fb6-b729-305aa2f3690a",-122.43722323680014,37.755125398974485
"ab991680-45c5-4c05-9fc0-a1d33a8fac1d",-122.45365698948002,37.7326747108887
"ab9aaa46-cf5f-46a7-80ad-43d04971c414",-122.44234483564077,37.786262803289283
"ab9f3e9a-8a8f-4d48-a285-525f0f69472d",-122.46306195957425,37.765341392519488
"aba0d15a-d9bb-48a6-9d5f-7e9dd66ef134",-122.49517907495449,37.737376669379579
"aba0dbfc-89b4-41a6-a9bd-d43f0af7cfda",-122.43700251593,37.776527107006672
"aba36ee4-b596-43c4-9030-48609d0bf604",-122.38859997347616,37.758013503673943
"aba77ff6-0a9c-463c-914a-abf2503f96db",-122.4443733968096,37.768873444929596
"abaf9a5a-397b-4066-be3b-b500b49a6894",-122.40037041436044,37.7922750616577
"abafe7bf-9214-4251-8e7d-b4d00aed62d4",-122.43925965166287,37.775216456997192
"abbad8d0-c8af-4cf1-bd7d-05bd708ba819",-122.42581211363313,37.75230754578795
"abc50401-aa7a-4650-91a1-e85fd506dd2e",-122.42094952067721,37.797547633533739
"abc81efb-065a-4e3c-951f-51b4e85e0e47",-122.4143498404232,37.7389818984233
"abd22c5b-5721-48aa-a55e-0ef4c8fbb8bd",-122.50094513305419,37.737123512877531
"abd8382d-ea50-4075-8c8d-6f8891bbbb84",-122.44011612423905,37.762726919113021
"abddd750-0de7-4389-bd9f-340dcfd7da2d",-122.43053977220853,37.767722634904317
"abf0dc23-17fe-45eb-97b4-7fc62db71c19",-122.39978434710562,37.757406796964013
"abf4fd13-4805-4aa6-b38b-8b38b8fd8f27",-122.41621228370235,37.794082033963726
"abfa8f82-f647-4ff4-94b0-8582920353eb",-122.45153434520708,37.757043766141237
"ac017e1b-22e6-4026-a23d-f91df30a1198",-122.4870991581375,37.776632100207451
"ac37d74e-0a23-4c9a-9824-ab612f529f08",-122.4811175958081,37.786232606194204
"ac3885a9-cdfb-4ebb-b132-a8a9a77e124b",-122.41137139873774,37.777648696644647
"ac391e62-9533-41c3-b737-58745b9827e1",-122.44598695786146,37.76133067970477
"ac3d51e9-39c5-4d7a-bdaa-415ec2445789",-122.45348891429184,37.7452765299779
"ac46e770-80cd-47e3-85f3-38b7e15b79f8",-122.42079920206321,37.805760183169269
"ac506af8-1917-494b-b4b3-0116015d23d4",-122.43638308901751,37.795687803754724
"ac5eeb56-93ab-43a2-b088-7eb628e9758f",-122.46339294801164,37.776119444482134
"ac65e09e-0766-4f4f-85d0-ea3191cd8c3f",-122.45830830793781,37.712217495699726
"ac85d827-87e8-417c-8cc9-26b5b16e9a3a",-122.42269443643168,37.768197895181416
"ac88f959-f54e-4269-909c-cb5370241d20",-122.43038905349169,37.802891668044836
"ac967466-ffcb-4a9d-8bdb-a34007f73279",-122.43834168352704,37.732003151141093
"ac9a0ec1-3cbc-40c3-b261-2f2b1348046d",-122.40704638640632,37.743614272917732
"ac9e6197-1a59-43eb-b350-f8397388f1fb",-122.43253700769277,37.760948626438676
"ac9fee12-5dcf-4c30-863f-f4487f629171",-122.45112705767477,37.788110079582871
"aca1a5ef-6b52-4afd-b3b6-ee2fe8d6e8a2",-122.39830663701728,37.755801132099378
"aca42da7-7c10-40c4-810b-534b4999d76c",-122.41270861902598,37.781530151899808
"acad0c27-5054-4216-8384-7ed01bc715eb",-122.44447364508503,37.797587215002864
"acaf1aea-6188-4cdc-9d73-5fdde8509e99",-122.40874706426871,37.80192585915421
"acb80e5f-57c8-4c00-8742-4957fcfa360f",-122.46296307634059,37.748695567470321
"acc40a57-99c1-4199-b1cd-6841840893d9",-122.41348242233211,37.782963164090525
"acc78abd-5271-4098-a159-1ca3a86fe9bd",-122.45175614400586,37.729771746027275
"acc7ed45-0f50-4cc6-846e-d428166a814a",-122.40480245818114,37.712811954853592
"acc8c068-2981-41fb-8e06-644d86ac6614",-122.39966021370864,37.759730678144557
"acc982d4-193d-42f6-a96a-65a915638ad3",-122.40179614282054,37.75161437638058
"acd6927b-28ff-45ec-9133-076cdb9e71b7",-122.38842726571873,37.771224746096458
"acd79c71-bebe-4369-8138-4cef95f5866c",-122.44493011227564,37.781036350227133
"acdc5c36-4193-4f47-99ad-28ff05d48ec9",-122.42062711709643,37.7858772792589
"ace27a9c-b0a8-4472-a765-25129775007c",-122.41186383059623,37.774798940988106
"ace4937b-51aa-4efd-bc71-0afd159e3f0e",-122.48971713144658,37.783287822975041
"aceb0153-927f-4a28-a739-e93e4820808e",-122.43277722627424,37.768243276524842
"acecc1e7-1616-4976-95d6-7222861fe086",-122.4066833712845,37.777057458224647
"ad007b1a-8b62-4620-8fea-718302fa3839",-122.42222258967327,37.776117489839038
"ad0d9e62-38b7-427f-a88b-681f51d170c3",-122.41331636004459,37.778975939105116
"ad19ddf7-ec01-4e21-969a-e0dab1fd89ce",-122.45748008032524,37.78547679774092
"ad254177-0ad8-4557-be66-0d51dcbc8950",-122.40800143147781,37.76138357991433
"ad276553-8437-4958-a27d-b2f04a7cfaf7",-122.4040878809684,37.801449610823539
"ad2a2cef-1ca1-4bf3-a8e9-c5d195924651",-122.40853579541518,37.746367239949109
"ad2a6ca1-8f41-42ed-ae67-8d46e31d8cca",-122.42193771354444,37.757257510552321
"ad2b0bf9-c049-49d5-a593-a30276975597",-122.44016877864875,37.79580367922906
"ad2b6d65-fe48-4ac0-9863-3f9a885e797e",-122.43472751945303,37.798668792272011
"ad3133eb-e45a-44bf-b521-fdc8ed5e497a",-122.42984693443044,37.749292112052878
"ad37b614-94d1-43ed-b04f-b15eb16eb3b0",-122.41816151904709,37.740875471166405
"ad3bffcc-0a1b-4b35-82de-fc8901119471",-122.48006680867142,37.742400954093171
"ad3fbc78-bae8-4f3b-b2e2-c445f15b9986",-122.4045552318475,37.761105942642232
"ad465e3c-8e6b-42ae-94a9-270e4641da4b",-122.42338812492744,37.739279597589785
"ad4dc358-10bb-4531-afa0-4d6f76a9f8e0",-122.39243362573519,37.737811470886548
"ad4e88f0-2ee2-4c22-b889-81ca83162349",-122.42550736995605,37.7685408641878
"ad526533-6d4c-4977-9766-1950cca5e42f",-122.38877190173068,37.735130518818643
"ad602e10-16e8-4e4b-8a1f-b9c5c7265428",-122.42626910043126,37.739340063903207
"ad60abdb-4a8f-4bc1-9a10-aa9bfa3920f7",-122.43241435151717,37.786672415081732
"ad841275-e9ae-43c4-a9e2-46199d53b94e",-122.45941049674691,37.758840933249573
"ad8570bc-bc68-4067-b43d-a2a6821f1f3f",-122.41869232356584,37.78464844901405
"ad978072-05a5-43b7-9f2e-6fbb61beb01c",-122.42377065445247,37.766347090565191
"ada5352b-de8e-4301-8356-615300f0f9ad",-122.47116671343908,37.759553337417145
"ada72789-ee5a-4305-83b3-ae3808e46194",-122.45217755865053,37.782548165977516
"ada98793-9ce9-4f08-8d7a-b0f6d3944938",-122.42342649477287,37.782084607432957
"adb50004-0c3f-4e6e-bc93-2a6be1340b26",-122.43673255639234,37.751468852757881
"adb991b3-000b-4f4d-933e-60cc68fd0c05",-122.39352394297279,37.752930689285265
"adc1e58a-5f00-4aa6-b8cb-4af2f1c27a33",-122.42469174846779,37.759501147742661
"adc3ff08-e289-4ad2-934e-989ad17511c4",-122.442998062362,37.788790004505216
"adc5bb0a-3bff-44e4-9b61-2cfd9a84ae80",-122.38837551060448,37.763162288553225
"adce19f7-6f67-4757-a12a-d706d014a9f2",-122.44014612454811,37.7511704114943
"add370b6-fc71-4cdf-9f82-f62221b594eb",-122.49274792322812,37.742755749042054
"add506c9-13f0-4cbe-8043-d2b512cd13e0",-122.4059165579672,37.798674390295488
"addb2834-92b5-488a-982d-9bb119e68dfe",-122.40587771586057,37.790618552774795
"ade90271-37a5-4eb6-a1d3-c61cee0da15f",-122.37537400903173,37.728440530939878
"adea6c47-3732-49f8-9177-98de27118d54",-122.48886286241871,37.739317769482582
"adeda236-5b39-4e9f-baad-578dcc1e1f4b",-122.42152271578705,37.76915570477545
"ae19aeaa-d2b5-4cf2-b992-f0eac9b6b2ee",-122.47419136375818,37.742730518815975
"ae1c3273-cff1-4b20-b244-d0b5ddda89cc",-122.42986906276138,37.75911467715526
"ae26643d-a84a-4018-a387-16d52a5bf872",-122.41649848152606,37.746007379230939
"ae2a82d9-fc9f-457c-b0ae-f44701e9a17f",-122.43522797753401,37.773507991706147
"ae3ae937-24b4-4962-8190-13665035e4a8",-122.43325610698365,37.773287420723335
"ae3b798d-bfe0-4ec5-965c-4e60d85e9094",-122.42873527288981,37.729701224326696
"ae4429d4-add8-4333-b054-407bdd01f89e",-122.41759986712627,37.788558165491864
"ae533b94-9c19-4d74-9aed-0fa412fe250b",-122.39813390636373,37.762320103323354
"ae5e8db5-545a-4e69-a580-bf860ce17961",-122.4265071307366,37.752552063064378
"ae67634e-e76b-4d04-9958-bb1624e57c48",-122.42142380667678,37.805108873313664
"ae6f3b60-009c-4f94-bf0c-ce161efaf2ef",-122.44640832389705,37.796212452779962
"ae783b5c-92c5-47da-a6a7-e38c3c2081fd",-122.50468611858096,37.763832469872334
"ae8008e7-38d0-43c9-9ba4-20237defde92",-122.45651303097451,37.714499318040957
"ae860898-e160-45b3-89d3-6c9ab9dce94c",-122.40131148194331,37.786646809443681
"ae91a220-0009-4861-9c9b-8c4719b1afbe",-122.50622104769812,37.772430454143588
"ae97eb23-5e1c-45f6-b331-cc441bad7a87",-122.41807806730627,37.760969963768453
"aeaf314f-23c6-4bde-b82f-b25358866bae",-122.41195123200146,37.777449292852793
"aeb262f0-d995-4021-aa1b-686fb9429eb1",-122.42444120729718,37.750180335563641
"aeb78a81-c00d-49ab-9908-aa2ba501a710",-122.4259996567172,37.7692881995105
"aeb88cd4-2a98-469d-ae7d-4576b5043dd6",-122.45346005494551,37.775605189155137
"aebf9917-feea-4ade-bce4-05029e0eca4b",-122.49742859193209,37.763601190575905
"aec89039-14ae-4b96-9498-bbd18dafc740",-122.40935629888381,37.804530684805655
"aedb33ac-f2b9-4d76-8d61-44a9968d517e",-122.4084543106987,37.742551340039654
"aedb39f8-6611-4036-96d5-2730820eec5e",-122.4829770160369,37.747339644361091
"aedf9066-f023-40e4-855a-ed8d764666ec",-122.44030167289236,37.727674144417378
"aeea7be2-5ddc-43ca-b583-b0b9603b4265",-122.42122860960589,37.749480772859116
"aeebeafc-ad3b-4387-a001-8074b1ef074d",-122.471206519027,37.720000224342236
"aeff4946-8ade-43a8-b291-83587b78921c",-122.44478112411595,37.777188467239291
"aeff7850-635e-4b1f-82ae-ba8bd66be327",-122.42373631665455,37.709170544581156
"af08631d-97e3-4336-9290-9eb225a26891",-122.41527924588875,37.79138378179934
"af1067a3-1051-4132-bf3b-483be6ea56f3",-122.43059839459097,37.765656555166785
"af11209a-b196-4d06-929e-b466ba220c09",-122.41491313741574,37.728289657466142
"af11fbc8-da6e-4cad-9795-2472fe71ce77",-122.50496999614802,37.775816114323177
"af19d0b3-cafd-46ed-aed5-3320779b52cf",-122.42000766983237,37.767082541908827
"af2390e8-8cbf-4c8a-9489-bfe9112e0b9a",-122.40211303605625,37.761451837374018
"af280ab8-ce99-460a-8d7e-e7ad4e9c94fc",-122.40094176201077,37.727516110996859
"af34acb5-fde2-4a73-9a58-4732e1c70f6c",-122.42384246966047,37.7439587110549
"af3d93ef-0c83-4f9c-a13d-7c0e7ee11cb4",-122.4423184843115,37.761406405467149
"af4a3b31-b8ed-4615-9d7b-218fcf22c9e5",-122.44856720961783,37.769146223510852
"af4a7c39-db07-4d83-a565-2c20c9a74dfe",-122.4152446901153,37.758774370095395
"af50060e-6928-4038-8830-d96444714443",-122.3918283701629,37.732080399786867
"af54c8a4-920c-4340-a993-104cc01c06f9",-122.40456024558219,37.73344504189464
"af56b7b3-f65f-42e1-a127-53345e8d27bb",-122.49291459427766,37.736490015793535
"af5a40c0-1ef6-44be-b618-88e57f249ec2",-122.47823268704802,37.746930083507138
"af65a512-39b6-4f0f-afbe-d52347a90f99",-122.43627949651083,37.76144750534273
"af66cfd9-6e4e-4f97-b7e6-d382516feca9",-122.43063680352608,37.751099666328223
"af6ab08e-ede8-45ca-9c5f-15f6ca5d2029",-122.49564500215557,37.73002950801007
"af6e5932-3ab5-4647-a049-1605ab4cd2cc",-122.38507091587428,37.737757556842368
"af6ee25b-a5d1-4887-8a14-ac77827f89d6",-122.3918511291275,37.78868179309346
"af6f208e-d656-489d-8e01-7bc53542b899",-122.41285895504204,37.778635682617775
"af70cf7d-b74e-4ef6-8d55-ce32ffa9ace7",-122.45674928044728,37.787463383643306
"af7b1a85-ade9-4fc1-b28c-63f89d648348",-122.42722784191847,37.7397632871751
"af8c0e08-b263-4aad-82f9-e8e2b464e53d",-122.46185297728942,37.735738822910022
"af8c134b-70d9-45b1-9110-a12219870c31",-122.41249629431928,37.78882550958987
"af8ebe9a-8def-4354-9f50-0cfc1f3ad383",-122.45991765455375,37.712715647986577
"af93becc-a7a9-44a2-9ffe-319ca97dcf24",-122.4443116159723,37.775702384785852
"af943484-7ec1-4438-970f-eec8ddfb78a5",-122.42351034417696,37.801116451174892
"af9ae16e-45f2-4787-8166-1cbd2040be61",-122.43967191898699,37.751356643803916
"afb79f02-4541-4922-be86-4a13b4031df0",-122.4451493897197,37.783960950795667
"afb9dd94-018f-402e-8b08-0a0e844150ce",-122.43111451141927,37.788367573041526
"afc1e32b-655b-43e1-9b22-20695bab4c29",-122.5055664954627,37.757009516259629
"afc3662c-f587-42db-b393-42409529afab",-122.4394626273553,37.772431109316877
"afdda855-8cd1-4e7a-a26c-c5bdef0fca6f",-122.48597550182603,37.774999511216627
"afea0a98-3cca-4d59-906b-f734831a5abb",-122.44005868964635,37.795258224949265
"aff22f99-c58e-4bbb-9775-84e1e79737b4",-122.46703357788215,37.731969974727065
"aff7b917-c887-45b1-906c-b7d0ae112c01",-122.40374665627934,37.764620245615006
"b007d209-69d7-4987-b2fd-2a5aea6c8c0c",-122.44662015802763,37.796533124561144
"b016b422-74b9-490c-bdc7-f127d9a2b130",-122.41248346082511,37.755904549759542
"b01746d3-1f65-4ebb-b212-eb8aabdc9a7a",-122.41675828137033,37.801496305009358
"b0209f84-f6ee-46d4-ac42-9c29ffb50226",-122.39392419928905,37.760741073469113
"b02884dd-6ce0-4714-92d3-7d1c3cf82374",-122.43059298025717,37.744352052191132
"b02914aa-8025-447e-beba-1de5531941f0",-122.44415513627202,37.787197456963987
"b0424936-f03d-4358-b4fc-9d3f9a1ef0b0",-122.42641448422366,37.7221434078375
"b04711bb-430d-4413-93bd-2b25e77bb9e8",-122.44167276745208,37.723175623696804
"b053491b-2cb5-4775-8397-f3fccd868fda",-122.42379458559471,37.755818261581474
"b05bbf6c-f001-46c1-9b28-0992f75828fb",-122.41606107809307,37.804115731041911
"b0673acf-cfff-49ea-9268-e55b0d1cce9f",-122.40906936857881,37.781711093457389
"b0702ce2-8b2e-448a-8cfa-260a0d92fb48",-122.43197037251402,37.77341652154302
"b0712361-5f45-44f2-a4a9-9b3521bcb69c",-122.39547781309167,37.763215852575065
"b07f3a4c-9240-4117-b8fd-5dbd516284ca",-122.45660639499093,37.709863135064928
"b080675f-ee67-444c-b20c-1a2ea3f5da74",-122.42381015471044,37.746373007141152
"b082c73e-a411-4a83-8ea9-58a0816ecc66",-122.42056815242536,37.775805641167111
"b0862184-66e6-4934-9dce-6158034a67d1",-122.4787738412784,37.773617287771273
"b08a03fc-3dfb-400c-b520-0c071edb8f97",-122.41879557438209,37.768257142753654
"b08c82e4-e7c7-4584-8187-76e3da244736",-122.46831078376974,37.709542597460768
"b096c17d-935d-4d27-b7e3-14049531b81e",-122.43706033436372,37.713160475426555
"b09c69d2-e848-40cd-a359-4512d4eac073",-122.4153287465316,37.714804236938605
"b0af3f9b-16dc-4ea7-b03d-6c96ea86090a",-122.42768149867777,37.755774104403081
"b0b836d5-00d0-4624-becc-a50ee588b777",-122.46227082684418,37.714114031170752
"b0bd406b-ebd7-4b62-b3f1-6e8b5e4673bc",-122.41524915575152,37.775953753389771
"b0cbec42-66c0-45e3-9911-53dd00dd8915",-122.4820318719464,37.764558570918908
"b0d10c12-43ee-435c-b951-9cf79909de3a",-122.43000328281528,37.790795257159239
"b0d1af91-5412-4718-a130-6d4b8408eac2",-122.50281390952318,37.748399926236345
"b0df4412-f23b-4ccc-87ba-32d4d81f5eb0",-122.50371307213527,37.751826812913649
"b0ec2ff3-7a4a-4dc8-889a-a8f8988d3afe",-122.42932050187443,37.723528666449852
"b0f36f1b-feb1-4291-a520-724c0811bd85",-122.44293850864176,37.802738970318131
"b0f4a13c-e528-45f8-acac-108ef117d1a9",-122.43431248093562,37.77075338139592
"b0f725b8-05d8-4543-82a1-2c0a10d88488",-122.41920923570164,37.749670157423566
"b0fb8aad-272e-451d-8a21-2a2aa991cfca",-122.4123867628935,37.794037932645679
"b0fbf4a0-f0ee-4ff5-93ea-acc50bc96d82",-122.50048217122924,37.78092060922318
"b0fcde77-299f-4fb3-8540-91fd7b1506b0",-122.42535195499684,37.749497395835213
"b109728e-6d48-4b5c-b290-f1ce33890887",-122.42654800102251,37.729441075823964
"b10d70a7-52cd-464c-8505-3d499ec129b9",-122.41848573303257,37.777361027140621
"b10f79ce-d2d0-4021-b5e8-1fd5476628e7",-122.44230414608549,37.781916568659717
"b117778f-c396-4bcd-9b51-5f10fea20a51",-122.4187434008205,37.740719716299616
"b11de926-a70d-4c29-b1ac-c20728ca9fd9",-122.42106939009683,37.757879903721388
"b1257dde-0c36-42f9-af73-2bbed1999824",-122.48644386133275,37.787172574232343
"b12efe71-5d91-4d68-a08e-0f517479a14e",-122.4378100476435,37.801164608783957
"b1336470-d8c6-4bac-928d-36cea359093d",-122.48078706623107,37.742440859769317
"b134387f-da62-4784-bbb4-364ddd05d8aa",-122.43227216332394,37.7663260133574
"b14c749e-2cd5-47c2-98aa-1fb152c7c08c",-122.44707602219367,37.757685410719795
"b15264d9-9a12-49ba-8ea8-10d4bcc1580f",-122.43023924167029,37.759161224009375
"b15b9c6b-6bfb-4c8f-a989-f32b8839bfaf",-122.4520640662443,37.772669101360066
"b1623df5-2e97-4c9b-90d2-eaf6154a6822",-122.44500672165032,37.712950694594184
"b16847dc-6b52-4291-927e-7e2e225adb06",-122.46786980238561,37.763309303985579
"b169c87e-ace3-4c07-8225-ba7e2fe8e113",-122.4025030367623,37.759007814913453
"b16ff2ee-3296-4788-ace3-78e345fa42e9",-122.42728231592936,37.802052238792946
"b17884b3-9020-4c1b-b808-002b790a1bce",-122.42407049007153,37.768382603367563
"b1818432-f234-42c3-8170-887a4716f0ef",-122.44974147628976,37.741807526636535
"b185560c-39b2-4fe9-b33d-f0cc3d2012ae",-122.47564999943965,37.745688083368776
"b185dedc-c7bd-4b56-910c-f708d7c16078",-122.41372075616486,37.755651357629965
"b194ec4b-dac4-470a-af99-637c9e799028",-122.46050940842268,37.74258382692102
"b1962896-559a-4d3e-82a1-585d32ff4a28",-122.40939583036064,37.775676608036441
"b1990ed1-9db5-49e0-aeea-6a5c55c6cc1e",-122.41637559792918,37.759970306126235
"b19e01b6-4c87-4ce7-a9eb-ae74fa5bcffe",-122.40723416363231,37.72440213065412
"b1a00ad3-63b8-4959-b728-86ac008aa8cf",-122.43321052240984,37.722708683741708
"b1aa6b06-629b-4b04-aa69-48dfb2621c3a",-122.39862246027575,37.755435398662065
"b1baaac0-9e0e-4524-8c94-bf9f6d404e21",-122.42548995499003,37.80104479015607
"b1bd1b00-df18-4df7-896c-85fc581cdab2",-122.42733286631,37.745491664439378
"b1bf2966-3915-469c-b2fd-f550265105ad",-122.40045914629071,37.75163704422733
"b1bf94d5-234c-4a07-88c1-a6e50326eb23",-122.45206053148632,37.7656274927056
"b1d099b6-5c94-4f83-b29f-0341cf218652",-122.45418680956995,37.745351494321234
"b1d214c2-4468-430f-82ac-04f6d52b727d",-122.42359187188764,37.791248707786544
"b1dbe496-d340-45ff-9ae0-33c6006417c7",-122.39614652017814,37.790722949088583
"b1df313c-20d4-4e61-96c1-2b9cae659d50",-122.41691437335975,37.7950938280163
"b1e872ed-510d-4994-810d-62e5725cb8a2",-122.4416955921705,37.735659680654258
"b1eb62df-1144-41a9-816d-c60fd37d5289",-122.42560966721898,37.743045639194719
"b2035868-ca56-41d4-bc83-9b7a8bf11173",-122.40475635573051,37.773050418703079
"b205de5a-91a2-462a-9abb-e833e3faa2c9",-122.44272183090827,37.793398724397768
"b2094bfd-18b2-4102-9796-0e8cd53944a1",-122.42030201910811,37.766253695015124
"b20d5adb-c4ed-442d-a6b5-194af59b07fb",-122.40055305050163,37.78692388901802
"b211980c-2cc2-4d10-a035-76cb267d37ed",-122.42684992150942,37.747202024438963
"b21a0444-d292-42a1-8c41-72dec9e77344",-122.43653221853735,37.7247432218406
"b21bb846-224c-4e50-99f9-65f45782ffe7",-122.44259815471669,37.776778301002167
"b222d621-d0d1-4c35-b5d5-0184404c3153",-122.47593687666776,37.732941145286709
"b236ce52-59c8-4587-831e-38101a2ccf72",-122.40708475886284,37.77845139524873
"b2470111-c832-4d46-b2fe-5c93cc0ec93b",-122.42831680625024,37.766895790525929
"b2492a95-adf0-4904-a017-f45f2c2375f9",-122.43919110541604,37.710119131057382
"b24a9d11-c8f6-4b52-8be0-7d7aca2cfc6b",-122.50875082375062,37.772117648675412
"b24c6ccf-0681-4697-9621-43301845d68f",-122.41265332587741,37.796906608385974
"b250d572-bd20-44dd-aad5-0ca4a1c7a368",-122.50609391167539,37.741045879443327
"b258fbeb-6684-4dfd-8bc9-5c09271aaeb6",-122.41650518506117,37.801337850550176
"b25a7c0e-acf1-4ab1-b3c8-32211e224b63",-122.40580827203247,37.8001697456117
"b26457ee-9a36-4c18-a1cf-a259bd65421a",-122.41311941753682,37.787788143966189
"b27bb5f3-893b-48a7-b9ca-eca44704e8fb",-122.40691251468601,37.753664864952796
"b27c6439-dc37-44e3-8a72-443174509eda",-122.42040026696222,37.70885918405628
"b28d7219-1f7d-4319-b7c3-dcb8460e96a8",-122.40922531628797,37.732655398349365
"b28dedd5-8787-47c1-b8c4-62d2b41391f7",-122.43318934335768,37.734171448651708
"b2993f8b-9be4-4941-956d-f38e1712b9e9",-122.44352398283542,37.709850494088975
"b2a3a06f-f9ee-4810-a2a9-067b295aa179",-122.39889810755291,37.761059325023439
"b2a3a9b0-5bbc-4b32-8945-d6b44df10591",-122.44660748511086,37.763810722999928
"b2acf2a4-be68-40a4-912f-288aca7e5b8f",-122.41629401106074,37.754214573985777
"b2b33972-d32e-4776-939c-8f9d1f46b886",-122.39707313480832,37.730857844782854
"b2b54d5e-be2f-481b-9ea5-571c835a9fb5",-122.44213498531475,37.798736674941658
"b2b5c710-e0e8-42ea-accc-675e7e6a06fa",-122.41659106727369,37.784915315655084
"b2bab8d5-0dd4-4dbf-bbbf-00902370ac59",-122.43624118530192,37.79613478638872
"b2beab18-6e6e-472f-acef-058544811c0e",-122.41035794585775,37.771874227832583
"b2c0cbda-bcb1-462d-89fc-0487c11b329b",-122.40818537315053,37.763351388127575
"b2d2225b-b4cd-448a-8089-ffa64b165997",-122.4306721673037,37.768198713619825
"b2d70c6f-3c17-41d8-99a1-caa3dcd5253e",-122.40034835649554,37.753172097580396
"b2d93d78-6e2a-4750-8b14-350ff439f140",-122.43401467954936,37.7929916516597
"b2e0dd13-8f1d-4373-9d5e-3ed9c414421e",-122.41602807478024,37.803953044255714
"b2e29b06-b9f1-47f5-89b7-f42d7963acab",-122.42494268199911,37.773858173249714
"b2e694a9-ae6b-45b2-9979-21cac201926b",-122.48228295947297,37.762208294362637
"b2e9367c-640f-4dc7-ba96-1b520cd83410",-122.42061896190553,37.757251696105278
"b2f80fe5-7551-40a3-b9f1-68c9227a76d2",-122.50646247583374,37.777279903235659
"b31b6ce5-740d-47bd-978b-b25625e5714b",-122.41537329094258,37.787501967530105
"b32257de-f711-4dc8-b849-cf98ca67d822",-122.41063558367429,37.778229841591383
"b32a8678-86e6-43cd-a631-93d4b79f876e",-122.45289236171463,37.790587379342256
"b3327977-61a9-4b7e-a1be-014551ca2bd0",-122.44589353616634,37.793549281451938
"b3333a2f-a3c3-4c56-9188-b5c20929799d",-122.44026608726496,37.771260560828054
"b3371586-d0f6-4577-a9ad-034e3090059e",-122.42998722001857,37.746802356362764
"b344d8ab-356a-4aa9-ab18-f878b044fd3e",-122.5075522102197,37.760022537006684
"b34c7cd0-b963-4fea-97c7-d1a2efae5a94",-122.43506861189306,37.715932577425143
"b34e25e4-a64e-4a39-bb47-0dca81eb15e0",-122.50456341175841,37.753318077200532
"b35067ce-c146-4f07-9af4-6a6cb3f550c7",-122.4399906964879,37.715764108541869
"b354539b-7139-48d0-90be-8443a9599ebb",-122.44362287782855,37.784675084618712
"b35c9786-46e5-4e17-9e57-551eec528e82",-122.44474041420443,37.795055034774933
"b3699961-afc9-4ac8-add6-167559bf9aeb",-122.40328256170189,37.763543249723504
"b36d8bf5-8687-49fe-a1ce-ce178ec92d12",-122.45170333437099,37.722517252692256
"b3814c02-c4f8-482e-9e16-61ca49f9a318",-122.41310632400665,37.784920509813674
"b383eaee-c22f-4328-9196-8b2ff9f4b1a5",-122.48625715687831,37.7634758078575
"b3962546-db86-4bdd-aadf-be58b7032857",-122.43352377587919,37.734241698075849
"b3ab8c43-761a-4acd-a17b-6eaaf40bf346",-122.42510767128697,37.744683485760156
"b3b42559-038b-4696-b1db-ef4bf673648a",-122.4487494941651,37.773503693659386
"b3b893ac-7bca-43f6-9a4e-519f000e4e84",-122.44057365848899,37.759794560227249
"b3b9095a-f97b-4f62-9935-5d11e303ed1a",-122.4836205265804,37.7727112175445
"b3c1b4ea-c3a1-4e82-9cec-49fd9fe2c7da",-122.43016771492601,37.747107598796809
"b3c736fb-fb2a-42ad-8f27-9705700d7258",-122.41612886727383,37.802531744472155
"b3d3143e-7ff2-4f9a-a527-620273e5bfbc",-122.42030460900403,37.791663113574835
"b3d52491-92e9-4731-b33b-9d318578f524",-122.4728603350412,37.740916357017561
"b3d5d104-6835-4226-9c9a-c6eae0086759",-122.41529420968739,37.75929193844317
"b3d6a270-184e-4072-a488-2d378533497a",-122.43087187143809,37.7316772427112
"b3d9207d-67db-446b-b9c3-843edbb95e64",-122.45722479809598,37.71238894412862
"b3dbf8a6-1f40-474d-8c41-678508a8c638",-122.44065373837149,37.762867958230252
"b3de21e8-98ef-44bc-99e0-b24c021feba9",-122.44990615409917,37.715926048653515
"b3e177e7-0980-4cdf-b131-b79d03165506",-122.40526882107015,37.78160601467328
"b3e4fa26-8feb-4543-a613-be7ed5afb02e",-122.4512680500921,37.78325369117448
"b3e75b84-709a-4e66-b814-f613995374e5",-122.46345807620085,37.765183862518832
"b4025825-d0df-4e14-a9c5-341418e7dab2",-122.43782140911864,37.769842914827
"b4151b93-bb12-44fa-9442-4085d1f844d4",-122.50240897087876,37.748555398545811
"b41c877e-de58-4c16-8622-5c1c3f9ca876",-122.44700248849279,37.765760119788474
"b4249595-ddcf-4f08-9365-b3c3f468e006",-122.50413576870318,37.741907591852637
"b42ab2a3-1d4e-46b4-8e1c-79c9aa0eb6f4",-122.44368069846927,37.757933186506222
"b42e7c8f-e4f3-4c06-8741-eaeb1f08f3a6",-122.43082977546642,37.720099519528844
"b43545bf-ff75-4a49-b324-b8a216b2dd1c",-122.4743695572778,37.780392000907511
"b4364a15-4c30-4b01-b7ec-068ed7d1bc13",-122.48722513111171,37.783136455563721
"b43c630a-aff7-45c6-b489-73d59823d7fc",-122.43945131841707,37.753785410942555
"b4504e91-8d1a-4513-a887-3807d5a3960b",-122.43285470970348,37.746938539714968
"b45c385e-70c9-4050-8fab-7d5feef49d1f",-122.41678628975187,37.800536109795956
"b46444af-804a-4a7c-8f31-f4d7f9589481",-122.508263753915,37.761393873964742
"b4644541-fb6f-4e42-8f5d-db1dc8e8271a",-122.48263598678528,37.779122441635508
"b4678d13-34fe-419b-b553-aa545ee636cb",-122.42058359243768,37.725103543831068
"b47907a6-52cd-4b45-8441-123dcae529b2",-122.43687556647569,37.765373501127009
"b47af9c6-7d4f-4e3f-933f-755c681700c2",-122.39214757088797,37.719426005815357
"b4975c5e-60cf-4fca-bc78-b990b5787372",-122.44525382613824,37.772032832156341
"b4ac9fc1-abd8-4296-9858-24f0b68f36d4",-122.4502341288098,37.772935437704284
"b4b7629f-04de-420f-a962-5c9c179e01bb",-122.41773101408238,37.798034747165055
"b4c49776-d942-46cd-8feb-c6826ce40304",-122.39467470072088,37.774592366831307
"b4de0e3f-3ff3-41b6-b0a4-3c6bf6a54648",-122.42193213002245,37.741522791698358
"b4df9c57-40cc-47bd-b6a5-8052f5d08632",-122.44678456851412,37.774903018496019
"b4e31e3c-8c10-4af7-be55-2393d07a53b4",-122.43658336009219,37.766068341170893
"b4e3843a-fc4d-4329-91ec-756c1cb0cb4d",-122.41431755469573,37.771454221005463
"b4e52c4b-4024-496c-979c-b63cc6a751ea",-122.43454455953834,37.795392646583046
"b508814c-30d1-4883-a9c3-54dbe4634e37",-122.45563518844661,37.722685284739143
"b52b1bc4-7375-47cd-8fa5-1c778cb4e0c2",-122.44660251436527,37.7124317152221
"b52db33c-c4c1-4177-ab22-6e42f3e48ed5",-122.38922522482225,37.737886127270215
"b538e53f-d9a5-4e31-ba3a-1e22a55fbf8a",-122.42392807364602,37.731812326830685
"b542bebb-7e37-4794-9e0c-10bcb97c1079",-122.41237176439279,37.763545872794332
"b556be6d-c294-410e-b5e5-6f03a56342d5",-122.40331826068356,37.778783795292476
"b55939d9-a828-488a-bfc6-5d9ce045c73d",-122.46198893301062,37.765366105008155
"b55b7a36-a606-4658-96d6-72ecdd73c120",-122.41896438508023,37.776532677901095
"b5614be3-c127-4984-a79f-5dfa0baa1224",-122.39238104570073,37.722058397613743
"b566b081-1dba-4418-9616-7273c3e5eb48",-122.4089818807869,37.779960965837887
"b56822ca-9f5b-498f-8c6f-a7f3187f084d",-122.44087446472111,37.765659570473971
"b56a25a1-3150-4172-b538-53613f80571d",-122.42113104959162,37.800539951097512
"b56bfb49-e23b-42fd-8abb-58a9e13730c9",-122.4137847491493,37.80036537206
"b56ed3a9-575b-4ff5-95b3-fdc878e2db6c",-122.51026289905759,37.774707090283627
"b56f054c-da1d-46e3-8a31-122e04dd18db",-122.46812683244723,37.750973966440561
"b57563ac-fe28-4003-9d82-3b17a1b581f6",-122.50476886040252,37.760946420723833
"b595d472-308c-40be-8190-416e9ffc3786",-122.42456130582251,37.73058466288348
"b598d458-667f-4751-a475-88da4d92f0dd",-122.43644689453765,37.710380496663355
"b5a51ff9-ff7b-4428-bcc2-2788fd42f540",-122.44841180909003,37.713571115313982
"b5abda60-e1b4-4cc2-990f-94c303a8462e",-122.41586944265046,37.784066109684332
"b5acb1d8-10be-4162-9e39-44eabc2d2f43",-122.42824292530619,37.799062400672305
"b5b10464-00b5-4cad-9591-2d86a941e4b7",-122.43146995204646,37.752166334156904
"b5c16e49-dfec-411f-a392-aa5aad711d18",-122.44980981670759,37.78336142556158
"b5c31a09-774d-4251-bda8-97a2ae68b693",-122.41249267803637,37.774932417947021
"b5e35edf-166a-4a0c-9b24-16b2eeca5845",-122.44793299416534,37.747050935214212
"b5e5a505-a249-483f-9527-9721df22a470",-122.40146927790504,37.75835754404693
"b5effa77-9e33-4216-837f-618c77c286fd",-122.42037145925569,37.760762177074312
"b602a3a7-8dae-4624-baf5-052107f09a43",-122.48089278010363,37.778981431733733
"b6180a08-492b-4b85-8b90-8b8148596bb8",-122.44316955476012,37.760300885659071
"b61ed90e-c3bc-4a6f-ab90-7b3112512aca",-122.40859781676929,37.752385626108847
"b621f1af-306c-404f-be84-2de016661c33",-122.40073259448036,37.728342990839394
"b62945df-3a02-4476-8893-86b2f0573a74",-122.46436987872643,37.759243758336218
"b62dfd07-ad5c-41b2-9bc5-ec1a6b466416",-122.41338057880903,37.793715496414293
"b6343898-0edf-4b3b-98d0-45961ff14291",-122.43746184534892,37.72049950670052
"b636d21c-91e2-4ff7-bc1e-5ee2442b9c38",-122.42884876062666,37.75009053918545
"b64c26d1-5a79-4b7f-8d29-592bb4a5453f",-122.42277145081121,37.769364071673053
"b654e371-5355-4b55-9055-2a86ae571f97",-122.44578898178466,37.786502567021593
"b65a61e4-70f7-4a85-ad45-2799e678c78f",-122.49899801946387,37.76248718838994
"b65c50e7-08d2-4e81-aa99-220e58307cb2",-122.42652408885235,37.748133232197965
"b6677c72-4dd5-4b07-9d55-c3e9bbf83833",-122.4185296640741,37.796041582030142
"b66d4737-63b1-44a2-afe3-d2964ef00584",-122.46697441030217,37.712887131133222
"b67214bd-e4fe-49c2-a15e-582580841f43",-122.42401018984619,37.758521687282709
"b67d9eba-88c4-492f-b601-cc2cb04f6ed0",-122.43490582226562,37.74972462303699
"b67e4e16-84aa-4aa6-a909-fb80d254947b",-122.39152805278202,37.7367800614582
"b67f4b54-5c56-4425-864e-127bcf79d5d9",-122.49497401564305,37.774720071584177
"b68fd4e5-8afb-4d62-88a0-5964ba2cdf31",-122.39953131396463,37.758386111972719
"b696f05e-c8d6-42ae-91cf-761ac197f87d",-122.50361876281285,37.736389210891595
"b6975636-6c67-4699-ae49-ea973d72f5dd",-122.48731797995136,37.778689916904256
"b6975962-f5b0-4e3c-b070-1d57c06fe8c2",-122.44694333363684,37.730862571881374
"b699974a-bd0b-4fbd-9ac8-0b7f39045624",-122.45488004950752,37.782241682000546
"b6e012df-1089-4406-a528-9a14b1c561a3",-122.41748191661564,37.759090992139555
"b6ed06bc-7cce-4104-8521-b525ab92a35e",-122.4625160576032,37.763477311195871
"b6eec212-0b56-43bf-aa87-e0edcbe9f130",-122.44004664966485,37.803663378418264
"b6f51bde-56e1-494b-820d-2d9e3b91cc2a",-122.442081979334,37.756909464151015
"b6f93b6c-bd12-48cf-816a-076d4eb09786",-122.40980642236215,37.783814205845815
"b714954e-2a93-4dce-a559-e47c8a01c4d1",-122.42347456223878,37.738848301994246
"b7156bb7-b1e0-47b0-b034-c9b179622fee",-122.45778976815386,37.712220685072516
"b71bac51-2e25-44a6-beea-09f2e47c31b0",-122.43609112486301,37.753353271746377
"b71d2453-0dc4-484f-82a4-3ce64f1f2cb1",-122.50878257098509,37.772552901143634
"b71ef713-142d-4d20-a17b-278d8b874ef2",-122.41653501126044,37.74958245505649
"b7236e1d-e508-44f8-8fe3-3f8011e7d46d",-122.42453061557408,37.753308452533993
"b729f612-ca10-4524-ad62-623caea07add",-122.49826808946614,37.772386677663334
"b72e2de7-c463-48a0-a298-41a37b900268",-122.43075343868456,37.73335178625581
"b7390b96-a936-4f96-9c04-461c09d4c2b8",-122.44416306846192,37.756541808550494
"b73d255c-d06b-4622-b4f2-e424067b99ff",-122.44251274255963,37.776789158627679
"b7410617-1610-496b-825c-0284d9cc09cb",-122.42942887338413,37.737423857909555
"b7517d42-bf9b-4a46-8426-fc5222ac70b1",-122.47834645427467,37.772951436510233
"b7545d50-ffbd-45eb-959c-7b7b8e9f1f17",-122.46851426238392,37.720739747672916
"b75889dc-3ba6-458e-9bf4-5d08e2cbcc01",-122.46041732087976,37.765465299111817
"b76a1126-21f8-43ab-b341-9078dccef7c8",-122.46028009008512,37.778889283840634
"b7700a0d-a6e1-4265-8a5e-927c0c948868",-122.44416306846192,37.756541808550494
"b7754132-af00-419c-8ed4-874448ad6c12",-122.4083384054863,37.775390984141254
"b77c2134-a98d-4679-bc4a-17e48fe415d1",-122.39759763018013,37.738579461009
"b781f9fd-9c20-4cca-a73a-8fb37d4327de",-122.44310716127042,37.795796045680589
"b78fac00-403d-41b0-9e5c-7593968e016e",-122.42722784191847,37.7397632871751
"b7953097-448d-49b8-b70c-374d60366172",-122.42381015471044,37.746373007141152
"b7a1956a-0336-475f-835c-8d7501367589",-122.40605307812565,37.801384173321132
"b7aac3f5-95a1-48aa-81cc-14d0c0992ddb",-122.43330676008269,37.77015897429532
"b7b0c4f2-7437-4506-be86-3ee5ee715d37",-122.40365455713709,37.80139942114495
"b7b28147-1fb9-4049-89bc-63c84c1a45b5",-122.42169316491372,37.754703828363141
"b7c4eb99-1158-46b3-bd80-349b06b00190",-122.419834649845,37.7917223509377
"b7c65e4a-b63e-4d78-aacc-552c80e73b89",-122.40758334590532,37.790889072429785
"b7db07da-5002-423b-bf36-f2d0a201fba7",-122.41226295474726,37.773798497280666
"b7f459b2-cb89-4d28-a22e-8df4cd2d2d89",-122.47268642358215,37.754193331109853
"b7f5d6c4-ecf2-4331-ace9-bc5cd1190413",-122.40744915565146,37.7556134587361
"b7f8e99b-1ecc-4f06-8888-0c0a2aa5b0cc",-122.49962993169153,37.771980579687714
"b7f9808c-e05c-4966-afeb-debec7e124f2",-122.4849000893354,37.744075413789076
"b7f9adb7-2e12-4eaa-bbd8-74be94a3f880",-122.43523812011387,37.788066264796939
"b8030639-79c6-4e5b-b737-917805980a0a",-122.46149607056796,37.787676928780648
"b806c0a5-48ca-4b61-846c-a3f2a9c2d9e1",-122.42925655308821,37.753743981404817
"b80999a0-b09d-4b40-bc21-69c6ce3dab14",-122.4209993777513,37.7571487384536
"b8173f3d-b9d4-47fb-a002-2d917a44488b",-122.42623224641409,37.765259147253978
"b81a8f20-e843-4093-8bc4-97c1234299a5",-122.42983302620621,37.745206080735187
"b81ac3df-bfc3-4ca1-a72c-e43d89b78b03",-122.45018108797086,37.770002063270319
"b8274615-c5f6-4f43-a638-8ece9f9416e1",-122.42296506549899,37.779226308295
"b82a60e8-304c-43c3-9b2f-9ded3fe81744",-122.41293211461898,37.741077048036644
"b83394f8-23b7-44aa-86b2-4ca0e5a35816",-122.45567987513965,37.785463307932481
"b833a760-c0a8-471b-9938-e301c26644f3",-122.42897479681447,37.7552228239248
"b835a6d6-09fb-44a9-9364-d6162464dd33",-122.39314642086862,37.736664717345079
"b845b3f2-92ce-4bc1-ab12-8829e9347b90",-122.43159559912934,37.763797695068483
"b84cb7de-c798-4a0e-8b99-18c5f14216b7",-122.45271484681003,37.710664171304145
"b8502db9-7676-4a56-bba3-431056362973",-122.44961251011253,37.773865422349878
"b87c765f-fd44-4026-a065-13e88a1180df",-122.41902891786691,37.748692290312789
"b880f80a-7cc7-4b27-a03c-9d819a28d577",-122.4359430878916,37.774879879667616
"b898df0e-f348-4756-bd4c-cbeb581ab5b5",-122.42260383673529,37.790645539515943
"b8a7214b-9667-423e-92d8-cacfd48e0de5",-122.42744337994478,37.80241418645231
"b8aa2194-ecdc-4fd6-b9c3-e134121cce68",-122.4201148205223,37.739826868014951
"b8af5063-35df-4f97-ac2b-cd448307844c",-122.43119759899714,37.796200425196183
"b8b8c5a4-e42b-45de-a300-b1c5885655ba",-122.46020587927333,37.715325146898628
"b8bb5e6e-b020-4158-891c-303e8e0ab2e9",-122.47955917583513,37.781188908751332
"b8bf32cc-5b0e-40c3-bfed-ae1b8b159701",-122.39268660012671,37.734514874959508
"b8bfb7aa-b140-45fc-947f-ff6e2bebc6d4",-122.39033666045546,37.738119597688438
"b8c0358a-e32c-4e56-b42a-9e04766469b1",-122.47148167195408,37.722589623519234
"b8c13e24-9568-4586-80ea-ac9b9df88225",-122.44124805322072,37.76203081655575
"b8c1f199-555a-493a-8ed9-f500e8cee145",-122.50833198484915,37.772077679447243
"b8c817d6-f05e-437d-865a-09bb237ded4a",-122.43914458605295,37.759724462024707
"b8ca77f3-bd42-4924-85a4-e75ec16a7aa2",-122.40780099149413,37.7498743135639
"b8d7d8bb-8951-4e87-af25-3bb2100d5279",-122.46528956782905,37.725771255549944
"b8e604cb-1ca5-45a0-9bf4-37f17acdfcc9",-122.41224702394925,37.752248643366478
"b8e8d6e1-57c7-4df8-8006-a12e3696c602",-122.4282765067682,37.767380230257288
"b8f26d69-0ae2-4a5e-93be-42d6e68dc9ea",-122.43708677020874,37.7793529922905
"b8fbf907-1f56-4d41-a78e-04f3cf927124",-122.41911431938784,37.777280846368726
"b9059906-2552-406b-8cad-c8f3888469b8",-122.44713415143652,37.772946611711767
"b90aa32a-c553-47c9-93d8-e5d4b7466966",-122.3995657673119,37.734420818553836
"b90c4b68-195c-400c-8f6c-b718bd421697",-122.40416343534982,37.778868134445659
"b90e5034-bb92-4faa-98d1-8a1b4c77da9d",-122.40276285326068,37.761699025354396
"b9132478-1978-46a4-8120-5a572c33e945",-122.43159555209354,37.780087627635851
"b91ce7d7-839a-4d2a-b5de-5252253fa42e",-122.49451785295315,37.775953529539
"b91ebb40-d45a-4f56-b36d-15dedde2ef2f",-122.50084394300279,37.743430341584912
"b91ee8e6-0758-4ed8-a010-63ff1d878f4f",-122.39295505233305,37.752606806656054
"b93375cd-3355-46fd-bbec-0008b2a88d09",-122.39025425335846,37.72857621900225
"b936832d-84e0-4495-8f74-9b8c0851f4a5",-122.41426570572527,37.714515210263166
"b9405f3f-8699-4650-b09f-7aa46e11bc67",-122.44015880909991,37.775882619571917
"b94993b3-5826-4669-90d1-b89980f21c12",-122.43316203149202,37.735735655830524
"b94df7c2-3f24-4ca2-bfe3-3e90bfbe1936",-122.50475655723146,37.772887770220791
"b94f34a2-3e0e-45bb-9f14-1dfb44669da5",-122.42073141653603,37.762683283300404
"b94f8a4e-123a-41ce-9d4d-009f86526204",-122.47464326140633,37.780103671674553
"b95ec998-f11c-4f63-960d-50d6f3b26f20",-122.43788599730931,37.766535009773733
"b95f1f7a-ffdf-46ac-b1e2-ec044592fe93",-122.41297311329977,37.740597528396343
"b9625c77-3ed0-41a5-81c4-e7b2df56877a",-122.41274277224898,37.805298377489962
"b963bb55-9539-4d8c-bfd0-7d055f888db0",-122.41853971709548,37.746317628150976
"b97f7bb9-fd37-4fde-8d22-2e0fc6706334",-122.42983454828966,37.797329189989668
"b98a7f77-01eb-4e5a-a6a6-287087c82b29",-122.48658863018446,37.78045754343249
"b993509b-581e-424a-ab75-9a7d550744b3",-122.44667894409214,37.770901451523137
"b99f57bc-5352-4fef-8fae-fb4e8f2d07fd",-122.44209775228629,37.753602662312332
"b9b4da66-78fb-445a-b644-dde78bb3572a",-122.44567626235975,37.777915768686015
"b9b9b4c2-a9a3-45e5-8c35-dfc7a881f728",-122.43914164749982,37.766524007916345
"b9c453b9-f2fb-4ea7-9ee4-6e9db303eec8",-122.39250402787596,37.737851323002339
"b9d2932c-fb6a-44fa-94a0-d91ce0ee6adc",-122.45416322535003,37.780782919051831
"b9dc5d5c-b114-46c6-959c-68443bf022ff",-122.43590999767069,37.759790221276688
"b9e8f7ed-4a0b-4100-bf6c-dddbb0af0b92",-122.45046233949094,37.781337942480356
"b9f4e818-a990-409b-bcd1-fcf652850627",-122.47743575247181,37.746396317866882
"b9f9f9cc-7755-42c2-8eda-bffc62824c94",-122.41738923713119,37.80179782522567
"b9fa2275-fc2a-4dc4-beef-f7162388a1ec",-122.48399195952577,37.776032340818652
"ba0785cd-622e-43b6-aaab-dcccd9f49b80",-122.46610525105997,37.77814349267755
"ba0a0696-dc1d-468e-ae0f-80285c7c7459",-122.41932716891677,37.750902212151615
"ba149f86-2e67-4882-97db-625ac5bf718c",-122.41249629431928,37.78882550958987
"ba1936ac-1043-4551-bcdd-e542a53982f1",-122.41494408276208,37.787798757124257
"ba1ff56d-3231-4fa7-9463-7be3d414e5e9",-122.44367476543655,37.761124268187366
"ba2940fa-5c0e-4218-8640-53b9588f695b",-122.41607068225605,37.751880523140194
"ba2b6728-c0a5-43ea-9fa3-c583d71de15f",-122.44258180641562,37.779067674641887
"ba3027e7-f519-4727-96e8-eaf3585e3997",-122.4197934000109,37.772682043510791
"ba33bb73-c2e3-4317-9035-f4504784d6d9",-122.44806765710912,37.7112810504942
"ba4730a3-acee-4ef1-9d89-16c65157dfcd",-122.43149082171669,37.735723948284196
"ba4f7f7f-dc15-4e71-9c2b-f6fcdb9573e9",-122.419258117032,37.794487232689562
"ba536615-6a80-478c-85b8-4998e73d7c95",-122.46157148999274,37.7582351807697
"ba63c27d-49a3-46e5-b451-eedd53fbbc83",-122.46130856042124,37.74469658032141
"ba6a3006-1d7b-4e2a-8b5d-09f1cc784fb3",-122.42162356651012,37.790577504404588
"ba6b5256-6549-489b-a0f1-3fd46116e36c",-122.4200044520242,37.775877374180084
"ba6da4f6-6b1c-4f88-8989-46a6274f741b",-122.40622566198442,37.753717749898641
"ba74c461-f216-4fb6-b89c-3256d64702e7",-122.43684245629854,37.744291323767335
"ba9eab44-02a9-4c01-ad31-2a5cec95b58d",-122.44023655837844,37.752933767243761
"baac8b79-6a3b-4772-b4b1-aadfd07f0098",-122.3956336888165,37.776728366833453
"bab6cd1a-d29b-4c66-b8ce-42e0f283a6c2",-122.4148811787242,37.789480300800193
"babe6e3f-3393-4451-b2fb-5ad90a84fb8f",-122.47331425738246,37.743044065012391
"bac2ad9d-10a5-4f38-8d1a-93858add9421",-122.42807205205118,37.799084128213174
"bac2ffbf-b9ec-4932-88fb-4878097d4175",-122.43259604330495,37.756298676978567
"bacc54b4-73f7-4cbc-ab9d-46e0a401dcfd",-122.41946122536079,37.748872608111959
"bad9c39b-24eb-4569-b19c-a79c394fcf48",-122.42582521724756,37.776615839515813
"bae1ae1b-e153-43f2-af25-436dff423424",-122.4386391104232,37.792403994630341
"bae7f370-5856-4c91-834f-8b68c8938edd",-122.42271006946346,37.7822245355834
"baf8581b-af8a-4458-9406-8b934b1f795a",-122.50080954833834,37.755237199368409
"baf8a2fe-135f-4959-bd40-0441e422db62",-122.39046058786585,37.738586346052458
"bb0cf399-6d03-4ed7-ad4a-c7ec4ad6bdf7",-122.43082510356911,37.765271009643186
"bb0d65cd-9200-466f-a88a-61cef2a33cae",-122.43972248656877,37.790387207034563
"bb11f7a6-6cce-4dcc-af94-d5cb831ee58f",-122.40730457251748,37.803153852054471
"bb138b5c-9d9c-49b1-8712-da2639cd3b81",-122.50050309978475,37.75141889348658
"bb17a1b0-dbd0-4db2-80eb-1723616ae9ab",-122.4152973574091,37.795219280336937
"bb1dcd67-ba9e-4815-9928-05da58226091",-122.41202726857348,37.788426897911791
"bb20986d-197c-4469-b514-56efa0ff4e43",-122.44075371016373,37.761451542562341
"bb229787-aa2f-4010-a00c-744326b1fa96",-122.4270799822462,37.743584526805591
"bb2e0ce0-5aec-4f09-bc00-7b0f8f24640d",-122.42332032346486,37.799688218149676
"bb2e4df8-391c-4b78-b5c7-066cb6e76eaa",-122.41100500790594,37.758742559403551
"bb4952f0-b24e-43fa-85f8-eb1f3c1e0330",-122.42035636662513,37.770670095255362
"bb51b964-9db6-4862-9d19-159cd7c9644e",-122.41108427643589,37.771891416292242
"bb546392-f291-4726-8cc5-82ad3d08c614",-122.40203530282714,37.728138177394541
"bb591021-e50e-4c8a-b119-f5a009d5b19f",-122.42090636642925,37.756177361702164
"bb5e3cf9-6ea0-4fc4-8a12-855d7f188efa",-122.46289503298392,37.775002201436983
"bb7321fb-95c0-4c16-8795-068b6eb02a8d",-122.44075167324786,37.751223419139279
"bb7ed64b-da1b-448f-a211-679cdf57f47a",-122.44658340905738,37.764470070684354
"bb80cf89-419c-4b9a-bbac-ae140c39fb2b",-122.45656989942586,37.787486239675182
"bbb5ab7e-4836-40f8-88df-5b299972063a",-122.42032934479856,37.758467306540396
"bbba9054-915d-40b8-b01c-abc739506bb3",-122.40057100912297,37.759149506494389
"bbc361cd-6bf9-481b-bf4c-48129d05b632",-122.46794324932752,37.779650413869433
"bbc7335e-8af9-4f1d-9659-e9501d774a51",-122.41933848612712,37.794340697496779
"bbd837ee-e260-4c1f-a10e-eaa6e0cff8ea",-122.41941542554508,37.794467801452015
"bbdbf4a2-d6eb-48ad-91c5-c4cd4a35ee85",-122.43263918303285,37.755105237032318
"bbeb0581-ec73-4442-9edd-6e63fb9fbee9",-122.44754357499544,37.769068136109375
"bbf22ada-3f11-43b7-b30f-a008da36257c",-122.44162558862035,37.765568545693213
"bc001650-7db2-4775-b444-65dcc1686357",-122.45723775513422,37.782142621559366
"bc0d268a-4113-4dc2-be2d-c84ec282462e",-122.43160479413646,37.753941311838169
"bc0fec8b-c9de-4eef-967f-0a77a4161bf0",-122.43659324831609,37.749851173896253
"bc19da56-d0a7-4ba6-a73e-dbf6214bbf34",-122.4394037360975,37.74494125458957
"bc304005-1677-460b-8af6-e00cc268a233",-122.39175837072105,37.778411419263463
"bc365d50-aafd-431e-a48f-5246b329026b",-122.41986235880083,37.743670230420406
"bc38cc26-4768-441d-bcdf-e2cc0b9323e6",-122.49991993027415,37.762171389824907
"bc40bdd3-161f-4af8-8d39-eae1004c5bb6",-122.42412458262018,37.757926431649146
"bc480dbc-788e-4b53-a907-a59be0989db6",-122.4273317129424,37.765703545758818
"bc4d3a63-ebe4-4966-ad99-036faa8d11b3",-122.39580019367632,37.761246348718238
"bc58b325-0596-48a9-8b24-df09bf4b11df",-122.39426596522165,37.764843220435125
"bc6c966f-5f4d-4c79-8a13-fa94d34618fe",-122.42410471828684,37.788908245178185
"bc6c9c0e-067a-4a77-892c-14b4850b6a38",-122.4510412942205,37.788671295171284
"bc6debf5-d4a2-4f86-bffc-2f7fd464e06b",-122.43440288618623,37.798445856056816
"bc7c134f-1e10-44b3-8042-e7e9c0dbad0a",-122.4674653835833,37.782216448448914
"bc7c860d-f68f-4ee7-b012-18668ad0eea3",-122.45541695076449,37.761078898672388
"bc7d58d1-e144-4eb6-bb2c-da250d611454",-122.44281828139636,37.7621125467336
"bc84ebf3-1706-47c8-a7e4-72378e3cddbf",-122.41677585686811,37.768102679307916
"bc85b8ea-d0a5-40c2-84ac-e1cf387bd715",-122.38827110768503,37.729176438563059
"bc8a75b9-f815-4d5b-9045-f8335476a58c",-122.45621955790995,37.784065652967712
"bc939689-5716-40ec-88e1-9c861a9bdff2",-122.49282738001132,37.78050783759884
"bc9e13f0-809c-4cea-a14e-a0879c312a95",-122.4615546571887,37.786224060059922
"bc9f6c09-8589-4340-b416-18bb2d9d3579",-122.43724583268124,37.769838940994134
"bca3893f-b667-4aec-9c17-6bcdeb4e73cf",-122.42213157469737,37.750216637182625
"bcaa2ae0-1c5f-4925-913e-f29129f0153b",-122.46450879470737,37.777320376845367
"bcc19b09-5433-4d04-8eaa-a3527e65feae",-122.42548311168754,37.727165885644908
"bcc75426-1300-4868-8b0e-b06078432fa4",-122.450641527724,37.786886813002134
"bcd0b7f8-18f2-4232-a905-a6f08f7b19e5",-122.4887236352761,37.743274566669669
"bcdcd3b8-29c0-4f4e-a737-8f29cfc3029c",-122.38754652941334,37.732885348956358
"bce491a4-28a6-440a-9000-649fb4aaf6d2",-122.41441178420034,37.746499877970912
"bcef262b-f972-4ccb-9c18-30a925e46c2f",-122.44456238207417,37.769015482965294
"bcfd30fb-d7c9-41dc-8632-69d267e80e58",-122.38817947848486,37.737630781108685
"bd04b335-b778-438b-a2e6-3ab73b484c2b",-122.41405738504592,37.726216827566418
"bd051b7e-2af4-4876-b3e5-21bb2e2ea8f7",-122.41661921710408,37.790579369974104
"bd05aaeb-e3e4-4582-8558-978c18f8677b",-122.44001036634177,37.786658535738439
"bd0644ae-e2f5-4735-b55f-cefcdc2b8b49",-122.43427132432664,37.745248710094828
"bd093ba1-f040-4cd8-af4a-7f1cae3e376b",-122.46830283302907,37.741020972262987
"bd135cd9-e775-4549-847e-5a6b14fb0aad",-122.44067393598036,37.761478010157475
"bd1f231f-7b3c-47c7-a698-ce10250cbfaa",-122.39638896302037,37.778061360353917
"bd227799-8339-44d4-aa15-0504421c438f",-122.44552701840423,37.7789357942241
"bd308c5b-d685-4cc0-90c0-0796f8096e03",-122.41234245762337,37.795525933301512
"bd3927f7-b7a6-455b-8983-27899763ca4d",-122.46035226494736,37.723869228125217
"bd3d8e7c-37df-4d42-99af-573f77abb5ac",-122.48457671316628,37.787969170730321
"bd44d846-3e5a-4f33-95b3-2b046c94c19e",-122.41512619079495,37.736118451583032
"bd45638d-b9a0-4cb0-ac7f-e94755e83794",-122.39817234663256,37.722263214157316
"bd4f8dba-c853-4d0f-9079-341f9d08739a",-122.3971398678419,37.738320113068141
"bd5032af-6cba-4ef9-9aff-09e3da815786",-122.41492653309314,37.796121591712321
"bd5a32e8-46bb-4f47-9ee0-e925fe8092b7",-122.38919801310898,37.728148904740536
"bd5d92f1-d334-49c6-a307-309d05fda18f",-122.44168783065834,37.713554777603449
"bd66113d-ff05-4f96-8c5e-98b554ac2503",-122.45602344120995,37.725100340201323
"bd6977fb-5dae-4f8d-86dd-23694e56c33a",-122.41262677574204,37.779523395844244
"bd6b1545-e6c1-4d77-89e8-0e17b6d21b29",-122.40721099122122,37.746365515958708
"bd78647b-f219-4c00-92e7-00f0be9bb72d",-122.43175033398418,37.719417309045546
"bd7ebc08-4784-467a-9829-d245fffd9425",-122.44123130283282,37.774298993004741
"bd7fccd7-b417-4db8-afcc-28f38843c2ab",-122.46472239233543,37.753273111632083
"bd8bad87-b981-436b-9a2c-a2fe0459a7df",-122.4471337136538,37.794873097057241
"bd8f4d33-31cd-407e-832c-b8dc39b842bb",-122.42657455154252,37.728696685183124
"bd987ee9-a7b7-4db9-87f9-024754321da6",-122.39792484079381,37.778000530928338
"bda00ca6-6c80-4c64-95a1-a6a506b1818e",-122.43492446865486,37.755773342277571
"bda71f36-3019-472c-add0-66ca4573e450",-122.46051441207128,37.739538177566423
"bda7535c-96f0-4879-b460-17e9ce39f883",-122.44397483381243,37.766543008596791
"bdc19da7-ddac-4025-9ec9-a34947c445e2",-122.44272335788067,37.724144895136781
"bde0285f-84fb-4e99-981a-18fdd05c1ba2",-122.46330353601465,37.76061307602783
"bde4a533-59b2-47a0-a451-39b40b8010a9",-122.44085805880087,37.787513080079236
"bdf8860e-f652-4f47-b1cc-c1700258753b",-122.48644386133275,37.787172574232343
"bdfe9b56-8871-47e2-b65a-6806820fea98",-122.40080304314964,37.751409849859115
"be009637-8a49-44e9-b4be-142dd8b60ff1",-122.40157612303295,37.762183859153517
"be049a29-4b7c-410f-aa7d-eea7862cedf4",-122.41074838190129,37.756007304667712
"be0e4c2b-369a-4ca3-888b-7e598bc4759b",-122.41131058546209,37.803212821094171
"be17276d-5db5-4a22-abf1-3ee07a03535a",-122.41637559792918,37.759970306126235
"be1a2a75-2e5f-465a-a69f-1d46cdf6918a",-122.4398908713345,37.722674780758418
"be25d1bd-3efe-4aea-8d99-5d57822ac98a",-122.42265335984757,37.790890300579051
"be29b123-d86e-43bd-8633-333038ebfd22",-122.42581586734951,37.777740120490989
"be35c13b-d6ea-40bc-a1aa-998abe5588b4",-122.41254710781789,37.734002808627132
"be3ef398-64fb-467b-8c93-8f609361e7c5",-122.39749740491798,37.757478565235253
"be4e7feb-f646-4708-ae2c-aab53c923a59",-122.43344932770503,37.792160400158508
"be4ecbed-6c22-42ae-bba8-8c25943a844e",-122.45232849694672,37.71879114669192
"be526dc1-c68a-498a-bc2e-4fd50e088d80",-122.46852113817471,37.729142605294918
"be5940e5-e05b-4fde-8973-3b630160a06e",-122.49383137592953,37.779499484074528
"be7dc43c-048e-4edb-9503-2d2195df323c",-122.42408782759193,37.767937418132838
"be81376c-4a03-4b31-ac3c-be74de1c4343",-122.42713238293474,37.786961127433223
"be8706c2-9b19-413c-890e-7f8e26593835",-122.43229077599666,37.748588125087849
"be9aebee-c58a-45f0-a353-598eb3ab521a",-122.40358627834858,37.800592696747529
"be9d3cdf-2b8c-45c9-b726-e74b949604c3",-122.44021108398393,37.799836008110567
"be9f979a-621c-42df-bb5f-df3ba188a982",-122.41915638101983,37.70851061740585
"beb20e67-71c0-49d1-9928-9555820d2fed",-122.43151104717631,37.769610416012512
"bebcedf0-822f-47a3-aa5d-9cc0ae65d340",-122.4091714994568,37.743819435066236
"bebdc57a-4873-4bc7-8fe5-f28d6597b255",-122.39446794674431,37.786351481164864
"bebde97a-c722-4b26-9851-fdf5a85e28f4",-122.50738800986019,37.762611273606346
"bec03ceb-998e-43cd-9110-44a08c60db01",-122.50797452988989,37.750283206322521
"bed8badb-643a-4e0a-9ebd-66bc764657b4",-122.43155018549727,37.741708414433553
"bed9541d-9f74-42bd-86cd-526bd3e57cf1",-122.4130865221737,37.748126662343296
"bedf08b2-8720-4629-8c08-eed7ff741cc3",-122.44460951174621,37.7692509899837
"beff63ec-6913-4dbc-97be-6b042301c5c1",-122.44027137323577,37.780894029911643
"bf002fdd-5713-4f86-8a09-af08fb0e3c44",-122.49125468718053,37.744623135665115
"bf10d367-935b-4784-b39b-c8c152c8985b",-122.403808159816,37.764361751422925
"bf22f302-afbd-4059-a673-1a3407421a22",-122.42271051309774,37.764453705604986
"bf241c2a-a4a6-4e3c-89e9-47a221f841b3",-122.41745803807579,37.757210356037319
"bf2897b2-c531-4bd7-ba69-81662750cbbd",-122.41253693179308,37.7295189813214
"bf303a85-f346-4034-9163-a90953b692e1",-122.45443665655378,37.762295449426233
"bf31cdaa-15ce-4118-90d2-353488c48ce5",-122.43612273711111,37.721741396528159
"bf39348d-91a1-4889-8efb-ac6f6bd39373",-122.50790235366649,37.749736281779427
"bf3d67b0-d03a-4dbb-96a9-7e33bdc5bc45",-122.44735949043411,37.747774358032643
"bf4044f4-b9ea-43d4-a896-8a55d1df5626",-122.50408948483749,37.772769738028749
"bf40708a-d2ad-4be0-a040-930d2d3e275a",-122.39108436445956,37.752727969460743
"bf429b99-9054-4f5b-8d57-7609f309b584",-122.3980895094018,37.711996162645349
"bf572925-d843-4b2c-b9d2-b6a354e063ae",-122.4816510485403,37.753148573828447
"bf62353b-04ff-4be5-afe7-584fe6fce95e",-122.42030460900403,37.791663113574835
"bf654836-d251-4e4d-8964-86acad8042c3",-122.44505144064057,37.804954853730017
"bf6e7fe4-a17d-4858-be9e-2726151b2f96",-122.41809746223242,37.805364187930728
"bf72231d-df68-4241-8691-6e98aa7576d5",-122.4635924127892,37.713355275766759
"bf9049c4-cd89-437e-ae38-ff3acfbf0b67",-122.42529821883575,37.742259770470326
"bfb6cccc-737e-41d3-bb3b-6e09a1f1cf87",-122.3981527261281,37.787784758091433
"bfc0090e-f7d8-4d9a-8d3f-30fd77aa8a56",-122.43092352872551,37.789158919969118
"bfc42b27-e729-4480-b6f1-acb508fa7be3",-122.46926254493937,37.783110440931452
"bfd6872a-fa13-4947-8d5d-de7dadb2c731",-122.48838330859149,37.778586531273348
"bfe2e827-8dc9-47f8-a3db-17001244eb1e",-122.4380112875629,37.787491406876825
"bfe3dc20-1503-48fd-8e45-813121b195a7",-122.49458247560835,37.780772030605256
"bfe4cc2e-d6a5-4fec-a758-d3ea17b5da7b",-122.40789296842107,37.760268149802535
"bfed409a-7335-4991-85c1-14156046d529",-122.40213951529859,37.772669345258024
"bffc435c-43e8-4f24-9243-53b24434fed8",-122.43933316264749,37.748785609037057
"c0016120-0261-490c-ac5e-62bd61d5dbea",-122.44586179331343,37.778892973804439
"c003197f-386c-48ac-82b1-2a1a08b85608",-122.39356473508514,37.763871749963073
"c00c0442-92cf-4402-9df3-96f634572187",-122.46050668612921,37.727050146131653
"c00e4417-f08a-40af-b8df-7b4a5c640fbd",-122.47138809415911,37.782737384859246
"c0119048-e290-4bb7-8da6-cf9c7ca278a8",-122.42389627153798,37.782024768191633
"c0191915-50e9-4e57-b419-a38fc4404178",-122.39795443848358,37.73105607628414
"c022dbe4-00b2-4fa0-9efc-04ce63df3e3d",-122.46088649937469,37.7429222035752
"c026db4e-233b-438a-91f3-905f2cbcf99e",-122.47429210078431,37.763301265945266
"c02c05aa-972c-4f29-b4ee-35c994125b26",-122.39441094041237,37.765846157659283
"c02c355b-d3bd-4dd6-9ae7-ccc7b58aa78d",-122.40792070070438,37.731449112521688
"c036f401-ac3e-47b1-8207-5e5af4177167",-122.47980892741555,37.750103851649214
"c049ad12-7fcc-470c-8498-55e8b406ba5a",-122.44210619423619,37.74985440583508
"c04e865b-3b59-4e3d-bce9-fe95e9cebf2e",-122.41446874034069,37.742114546242519
"c04fa3b9-9a69-487e-883f-25c8be24918e",-122.41650518506117,37.801337850550176
"c050766e-aa78-47fe-a014-865e8e018f99",-122.48104849369732,37.781121151575064
"c05665f4-d33f-44a6-8465-52daec9d076f",-122.3980525123258,37.722019655080324
"c05859df-a3ef-4d22-b317-d789afc36de8",-122.45254240151337,37.763781593526382
"c05d52f7-96e1-47b0-a28d-351425a635f6",-122.46029708031816,37.777925727077346
"c05f3389-eb69-48ef-90dc-663f2a2d4b52",-122.43713077404925,37.757186015063368
"c077ff8a-de85-461f-89cf-17ab8ae23fe8",-122.42135832378807,37.754494558352327
"c0789e57-c142-44d7-83fe-90980d2c8c8c",-122.47490704097542,37.754835003360725
"c0984177-925a-4367-b6d2-e41a10d4be32",-122.41510849891633,37.8027736210711
"c0a7455c-3a03-48f6-a28a-dbd1cf04578f",-122.42453304718343,37.790590458621232
"c0abf055-8db6-43bc-b9cf-d2a1c4bc48d3",-122.43420208797838,37.742521490396641
"c0bfc5ae-a387-4c79-bfb9-1e381597e4ad",-122.50715036656398,37.756736846305593
"c0c0a774-520e-4320-9dd5-10312d26266c",-122.45001618795965,37.771015424904256
"c0c5b33c-3c7e-4a2d-ae03-39e5ce4cb6b0",-122.43777904240432,37.761218665557784
"c0dbc796-af2a-4cc7-b71f-6e6c483cc17e",-122.43046100494104,37.748383227063655
"c101e165-53f8-4e77-86da-582c49f69bfb",-122.43013180030975,37.79977893790624
"c108a7c3-f17c-40b7-a3a0-06b72c8d51b5",-122.39639963580542,37.720302494592055
"c10e621f-235a-4b50-bbd5-faad70a47a4c",-122.49998008361496,37.744581959713884
"c10e73bf-ed32-47d2-bf9a-8765b8ce2984",-122.44410506528321,37.77456576051511
"c114e416-5230-4eeb-86b9-75d87cada0fa",-122.46696566823543,37.759748922252221
"c1192b3b-0ab5-4392-ae59-db286adf2c8f",-122.41020832378658,37.803450095364973
"c11c021f-8606-4f06-a622-d05f50ff9157",-122.419270326285,37.805244209536994
"c12822cb-7a7b-4bb7-8d77-979f0feddd32",-122.40592299288602,37.747056861816382
"c12bacc9-ba63-4016-a2b2-89f84e5d9c95",-122.44049608534525,37.777779072164194
"c138a9a0-4e8f-4a27-8a86-8bc4e17dfff6",-122.45163278012639,37.774536738185688
"c13f5963-663b-4e2a-b1f5-37a0cf7fb7f4",-122.43189089762589,37.744586601980544
"c1429f1e-3ff9-4e2e-80e9-b2fa6081c6cc",-122.43956323182363,37.763768253511707
"c14320e4-4674-479e-a8b5-9827078fffa7",-122.42160174979144,37.744740837902086
"c1449107-74c6-40db-abde-1bd3be764a1a",-122.41472886409804,37.781272297457683
"c149599a-9146-4185-922b-70c98e65fbfe",-122.49996401609089,37.78094458165738
"c14c8a4a-fb3a-49f1-b1d6-b33a0035a69a",-122.4759772362077,37.7454150392928
"c15aa536-c4eb-420d-8c29-0fec2278b7f5",-122.41738336764442,37.7589674926287
"c16a28f7-8a8e-42f4-8c5e-d7d13be9c6fe",-122.45473123847603,37.74625916108463
"c1753d98-3a41-48a2-9768-e3e1c6a0f44a",-122.42559787999423,37.758639169428022
"c17b8ebc-cb8e-4267-80ab-91471d56a9e9",-122.49119095505277,37.738740180990717
"c17d2451-b954-4e44-93c4-62744413bc64",-122.43786649538093,37.759401181697775
"c17d8f30-f37b-420f-81fb-30b1f78ce4a1",-122.46623020111002,37.756453192234169
"c1892155-ef85-43a1-a987-1168f6e4505a",-122.41441893737372,37.75114002486724
"c18edcf7-f45b-434c-9ac4-416aaf01b39f",-122.43578445370989,37.758468924682866
"c1a55c45-e2d8-426e-887c-cc84d65fbf0d",-122.39053095876837,37.738626233182885
"c1ba08ba-093d-4a79-b3db-8a44029197e8",-122.3958385532811,37.727549024827539
"c1c2a263-0686-40da-8d56-7c2e92a719b0",-122.48756921510335,37.750326873794066
"c1c340f6-0b48-4f23-bf41-a1b5648d584b",-122.39769707528701,37.786827713893665
"c1c9ecf2-0b7c-4eb0-8138-81e9ce28fed8",-122.44838411145454,37.775184544827553
"c1cfb220-9d02-424d-bb18-4759b694de35",-122.40553936948317,37.760382680725186
"c1d779fd-d9e4-4502-93b3-1d0424b7b670",-122.45289546981901,37.735232260784045
"c1eb9c19-7365-407f-b34a-a11cb175e9f2",-122.43874556062684,37.752781303593657
"c1ee50df-a32c-497c-a08f-4347556952cb",-122.41411038081546,37.797434439043919
"c1f61967-8041-4161-92ae-2dd7617f5530",-122.41822026621284,37.768088067852851
"c20b4374-9dbe-4038-a3b2-60a83746fd71",-122.44715331263998,37.71613860874286
"c210f04e-4d83-4f58-9f63-47e6eb7e4347",-122.40331200595712,37.801610226022667
"c21b2cc8-a4af-462c-8696-d8b4796bb764",-122.39756949042552,37.736127431886686
"c21c9f41-5da1-4fd0-a433-6fd8775a2d20",-122.39664572636158,37.758742413145676
"c21f8d6a-ac52-4354-a8e3-359e442d950f",-122.40200635175374,37.77031855278112
"c22e9975-fdd1-4c4c-8b70-25cb447ced00",-122.48875078958226,37.747153409742687
"c234bd60-01b0-4173-be93-d59acf90a8c6",-122.48345825791726,37.784681167221336
"c24def4b-2ef5-47a7-b66e-61993f2b1e7d",-122.42032887411206,37.757574686286731
"c251b544-40e6-4963-8245-ba5bd8b84f82",-122.42059517562021,37.727558382883927
"c2640a17-4546-476c-92c7-721cfe9a12b9",-122.42949882978284,37.723293376935878
"c2791296-2445-4617-9d45-408176dba6d2",-122.39535876098891,37.790630023310449
"c286fa10-f5d2-4ab4-bc64-b7fd68bef666",-122.40912489137948,37.737731990042256
"c29c916d-2530-4d1f-98bd-adfb7918de24",-122.42162356651012,37.790577504404588
"c29e58f2-2a68-4b87-8ce1-288ec8baf35f",-122.41834909347777,37.752777852511954
"c2b70a6f-ffb7-49cf-ac41-2d68c8c4905e",-122.44545068843868,37.733019377677046
"c2b952d9-4b93-4747-8bbe-9bcc5e0d76d7",-122.43294093663029,37.746933442060161
"c2c0866f-54a2-45c7-9cc4-433e6ce9f548",-122.40815307104401,37.800219040035358
"c2dd9a6a-20a8-40e2-98b8-be13d4410788",-122.49433706092962,37.757301032324996
"c2e2e703-3e25-412d-bb39-6843ba6a96df",-122.46596998279827,37.722017886272205
"c2e9276b-5785-4b3c-b87a-8c65124f52e2",-122.40676922720078,37.800058099402079
"c2f7a39e-5c68-4ffc-8504-5c1f8853fb84",-122.41405069294012,37.729768478582677
"c2f8ce27-f216-416d-899d-94aff9f08185",-122.40569720639772,37.711867059927
"c2f962cb-218e-4f1a-876c-10793dc674f5",-122.39836498228267,37.756417321690876
"c2fd171c-a8cc-4357-9c72-e6ef850cf674",-122.39667120474637,37.78264102656297
"c2fd65af-712d-4dfa-b9a7-8032be794643",-122.44192863254432,37.7600436068809
"c302ab75-4ed0-490d-815a-12ee926c149e",-122.41140031409373,37.772532881525571
"c30918ef-1832-4a56-b061-e259b06a74e9",-122.41322008880873,37.790647419002553
"c30a3e8e-7dea-4302-9889-275a4529eb28",-122.41265959784653,37.799149859071782
"c31df125-238d-436b-ad1c-1d85313b7edf",-122.46393430364127,37.774500229693707
"c3251681-67c5-4615-92f9-fa645b61e9b7",-122.43045611297627,37.772743415193091
"c3265920-bfa3-4eef-811b-bcbd65fdbdda",-122.50282377655856,37.742240559479065
"c32d8324-7e62-40bf-a0a0-a209407fdbbf",-122.4858705767471,37.761061962331162
"c347e1d3-8339-4d4f-9a63-96bab318cf62",-122.41831848681515,37.758588769176249
"c3535161-5bcd-481f-a39d-875df899f440",-122.45071725296056,37.769894502175283
"c354b091-abca-4000-a032-bee88c57bc83",-122.41908491429099,37.746075416161645
"c35530c2-eadf-469b-bb67-6a848c6b7799",-122.41016480554319,37.741417286684552
"c3684ba6-e234-427f-8fe7-b7adc84ec147",-122.43522949723928,37.748409853294355
"c37d9888-14e1-4d75-94b4-dd9ca80fa20f",-122.43041863637794,37.745498330304194
"c386b454-433a-4496-9702-1a5b2b319a0b",-122.4199597034802,37.751084177852249
"c38d7daf-7b84-4724-9d89-e301e3f2e262",-122.43912550816833,37.752195425268582
"c396eae3-b6f1-4e90-a788-75b7cd4e4891",-122.50578387269454,37.736416472216781
"c39715a9-c1ce-482d-9813-2f1b44b695f3",-122.44571538873365,37.767816372723921
"c3b189eb-082f-4710-a49c-2b26ced37565",-122.41348902517515,37.800479981748907
"c3b1e247-e8f4-49b9-97c5-e0e675c74096",-122.4027328795644,37.757782337789784
"c3be2a51-b94a-4c41-830d-4c4737a30b6e",-122.45810336496859,37.7110226727925
"c3be4f7d-5c4f-4cbc-908e-2f715af37c95",-122.38791541798177,37.729919692221
"c3c62713-8f37-46b1-934a-3ebe75e3f60c",-122.42247952033256,37.724409009036862
"c3e42065-2935-461d-b423-69cc5c850fde",-122.48982421592353,37.787455653564805
"c3e8273b-73cb-439d-bd25-54acc8272354",-122.39418440090475,37.75330144505778
"c3e9babc-9acd-4ea5-ab15-f14c01776cc4",-122.4359485089273,37.760195531969643
"c3ea4e3f-6107-4479-aad0-01ad262ae8cb",-122.4372276049788,37.718835678507467
"c3f4fbb8-7769-4811-aa41-ce08b83dee38",-122.49917883837891,37.747242255871129
"c3fab455-cae4-4a1f-9a5b-2d0a1650c6a3",-122.43592669751494,37.764628403822861
"c4048044-e622-4ef9-8a1d-aa1cfc455f70",-122.42861890191655,37.794606756369618
"c411c8f1-d905-41b0-803c-1c06a0746b03",-122.44499939286393,37.758058250163849
"c412d0ce-d703-4434-a7fc-ef50f661aa51",-122.493276307604,37.756309122820355
"c4169074-c8fe-48b3-baca-bf3ca75c0f49",-122.37931454288707,37.72753597596077
"c41b68f8-4f55-4346-9744-27df2ef18152",-122.43876097256795,37.77534936764286
"c41e807b-fec1-4060-8868-168afdb1b1dc",-122.47707958352318,37.764639041094945
"c41ec6cb-4625-4a4b-ba46-e5dd0a543db6",-122.41511866519811,37.76972352027974
"c426b0ac-a23e-440f-b679-e654184e9612",-122.40367185676961,37.779254738859507
"c426be08-a447-4f93-88c6-876e863988d3",-122.39205873658052,37.786598942501747
"c438ed57-3f66-4224-8602-f370209191f9",-122.44438413139019,37.775208233740649
"c451078f-0d80-45fa-930c-71877158d838",-122.41868223920115,37.734697500558546
"c4513f27-c2ba-447a-927d-ba0dcf311d3e",-122.42194736275196,37.767047675526058
"c45b041c-428b-4b2c-b19d-955c79d1dca8",-122.43875124697962,37.767643847764688
"c45cdf99-d714-4c75-aa3d-9061211f68ed",-122.41129726125524,37.799567642393555
"c467317d-228f-468e-a79f-63815ce35da6",-122.45004400229062,37.782417537131636
"c46f8a6f-5f0d-40c4-aaea-d8fffd6fbe63",-122.4395622772668,37.7771641820396
"c47ceaba-c0f3-48cd-be3e-84886f4e4d0a",-122.42698133398976,37.801135296896582
"c4871ca3-4e2a-4998-bdc2-2945c3d90fe5",-122.44890743157906,37.769172377889042
"c488f568-7a2b-4a34-bf7a-d90b4fd6eca8",-122.47629737738646,37.75940764845609
"c48b4952-8276-4367-b3bd-f2937c0ccb90",-122.46397871243803,37.784243028983006
"c48e9360-921c-425a-8ef8-22571d094b46",-122.46120586847195,37.775600443395987
"c4954188-b6ba-4d0a-ba1a-9c3f9ffb0fec",-122.40203589209924,37.769950187695024
"c4962da5-80fe-4007-a946-506309aa717e",-122.43980059299584,37.797018541883716
"c499d64a-9c06-4ea2-9daf-fb8ee37f7fad",-122.39588696828663,37.735401984167169
"c49db5b4-b380-4d5a-a743-ba7836d72477",-122.41211978971417,37.80454788387437
"c4a65369-0dea-4b49-bbd7-eb6b910f2323",-122.4125754328098,37.749288465979014
"c4a783ec-1d4d-4ad4-9cf9-497c4e863c50",-122.44687884375882,37.767246626019549
"c4b163e9-e948-4e35-ae24-5e131ea88956",-122.40751744724153,37.750538603813652
"c4c5e9ae-7dc3-4667-89d6-364f1e99b1c1",-122.41076921618676,37.798428181177357
"c4ca0742-33d5-460b-9d12-a14916897725",-122.41832474373277,37.741954544750072
"c4ca3713-12b0-4517-a754-c870e180a73d",-122.43971898244153,37.799793906661058
"c4cb768a-3d39-4961-a4ec-e78b48d1d8c5",-122.41096907042052,37.79419815939292
"c4d33807-da54-44a9-b597-4633d75c7bab",-122.5019742818302,37.775114723420565
"c4d49976-8c57-4d02-9947-dae61d12fc34",-122.44317844896177,37.783777613706192
"c4d877fd-76f1-4e93-970b-2d58d7cf18f2",-122.40834333946036,37.772384140922604
"c4da3083-49e7-496e-a94e-40ec095948b6",-122.49392611494071,37.780801824030853
"c4e20b2c-a018-4d44-a806-b987d7dc2274",-122.46725068634154,37.775875782484917
"c4e94a06-99a1-43f0-9ac2-bf8ffef17001",-122.43734736078997,37.77648797447371
"c4efcb52-1236-4aeb-aef0-b6e2bf793c39",-122.42871743115847,37.797548841566879
"c508298f-1b70-40a0-990a-8fb39009ccb6",-122.42272727384551,37.796894871522937
"c5194789-1b65-4b2a-a5b0-af9725428d4c",-122.4418673817581,37.752029606248612
"c51d6104-cfc9-4865-b908-a6517cd8342a",-122.47799761936237,37.762453208922729
"c52b9288-b5b2-40bb-991a-7938759abfcf",-122.43792663891146,37.746432048105916
"c52c3eea-6caf-4278-b0a0-3b1982203292",-122.40810559578075,37.79719576968462
"c538bf4b-2e38-4ed4-992d-3ca60895f5a2",-122.43241199564059,37.771482148704358
"c53943cd-9e2f-4d9b-a65e-059195b57613",-122.42528993994614,37.796082606557754
"c54c5aea-c393-4a06-b3f8-f4aff1e19184",-122.43110855756167,37.740755483470991
"c5567c4e-b080-4fb4-be6b-7b40a1760c1c",-122.4511181803483,37.7825074098226
"c5641c4a-9ce9-4240-a82f-6ae25e02eeb5",-122.49997526033005,37.744513407775734
"c5652968-8404-464b-b610-ff1e2864ccb9",-122.42735910893988,37.7943852130947
"c5680825-0278-49a7-9bb8-cefbe89a42a1",-122.41446868847351,37.774864957785987
"c56bb07b-9327-4fbe-84f4-9fa4e226759f",-122.48522272592922,37.778247432450883
"c56d70ec-3a29-4faf-8c4c-b28632f6e9c9",-122.48345328168118,37.784612622379029
"c56d838b-43ba-4094-bb51-4bdace07afca",-122.43038810306338,37.799746295757949
"c573d713-14eb-497c-8715-f282741659c4",-122.467720557089,37.761173406400609
"c5793a46-f4d5-4216-ab05-8fc900e81de8",-122.41273797190418,37.774105197180994
"c57d28c2-4fcd-465d-abfb-1356b6b6719c",-122.42355934682075,37.760605693645246
"c57efed9-3e4a-4b7b-b345-6eab5e2a1369",-122.47876752716951,37.764978005435623
"c580cb13-0085-41f3-8736-1bd139283b90",-122.40343871823848,37.788374305198943
"c591a95e-73ad-4e85-9eb6-a3188415a7d9",-122.404882575404,37.760011722407022
"c5a70fe3-5498-4a86-bb67-4290e542f2ca",-122.46056002775629,37.729895359273264
"c5adc311-d1e4-4073-9d8c-bc7676948702",-122.421281814464,37.774323654077534
"c5c64276-9d80-43ee-a642-c3b08478f4af",-122.41703149518935,37.806504552468809
"c5cf6b69-6c35-423a-ab25-f722a51045f4",-122.44271485643945,37.765553211174158
"c5d4b8c2-b97b-4934-ae9a-95c6bcc501a8",-122.40150988859594,37.759915863244366
"c5daadc9-c47e-4e5e-8da8-d2491bb1cffe",-122.421281814464,37.774323654077534
"c5e02581-c507-4fcd-b685-e9aadfeeac25",-122.442999113898,37.748454599908733
"c5f161f6-85de-4403-bb38-5cb7e03c4c95",-122.50584270401474,37.776395260287011
"c5f6cbed-427d-4048-b090-db4b87195b26",-122.43147686528586,37.7563661459882
"c5f76b97-a03d-431f-b308-3f254ee22e60",-122.4198862689743,37.729208135938741
"c5f828d3-369c-4498-9e5f-a06539de1d68",-122.41035110382973,37.715545867228343
"c5f850de-da78-4686-b0e3-24cfb2c8bef4",-122.42482070842448,37.750567818544383
"c5ffb130-3163-44c2-b28d-bf841a1893ea",-122.3879140725325,37.762870615599546
"c6000eea-2e94-4ddf-99ed-13ebb205f799",-122.39772427930224,37.71832271222965
"c607552a-607f-4974-ba1c-acc0189f7635",-122.42210921836815,37.749343254693947
"c613d358-2df9-41fb-a14e-83797917d3d0",-122.44154384170174,37.77844111036049
"c61a5b69-630d-4763-bf9a-b7e32d18ef92",-122.45722897819896,37.735840811108567
"c61c21b0-a3ee-4801-a70d-1dc345d72c3b",-122.43386035179427,37.7437038389595
"c61f7ae3-2f5d-4b60-bdd7-c4e05736f92e",-122.48684972259561,37.786913664583757
"c624465e-55db-4115-a323-c9d23c0f7a5e",-122.41579421306368,37.726729633181954
"c63d1fae-0433-4e72-bb6b-3e85349d417e",-122.47756598318057,37.777616440616249
"c650f668-1a36-40db-83d0-8eb780a3c56e",-122.47082369435851,37.7340525305897
"c651754f-ba07-456d-abcb-24fc872d1a82",-122.41617987672608,37.774896978354626
"c655b644-4aa9-43d7-a8cd-07f2859160bb",-122.42087811282065,37.744296628529177
"c65af852-1d41-427d-9184-5b9b2851b67d",-122.40877980384306,37.730356672221859
"c661adec-76a8-4163-887f-5ab6888d8c2b",-122.43108527143266,37.798203062497379
"c6765430-dcc1-4884-aca4-738faa147c2c",-122.41743798852974,37.744401655011693
"c676a535-8925-4412-880a-64c0a4b23161",-122.43716491884709,37.720358810824131
"c67760e7-16e0-47d2-a15f-a59c12fa5e3a",-122.40480851649852,37.799552657524238
"c68fcb08-9950-4ab2-9473-19b8712c9f8c",-122.41973081817598,37.767180583228367
"c693315c-ac66-4276-86dc-02cf64e50bda",-122.46749514576653,37.749478734395311
"c6999c67-6939-4967-8b3c-7bc6947df548",-122.43396661675256,37.765095593229155
"c6a2be23-bffb-4e0e-a6d6-d04215096179",-122.40092375468123,37.759210794324922
"c6a64767-0cf5-47cc-8bbd-19d0fda8c21b",-122.42614932564015,37.739000208325479
"c6d590ee-f4d0-4742-a9d3-e9a15b837e45",-122.45720114639332,37.775488440924889
"c6e0e74d-55d7-4942-955e-afd09a8eb172",-122.39339180656543,37.722294499705328
"c6e28c10-b2f0-42d7-8bf4-c72e93b0fee2",-122.42982917332728,37.743594954266243
"c6e96ae6-5f59-4b3d-83cb-26bd6d0ab5e8",-122.46910381113493,37.7551639807787
"c6e99588-2943-4509-8b7b-5586d3734952",-122.4366891061,37.771969393061141
"c710d890-0b1c-4536-917b-481655c738a2",-122.39875693359312,37.781933726192982
"c7155901-d05c-4741-baab-ae1972d9b208",-122.41951425273179,37.736101791986037
"c7319a45-4eac-4e27-80f9-399b68ee162e",-122.40048565243772,37.798766329512326
"c73a6072-5bef-465a-9497-30d12d03c492",-122.41145682561186,37.80151888998747
"c73f748a-263c-4ef3-827a-6cc8d7bbbcd6",-122.42961989480062,37.745218878842763
"c7480ca4-b07c-40e5-9f60-866420c4b208",-122.49881661154517,37.77423054407209
"c74b5519-7422-4c80-a75e-21b95c8a700d",-122.42546450413143,37.786216115231106
"c751db7c-b14f-4ed2-a46a-ef57dfdcf127",-122.49145463452088,37.745485868346307
"c758beed-0cb5-4797-a0d2-2f284a85707e",-122.43798800720923,37.785013630576948
"c7717981-a858-4f41-9f1c-3e22b280dd50",-122.48474838873824,37.778613985181515
"c781070f-42b1-4390-a9f3-6a2577e14d70",-122.44101427553503,37.765554727080804
"c7a76564-dad9-4596-ab8b-d0e4764f007c",-122.40057100912297,37.759149506494389
"c7a9d08c-72a1-4836-98c4-9f427f6ff558",-122.43794169738719,37.762023251923779
"c7a9d47a-5578-4e4f-bc0c-200f5b96ae9c",-122.47839716927015,37.775298751756985
"c7bfb714-137f-45f7-a910-c1f8d556b484",-122.44473693567112,37.77640209679705
"c7c65b27-5f0b-4b8f-abec-ccf10232bf3f",-122.39563864985918,37.720461301360693
"c7c7ffc2-643f-49bd-9379-c3a503210a7e",-122.42104422322443,37.760515421166453
"c7cc9fde-aeef-4e7a-958d-413e4cdb1c4e",-122.48741493977907,37.749355499415742
"c7d89997-0720-407c-825a-d0da1fd6d1e3",-122.41431323847476,37.775308003924948
"c7ece2d3-eb07-4039-85d9-5ebcb8c50676",-122.46114999702679,37.780576363660408
"c7f819a8-cbad-46a9-9fce-87d7736176e1",-122.46733520563717,37.761602897756084
"c7ff5dd6-c4d7-4021-929f-30e01ab33e90",-122.41393411033543,37.730822445097736
"c7ff8806-8e65-413f-9aa0-d0637806fcee",-122.42645024507051,37.800317282621442
"c80bfd60-4d31-4976-bfb6-9a4c3f6e6c38",-122.43671317686665,37.800147641765328
"c80cf9d0-36fc-458f-8193-32537e0461af",-122.42699932346611,37.793198699212148
"c80e1025-767d-4f9c-b84c-25bf91247505",-122.42156020057436,37.728961145729251
"c80ee596-59b0-477f-9651-b42e28d7cdc4",-122.44375243173245,37.752972299789725
"c80fa0da-c3a5-4fba-bcfa-3821306baa16",-122.39900974127318,37.759502857412585
"c81dce7e-47c7-4117-b7d5-5bcf18777713",-122.40419873275489,37.749705832454083
"c81f4a2d-ce24-437a-8285-58a3a7f3f82c",-122.43264734666155,37.769131878518941
"c81f4b31-b306-403c-8880-a188642af653",-122.40542032996807,37.734442903649665
"c83694c6-159b-4404-971b-dae3412d7878",-122.41663783724,37.750113314038
"c83986a5-541d-43da-b89d-690cfeb1478f",-122.41367998444407,37.793088592413334
"c83a30a7-016f-40dd-b3f0-8b03436da063",-122.50614419675806,37.740424766416716
"c84cd837-30bc-4034-96db-2a5b28605b69",-122.40169580665696,37.76075817370215
"c850abfd-e9fe-4648-90f6-a5487740af21",-122.43029721799557,37.774130769192162
"c866678a-f184-4cae-b852-cff2c9327121",-122.41784055659653,37.763756343243458
"c867e0f2-3ed2-4251-8b31-993103743f77",-122.37870003889404,37.734139412143307
"c8774df0-8f3a-4d22-ad0f-0613c64b1329",-122.43665133761596,37.797036834791705
"c87af17a-be13-4a6f-99cb-6c2fa85fd0c4",-122.42283806096341,37.796306818748782
"c87f38a7-9c03-4a20-b940-7c0754d43de9",-122.43792746647418,37.758257805376672
"c8830e6e-aee3-4ea4-9814-242123a605ae",-122.41386625008138,37.801999040679171
"c883d970-854a-48a6-b243-be1049f7966b",-122.49499450998844,37.780718665294039
"c8890fa7-fc11-4994-934e-2e324f8c4b48",-122.41276513552602,37.741598081698825
"c88bc3c8-4306-4ee0-837e-0a199162ab12",-122.44209862883616,37.723309833581666
"c88ce6bc-8567-4d84-b997-a9d02a5498da",-122.43077225447388,37.793949148758273
"c89aa9b2-193a-4a0e-9602-bab4e01f8e5c",-122.41179707129081,37.76046829559418
"c8b56cc0-0a5a-4c5a-adf4-ef411eebeb9b",-122.45310211900303,37.709808496726865
"c8b75ed0-93c3-4cb5-8aaa-932376b8c743",-122.49924377429102,37.762902671317782
"c8c61c20-2c24-48d5-a52b-dcd355f92fae",-122.42796550906286,37.736600671337264
"c8dffdc6-880d-4492-9591-74b8b2a12159",-122.41695594700012,37.753736833662742
"c8e3f67a-e22a-4241-905c-79a56c860471",-122.40785053860263,37.779700104058563
"c8ec7020-da93-4610-b032-4870a11e1526",-122.44642944444905,37.797235374499451
"c8ee4d62-8978-4237-9879-3bf5e7d71a96",-122.49881661154517,37.77423054407209
"c8f94a6c-fdbd-4157-a717-6d4c6bf27f64",-122.46690301700568,37.749492141858
"c90c47ee-4f4b-4810-82dc-1821624204de",-122.41225353044817,37.805527009758215
"c90c4bf8-234d-4b8e-ae9d-740873e58586",-122.42719616182433,37.740316138647842
"c91c2044-83a0-460d-b89e-c7322ea14be3",-122.44205559194261,37.753667344962871
"c91d6194-06c3-444e-aea6-fc074f6a2cd1",-122.40674539495252,37.743663227826993
"c920418a-0164-448d-9158-94c79079d343",-122.4396219469845,37.759226521643328
"c92a0b8e-1f9c-40eb-8f05-7e47dadffe99",-122.44294012125583,37.753263711105859
"c92ef913-2959-4458-a23c-116b7fad25d5",-122.42031513012887,37.766390616285165
"c939af34-40a9-4619-9229-1f20dcb9c1a3",-122.42487733474388,37.755916247901915
"c9404fca-beb1-48bb-a876-1728f4a3848d",-122.43568556879544,37.743537793242936
"c94a3348-1806-4e95-a447-a9b3ae5ddd6a",-122.48033873300868,37.77707761453118
"c94f6a84-e7ec-4850-a8cd-ae45de440562",-122.45730416938822,37.783056457434881
"c968261d-02bb-4620-bbfd-518ae0c9db24",-122.40789151636801,37.746240857889255
"c98f9a1d-c8ab-42c7-bc37-6609e11c2d2d",-122.48764093194285,37.783156416499871
"c996381d-e180-4e03-8a47-61b8cf4a905c",-122.42197423514709,37.744664947190572
"c99826f3-8b2b-49b8-9ea7-b01f845add53",-122.45001686468585,37.7744919528247
"c99b624f-f300-4dcc-bfff-eb959c9f8bc9",-122.41812656013907,37.76147657724237
"c9ab87d1-b132-4c94-93a6-05546c7362e4",-122.45132768179415,37.77087938564226
"c9b0f103-d2bd-449b-9f09-7667a96e473a",-122.40385516850647,37.7776074530395
"c9b60037-7f00-4ac5-a3e9-346d8b4209e5",-122.43378206056704,37.745729270353252
"c9ba4734-8be7-4e34-9160-981482fb0df2",-122.49336102482346,37.77600638147252
"c9bab7c3-fb82-4c11-8797-ea7340f30213",-122.41632427496754,37.75453086519888
"c9c3d774-00f5-4906-8486-235dddeff7c1",-122.40648477231242,37.778262773754207
"c9c8f1d1-bb9a-4200-bb5f-88a0eee0ce5c",-122.47605067098166,37.782104542000283
"c9cf1976-d3f7-4d95-a780-d42ffd7e44ac",-122.43745446685017,37.745197588348788
"c9eb75dd-e098-4dbe-8ca0-370f3ceea570",-122.45453819991896,37.784747091682547
"c9ec44dc-b26f-49fa-aded-d674287f669f",-122.44310026593492,37.762336562283274
"c9f2c539-91e1-450e-9d85-2f362ac72310",-122.39614652017814,37.790722949088583
"c9fa4ce5-4bd9-49ab-bbb2-e6abaaa3f201",-122.39546466600693,37.735481731439428
"ca02c966-a92e-4819-8473-fd24e2aed0ce",-122.43165187078299,37.74299495464718
"ca127ee2-a4d1-46b3-8fed-53dc696cbef4",-122.50335810820548,37.748994702951343
"ca285402-41a1-42dc-a5a9-a4a2d5701bac",-122.43763043134322,37.717397479629923
"ca2a5391-bf74-4a93-ad83-0bd770158a4f",-122.40731215632337,37.801011371833333
"ca2da39f-929e-4477-8b2b-33b1b4cfbd38",-122.4778555298434,37.781608758603028
"ca320d21-7f25-4f33-89f1-34c793a0eb86",-122.42222258967327,37.776117489839038
"ca38da96-4398-40e2-9c2e-c445658fd5b9",-122.46072394362348,37.783227847300317
"ca3fd07f-afaf-4dfd-8ef2-e2484c8605c7",-122.42535444516956,37.761075713682089
"ca3fe77f-72c8-461b-b9e0-78e7299ee6a8",-122.41377669807963,37.785217606805546
"ca4ec964-a8ae-4b64-96ce-a5bf4ba24e0f",-122.41317081743877,37.804113664909742
"ca557f94-a400-4b66-a8d1-0a697eb1554c",-122.47656022113878,37.780884406952026
"ca5d880f-7456-4b8d-b0a4-53d5096464e4",-122.43919192357842,37.788645205529377
"ca600421-4887-4cd3-b1f4-6e281a32dc63",-122.4797477731129,37.733620134727559
"ca603446-6a6e-4fc6-a808-0e4c016754eb",-122.41638554240753,37.759639193348129
"ca61ce63-e6b2-4ed5-b320-037068fca178",-122.5053067148807,37.753285131238151
"ca635589-af94-4c76-9b02-73c50991a68a",-122.40839640286802,37.74429948131295
"ca7657c9-ab00-4254-9819-9fc686a618c2",-122.44475925219382,37.794093486440779
"ca787fef-947a-4962-910f-dda355c51d5c",-122.41410234258775,37.746519142187317
"ca7deb93-4613-400f-a14e-067d8ec86445",-122.46610525105997,37.77814349267755
"ca84e445-b5e8-44c7-b7ac-20f620342f31",-122.45664987927584,37.721487343609205
"ca8698e6-daee-4251-b29e-2c905a5e9949",-122.43774787535571,37.767695409596335
"cab1a67e-596c-4453-b132-452025fa3420",-122.40150988859594,37.759915863244366
"cac14e6b-1e87-4eeb-aa6f-9950e99976ec",-122.44272519270122,37.722909078752053
"cac308ab-f30f-4eba-95de-235979b651cf",-122.43878826736102,37.787776648253079
"cad145a1-8e93-4a0c-9c96-2dd04e6bc943",-122.41445170467314,37.804083249244343
"cad836eb-5e4d-4251-b3f4-2aa64f1cb064",-122.43513294875935,37.744294018962535
"cad916af-d0e3-4954-a18a-f3d52f94303c",-122.49043131568432,37.74438432999537
"cada2222-2364-4392-8695-ca35f9ae865d",-122.43110073115527,37.800994570682192
"caddcde4-d1ea-4f44-a209-ebd92d5bd3a8",-122.42038025279869,37.775829552765096
"cae534b8-fce3-4183-b5ff-7c3f72818d29",-122.42494289112948,37.755152130097009
"caec4521-d8f6-4534-afef-c4f9ab9c9fca",-122.46927910097141,37.715814975074906
"caf141ac-0f72-4e0d-ae4b-1c3b736a6ca4",-122.48696024832451,37.742169420003925
"caf14582-cac4-491a-8846-1248477c886d",-122.41336140702985,37.74647939630082
"caf5f240-4988-40e5-9de4-bdaa704ce04a",-122.45743016035212,37.789054417108638
"caf61fc9-81f5-43f5-a83d-bd7b401beb27",-122.40479698474012,37.728130771391079
"caf6da26-a385-407f-aac8-df5fdadbff25",-122.40483500133344,37.800124145936522
"cb076c25-2e1b-4478-9d23-a893e12ffd18",-122.40498639788835,37.76107988508921
"cb0ced48-a0c1-4268-b5de-2ff38ae793eb",-122.44485061880425,37.783077604690618
"cb0ec3b6-9b95-4b48-898b-c982e87c3c7a",-122.38653586027837,37.727852761430817
"cb1a1d02-05f2-4034-ba6d-42c685da8dcc",-122.42657228258213,37.793037441001523
"cb2fd2c2-4960-4807-ac32-a06f733063c4",-122.39140599965836,37.783627343343547
"cb3beec8-d9ed-472d-8036-356c07557e8b",-122.39148905518762,37.7347809336918
"cb3ef9c3-cb03-43d5-a52c-cb5fda22ba38",-122.436700765031,37.747201316330049
"cb444a3d-55d7-4cb4-a60d-d8839a6c8be6",-122.4526129704506,37.764130023441261
"cb57550e-da80-4844-aeb8-e71d8fe4b485",-122.42444089852076,37.79801609197704
"cb57900e-79d1-438e-ac48-61ad6694854a",-122.45475263172625,37.712748245370811
"cb58c080-8769-48cf-a304-fdba4b7982ae",-122.4114252778602,37.735633433101036
"cb61a645-b7af-48bb-aee0-5c4d5288e72f",-122.38707117597551,37.728495457854542
"cb64e041-c2cf-46fd-bb21-fc5b6f7fe825",-122.42686499892483,37.763670763610236
"cb6b09bb-41d4-46cb-af85-aa2a0dd2dd71",-122.46450008202409,37.761108410314556
"cb709b0e-60c3-4848-bcdf-1bbb4029d1f1",-122.47317829136188,37.783549449532011
"cb7590dc-0f95-4e9b-87a0-bc42c134c7a4",-122.41861300296308,37.775898139246792
"cb79278f-c36b-42c1-a9d3-5b29e02e2be1",-122.4925050724564,37.787748519125117
"cb8c7880-8cc9-4c26-8745-73af818e85c0",-122.4178312417437,37.740967251945122
"cb903f08-98f8-4713-a13d-be8aa1f28498",-122.44616662778579,37.76191985562528
"cba14ac3-a97d-4f1d-91e0-9241c405b799",-122.40344777572651,37.758722038423734
"cba5d85e-f54a-4f8f-86d2-ef293d1182b7",-122.45208877926684,37.7848594428718
"cba5dea4-787b-40a9-b749-6aa14fcf6a14",-122.40951689088013,37.775581074900977
"cbb3c439-552a-4c70-b9e7-80380c0eae37",-122.40528746686348,37.780453209915329
"cbb791b7-2e26-4275-996c-5a4b6367dab2",-122.42807205205118,37.799084128213174
"cbc473a4-7b4c-4564-9870-34ba404914f4",-122.3745327240504,37.731435835841161
"cbc9215e-7b99-4616-bd97-10fe91f35d54",-122.41543246141,37.736892231048849
"cbc95374-19c9-45f2-96a6-ed50461191e1",-122.40783041133751,37.753821526429704
"cbca81e8-6c67-44f5-b8fc-26b47fafa766",-122.4444017463304,37.792570857454351
"cbca8314-2591-407e-9cf4-0a98171cea67",-122.45329503753845,37.709358744190858
"cbcb04b9-15a4-4d6f-8bb6-169971a8fcd9",-122.47544386107636,37.777919296006075
"cbcf52bd-f59b-4bff-9504-4241ec0962a8",-122.4619061803937,37.760740744463163
"cbcfd706-2f66-4a1d-b714-557b994f4fa3",-122.42477504833789,37.799503300069425
"cbd062f0-4cf5-4355-bc2a-b6472c5a7381",-122.47518365908299,37.74387463585002
"cbd61163-b4c9-4524-ab6a-9839312f9513",-122.42400707871279,37.75324116394281
"cbdb11e7-1730-4a0b-a79b-f13112f2a2b8",-122.46928059914785,37.71595228851838
"cbdccb49-72b8-4594-bd80-0d33c0b579f4",-122.46044255212527,37.736159112571393
"cbeb6c0a-490c-4959-908f-e34532fd1701",-122.41629659837139,37.784953462399343
"cbf377dd-8b3d-436b-a2e9-8bc5df5f6acd",-122.41365830287735,37.77043919075809
"cc0510c4-bc11-4e43-972f-24bc94a6af3a",-122.4201148205223,37.739826868014951
"cc06688c-bd06-4643-9d60-ffd7a39ca6d1",-122.42083818557887,37.776102685300906
"cc0d27be-cadd-4b06-9b44-42cd42f3ff71",-122.44102768180564,37.784051842164253
"cc1ed0e4-8b91-4c6d-8ac3-247a6999c2c4",-122.42515933335743,37.757863881771691
"cc249b06-c574-4b0e-9021-5b59a8a65105",-122.43101354833831,37.749469534064716
"cc28fb41-7943-43af-a126-91f8ab77ed7a",-122.44049722833591,37.765942452445152
"cc4b6b0b-bfaa-4724-8485-73fdf75a4654",-122.39621384454387,37.764416317673174
"cc57cf34-3285-4360-baa2-04cde71a6155",-122.46793190095249,37.7467456408081
"cc58ac2c-2f79-453e-89e5-0f0d50c36448",-122.41365976245613,37.786188990769737
"cc598cf1-a6de-4636-9fea-6482415e71ca",-122.4757601093083,37.742018355919882
"cc5f8226-4b34-4659-af0d-52610c4aef76",-122.46675904301702,37.75679114780047
"cc691645-c2eb-408b-961f-0ff2a485dee2",-122.4771034463962,37.776881003290384
"cc705d27-bc2e-48a9-84d9-13d9688af74b",-122.41154768753515,37.788528091072209
"cc72cf94-c446-46b5-a4d8-18c06a366aa8",-122.49903270058481,37.778988199780784
"cc74628f-8326-4ee9-ad3d-ad22d6fa2c11",-122.42904894317407,37.756017871715109
"cc7f54e1-0b05-4fcb-a1bd-c80ac13e5df5",-122.4336117290617,37.722179269484855
"cc84fbb1-a4f4-403f-bde5-de2c5eca17dd",-122.41363412541391,37.770597007819561
"cc9028a6-4207-48f3-80b2-d58b6cd6fd0b",-122.50514304005458,37.744010775595861
"cc988883-8b11-4c37-a39a-04bdeb6059f4",-122.43581070486294,37.722153169755032
"ccb42cca-1442-4387-abde-1f8fe0d77d08",-122.41739229582419,37.742735622158371
"ccb6f455-fb74-4d3d-91b2-06b081903cc2",-122.44234709484064,37.778147790091062
"ccbb5ae5-d530-4f80-9e36-be281783af9f",-122.42747961830729,37.7947736832919
"ccbc3152-6d1f-46d3-8d9f-fa56eaadd5ff",-122.41715297551357,37.783973173431519
"ccbe6640-4f3b-4b06-be82-e726e4728a77",-122.46470661192666,37.73834078259268
"ccc2b541-03b4-4b0a-97ad-15cb44186645",-122.44375131102395,37.785093340721829
"ccc39f04-3c44-4178-b20b-08930a51e0bc",-122.41631251865989,37.734096002152043
"cce513cf-9916-417c-980b-b42d734db42c",-122.42309107642477,37.752728940829222
"cd08238b-e80b-4355-9c7a-083314369e43",-122.42135885918277,37.799937522037332
"cd0ca5a1-569b-45a3-962a-477034cc0ce3",-122.43414051692876,37.747671062694437
"cd145934-268c-4be4-8c67-1af8e4b75309",-122.42434798676572,37.796686542137579
"cd16f34b-a66a-4ed5-a7ba-675687777ae7",-122.41809562998678,37.789451328064764
"cd1c082d-eb5e-4ae4-9f35-3fc97988312c",-122.39698035812253,37.721979429921767
"cd23b11e-75cc-41d8-ac0a-98f85c180b31",-122.41259421931639,37.802979042325177
"cd2fb696-6d6b-4049-964d-49c83e6daba4",-122.40791448581763,37.799894307981965
"cd3aa4be-8bbd-483f-bcff-57731788bbda",-122.42579106624662,37.774709746292125
"cd3c4a23-576f-4b94-aba5-9d57d8e8961b",-122.43878616228113,37.749572641886566
"cd3f14f3-67d4-42f2-9df4-e84023c6c74e",-122.39540310781022,37.77690978255761
"cd4c8be6-a295-4b0d-9ac3-764d3e7646f9",-122.41867999926666,37.7896236800826
"cd5e0aa3-209e-40c7-b344-92a4a2cd321b",-122.42641357268333,37.753901502567452
"cd6aae0d-5977-4e79-bde7-dc3dc2ab9c81",-122.41839260164937,37.736045049372819
"cd7b73a7-5c6d-48c2-bec9-b2dfc0b6887a",-122.41069050372984,37.730217869066422
"cd7e1632-7ad4-4cbe-a9de-84dc9bb15da7",-122.40874329854898,37.785911157208886
"cd819d94-b881-448d-a480-ea52a7007e85",-122.45487499337432,37.710064573067136
"cd9af365-30bd-4456-8042-fe1993faa039",-122.44034719639023,37.762962665930928
"cd9c4944-7ec5-406d-8f9f-025f453a84bd",-122.45175506663745,37.762973070928922
"cd9eb486-3a77-4552-b478-7bd9f0a59d09",-122.44959611583255,37.771103687045013
"cd9fe998-93f7-4521-ab6c-c9a7bb20cc2a",-122.47787119397233,37.748456445548292
"cda63cbf-e4d8-4f99-8509-59a026702aa1",-122.39790103647525,37.719183336635574
"cdadfd02-3ff9-4ac7-a970-479406c67312",-122.42588901693912,37.733258366221818
"cdb31503-d87f-46ed-bee6-8799a695d4a9",-122.46387459612278,37.751098974631553
"cdbc84d2-c3a1-4f80-a05c-4b736c36247d",-122.50868119016019,37.775440000873949
"cdc79402-399f-4623-a44a-9aace103c6eb",-122.44685796704555,37.775171821701591
"cdc82f56-fff1-4e46-b854-c32b1f90e15d",-122.46851426238392,37.720739747672916
"cdcfc94e-702a-44d7-bacb-e6ac6498c6fa",-122.43890581441285,37.756866123280858
"cddabc0f-d052-4890-8f9e-d0a27b740200",-122.41883004380904,37.767689415230379
"cddba048-7b71-4cc8-b9ec-da6f85a0dca5",-122.47777754703391,37.749849730194988
"cde42936-ebfb-4b6b-8c80-a27e416fbf3a",-122.42771001898781,37.788989048472757
"cde66809-ce1d-4c36-9544-638a151fdb03",-122.4407060609273,37.778792908590404
"cde81b57-058b-458c-b7a6-3d68c992b737",-122.39389473993785,37.756057915839889
"cdeb69bd-a91a-441a-8f1d-ee38dd58964d",-122.38784508096948,37.729879775145157
"cdecf05e-7511-4fe8-b0b2-c61f1f72284f",-122.42099486443978,37.754112665411775
"cdf3c1bf-0c07-4e31-912b-b43632d78f63",-122.4428016664659,37.765698429235762
"cdfba214-8f6e-479e-abda-e1a0c98d133c",-122.44252893699209,37.774488195114564
"ce053cce-24a8-4e23-b6b3-08711f82fe1c",-122.46034977460793,37.7127129828169
"ce0da192-8c46-42bd-92ed-fab58fe77c60",-122.4416863949011,37.79639613946712
"ce19e13f-af93-47c0-a131-cd028de186f6",-122.42719537175194,37.775693639535469
"ce1ad2fc-826e-438d-948b-5d13f21601f0",-122.44355118079402,37.76171816174071
"ce3c9d85-5067-4b2b-9fe8-17b84349f0dc",-122.40241466801615,37.757182633853596
"ce416ad6-33dd-4eb7-96aa-b1a723e0a8e3",-122.49312363015213,37.760055777645753
"ce44ee18-f4aa-4721-836c-8093cbe62de3",-122.40285020779392,37.762632958425954
"ce47e5dc-aef6-4327-bd65-86f02549258d",-122.4537916256109,37.763840586350632
"ce4aca3b-5442-4487-af9c-c77e4fa9d3b4",-122.40966929777819,37.742876143563443
"ce4bc09e-75af-48c6-b59f-69c4daa2fdfc",-122.43240915724958,37.777115485255685
"ce50ded3-1683-49cc-8a5b-03d66fa1d646",-122.41239743919967,37.713737494204864
"ce551608-d18a-4ef0-ab2c-565aaadf6e65",-122.44351061371195,37.762984421467593
"ce6271b6-d6b5-491c-86bf-b16bee454c44",-122.43606554476085,37.788741375114981
"ce64a6c3-73af-4051-862d-0e320defaa15",-122.43703246783399,37.75311534510778
"ce6be6ff-496a-41e6-b883-28082f1a6e23",-122.4126649266546,37.7546944643217
"ce74a8b7-e0c9-447b-8654-4278ed90c60c",-122.43855729133826,37.803949174843055
"ce784864-5743-4e12-a67b-780214b2c637",-122.43426228356215,37.7433272394609
"ce7a865c-d510-4fc3-913d-9315cf0c267a",-122.42219326311425,37.741103665795443
"ce8d716a-736f-4f9f-90cb-d16ee649e440",-122.47627907576141,37.783700061437138
"ce94f069-bd19-4d11-b723-7dacc36eeba7",-122.43159304645873,37.79768030415547
"ce979422-d6f1-4d69-9268-ab1717df8dac",-122.41549182641755,37.7527461129827
"ce9a1245-ea8e-4271-9e47-e7e70b698439",-122.39430642277385,37.758221336491658
"ce9a53f4-d2ea-4a5f-9503-9e448627df0b",-122.42421423044705,37.796979166501032
"cea8368b-b7a4-43b0-b38c-c08f19c0e4fa",-122.42232865159112,37.78471029657792
"cea89dc7-27f0-49b1-a971-edff72203efc",-122.44428921770655,37.796639275647216
"cea92a1e-3ffa-4664-9548-1997928c3ea6",-122.40539506364995,37.779902714767381
"cebdf626-a8a4-48d9-8194-37afabdf3166",-122.45592273419369,37.788049584346744
"cebea1a9-ee6b-49d1-bcc3-7b8753bf7074",-122.48836505211536,37.7475830446449
"cecdc59a-7035-4cf3-b0ff-ea66f4019006",-122.42806617134652,37.733602025969759
"ced38af0-8f7a-48f2-99d0-41e6af02f2c4",-122.44965544589174,37.788847760938964
"cee5641c-d1ef-4067-8b18-91f4c35019ec",-122.41720982863998,37.757335456613653
"ceef7a56-d35c-439b-b983-bee2afb64c3d",-122.45497577713235,37.712410978996445
"cefd9bd5-f795-47eb-a416-4f8c4636156a",-122.46896885346499,37.760568506902175
"cf0640f8-8bc4-4048-b1e8-79c58c9b3844",-122.41208530967147,37.800405031769856
"cf0ab499-d392-40d7-bd4b-eeabf9f537c2",-122.45291771785715,37.781930031117973
"cf0d545b-3412-4228-b7f6-3477779e1981",-122.43326648176829,37.759059432416564
"cf1633f1-a7b9-4d6a-acc8-6a7dcb64affe",-122.40669722904111,37.74801713004225
"cf1badea-8c72-4ee1-a9dd-7f96409038af",-122.40177331515761,37.71376527247174
"cf208840-a150-4cfd-ac61-430465650582",-122.49592324023268,37.775669236677459
"cf21acc5-5084-4b09-a7a0-8905c21bfb79",-122.39123442436777,37.738081003384274
"cf256890-39b4-4349-805c-e34cee2fd957",-122.39273718570035,37.778686560171558
"cf2ed941-2b8c-44c1-94b9-2697863c5a84",-122.44339359088222,37.720106240111214
"cf3b414c-1dfb-42c1-83ff-88a58ca529a3",-122.43780819727063,37.786808193562756
"cf40f556-ac7b-46b0-96bd-471f3c0fe9c5",-122.43310424023707,37.743676765537778
"cf47a41b-f399-4361-b408-7a1e47746581",-122.42749444328405,37.775254274188413
"cf484ad1-8396-4eee-96f4-12d8ceb61c0e",-122.42167184083465,37.776730071866631
"cf4e1534-bde7-414c-aed2-d7513756d942",-122.47128453344826,37.78128436828284
"cf529f6d-f357-48c2-852b-634da101c930",-122.46840077605626,37.761487368503012
"cf746ded-80a9-478a-a496-30dc39bd6649",-122.46501768989758,37.735598040687364
"cf937eb3-cbeb-4365-a1c3-00b58003f080",-122.42386668415345,37.774954711217305
"cf94c0b6-7528-46ed-bb28-b4bbaac9a239",-122.39631769407467,37.761878892109976
"cf9741f6-6260-4433-858c-9eea7ef39395",-122.44209225864418,37.764545076026344
"cf9c33c1-8bff-4ba7-a048-02d21899def7",-122.46512961540806,37.732269157817463
"cf9c9839-a45d-4006-b8d7-bc93ff302edf",-122.41693496520134,37.739018775208287
"cf9cd841-4167-4573-82ee-c8b5895f71c3",-122.43287576528714,37.747745836410012
"cfb5ba29-355b-4aa9-a7c0-6a404b01c09e",-122.44409968630835,37.795136581052034
"cfcf8e6d-16e5-4b45-9b76-1ae55b8a9ab1",-122.41982459197449,37.797721390071565
"cfcfb795-ab88-4e72-b9a7-29514dd3b187",-122.39537759539824,37.71919773913072
"cfd31515-dfc9-410f-942e-36d64c0ebe80",-122.50792235704506,37.775489859251259
"cfde45d9-3b6f-44d2-a81f-5a4fa99c578d",-122.43935837866587,37.7969983328527
"cfe69c15-1672-4caf-b3b2-e3b7fa72c538",-122.39495573075635,37.762305377134567
"cfe89832-1153-4cec-b1d7-11472fead593",-122.39430642277385,37.758221336491658
"cff73479-b463-45a0-a353-976bd0ab9310",-122.4148404205183,37.783743947327281
"cffbfeb9-7674-4f7e-8f71-95849f60e79c",-122.43705841995337,37.788732994855579
"d01d909a-3f7d-42fc-b536-e04e121203cc",-122.41395423417923,37.796077030962422
"d021dc84-1372-4fa3-a6b0-65232a493981",-122.39836498228267,37.756417321690876
"d02ea0f9-e83f-4f97-b71f-d26de864ff0e",-122.39640294354159,37.764577078338277
"d039e055-9ad9-4335-be87-5eba31495623",-122.44600473502852,37.761929349142271
"d03aaf45-5591-4ea0-a3ea-2ee4429496d8",-122.4231138411137,37.774090726247771
"d03b203b-a3dd-445e-8cb0-6531c0458417",-122.43333126990771,37.751427477928615
"d03b85fa-5144-48e5-aeae-88a3d9ba3c09",-122.45190949071613,37.761845922736875
"d03f13f9-3ad4-44e7-af8f-6d16b686a52a",-122.42040026696222,37.70885918405628
"d049a552-771b-4d9c-8d37-4d592d534465",-122.49764673195163,37.772896473479229
"d04ad089-017c-4e8f-be29-1984552da8fb",-122.44150972400486,37.750935166872083
"d0513fde-b83c-441a-a7ca-2fec43d46fc0",-122.40565667264818,37.79942269655006
"d0549b0f-d53b-4299-ac89-ee8f9c1b0d74",-122.49557313512095,37.732584899906634
"d0558f35-4ce2-487d-92e5-b4f718d71285",-122.44469680897244,37.75278435783477
"d055b135-4871-4d5d-a95b-bf34237483b4",-122.44008712098886,37.724652679668239
"d05b7dec-e129-4be1-9e61-87b77372bc12",-122.40274452824174,37.725862592778384
"d07c62ae-b5f3-44a0-9882-7cb1300a9e42",-122.39364985094112,37.782118749103837
"d095501d-2cdf-48e1-a3d5-ff3a4356e6c3",-122.47708921167037,37.739980412718623
"d0a0a49b-4bca-4bc6-bbec-864975dbb3e2",-122.40258437596069,37.785961428476611
"d0a11477-c838-4606-a55c-7973f8182952",-122.40896869708475,37.774740732689651
"d0a19b89-9718-4671-8790-cd5b36089d6c",-122.40148708889416,37.758543218189011
"d0ac535e-b509-4be8-8f2c-d43ca4a9849d",-122.41743808182731,37.786715982717588
"d0add72d-8845-477f-9072-4f1151da8638",-122.43357449489902,37.736593945757271
"d0b3f21c-9c7e-439e-80a0-92ab3e7b7e7e",-122.41882348895585,37.767620953637319
"d0b978ca-0dbc-4d53-9ffb-b34584a5c54d",-122.44633402750314,37.768933774085816
"d0bf5e35-b7c3-481c-82da-f57243ef26c0",-122.4096065606727,37.741885494270058
"d0c0fe9d-4f5f-4a80-8189-f8b26da44354",-122.42477504833789,37.799503300069425
"d0c9caa2-7090-4e8a-a342-85ddcd36aa39",-122.40330245456546,37.795996914581359
"d0cb5b6c-10f2-474e-ada2-422c01af1715",-122.4457097551239,37.732711377302046
"d0cb6874-2585-476e-8d7b-9372829a9e98",-122.41220402044679,37.778364345134563
"d0cc9ffb-9d3d-4133-b7cf-3a9c2e369001",-122.50271806216493,37.777789136667927
"d0d377c3-4305-43d5-8deb-aafc7ad0c0af",-122.42983302620621,37.745206080735187
"d0d39db0-9d7c-4bf0-ac9a-45bd8ab9c38b",-122.40988791949907,37.755605337780118
"d0d9e088-709f-4010-96fe-6e8f8fe5a315",-122.47881256169552,37.764631543553925
"d0ede539-6dbe-4c72-b375-223f74f93d15",-122.4381115486327,37.751943058755927
"d0f6c091-e0e9-4502-a427-7208c61da9ee",-122.41785588412928,37.7362930868952
"d0f6da7c-7ffb-497d-9c33-dae07732debc",-122.44650130121227,37.775078106495378
"d0fd2540-5e34-4a7a-a128-4056c4c7c67c",-122.46880356693765,37.755312142923856
"d108bcfe-1316-4fc0-a614-5778f4c32091",-122.48197966913301,37.779220979562695
"d1187f2b-44dc-412a-9bf6-cb0b641293d5",-122.44452717168184,37.760464917826731
"d119d369-24a5-4a87-924a-763d5b3c731a",-122.45500485910584,37.713652389226993
"d11fd78b-6032-4e9c-9add-dbdd617c47cd",-122.4145981553024,37.752106982904181
"d1221d73-e484-4462-834b-b90eb0943dad",-122.40089636736748,37.758923248806745
"d148322a-bc73-446c-859b-fe099bd1b804",-122.38904477576648,37.757187266243307
"d14c0a8f-1ed4-470f-bea9-ce96bacd15b1",-122.40752761209343,37.732778283365562
"d15efb51-6fb0-45b1-9628-494d99a06030",-122.47744283721602,37.760467388805921
"d15efc68-f479-4c2c-9297-8584da7b7ec8",-122.50953111934756,37.773833084586244
"d1657f47-0c99-4081-b2d2-57fb1ef2b377",-122.4075350067516,37.783120263587044
"d16de29b-2036-4e1f-8957-c70042bf8572",-122.44964657362091,37.78261557284592
"d17305d2-5a2e-4013-a1af-f10c0167c125",-122.39430642277385,37.758221336491658
"d1770384-910e-48ac-a40f-a5f369613e95",-122.4416805001067,37.713877484170681
"d185a518-a389-4eaa-be1f-7fef932e5c7f",-122.41320757591046,37.799080108409612
"d1876d2e-ff2b-466b-83bf-2169e41da8aa",-122.42245541341626,37.782048360258777
"d1887d11-d363-492f-8d08-ef0daaea0533",-122.42012156811042,37.758126990745907
"d1bc5a04-57cd-4cde-97bb-95a4f91e8e26",-122.44334266153044,37.794563043875748
"d1c216f9-8c4c-42f3-9c21-d7a8658fa1eb",-122.43263763329468,37.776512673985522
"d1d13062-5dff-477b-8fa6-59526cae2c5e",-122.42779932720065,37.73428816850204
"d1d34565-ad04-4792-9487-f3351d463108",-122.43501248771983,37.712463331042628
"d1d5bd3a-6d3f-47af-8e30-81234cbbfbdb",-122.42925739152581,37.743629452293526
"d1d5c5cf-d8f8-4044-9a39-7d1320394a8b",-122.40692556709013,37.753801790324168
"d1d85001-8042-4d4f-b060-d3d56a49b80c",-122.42517533254551,37.772194781502023
"d1e85612-585f-4088-8192-e8980d8d2a5d",-122.4833026873176,37.782546198609026
"d1eee2cd-ea88-46fc-a508-66cb4f27f3fd",-122.42597864598429,37.777027408568159
"d1faf00e-52c8-48df-9fab-0f9086362493",-122.4600415493053,37.789284745121378
"d1fcef60-bd64-41fd-a693-3f16258bf929",-122.45405331963194,37.783518928923741
"d20162a6-5faf-42a6-af91-e19eeb64e9ac",-122.40995983735296,37.744431761498909
"d201acc8-345b-48bf-b90f-be2ec7ba00fc",-122.43547103007474,37.753219074858933
"d2096db3-c66d-4fbb-a05f-8a85d86dcf5f",-122.48657567137019,37.78896336142099
"d20e323a-d505-4bef-adaf-23ff55987e6c",-122.46017711520366,37.77626616374291
"d21361c2-d85b-433e-8d18-cb9c7da5778d",-122.42567965973056,37.7390995765263
"d219dac1-8ef6-4619-9104-20e9ecc83061",-122.41190869606537,37.803250267470709
"d22f2aa4-3447-4998-ae7b-d78b0bd8a05b",-122.43286650256006,37.763298695104915
"d2318615-7b3c-4acd-b83d-f8dc44af6cc5",-122.43511375715039,37.713258694235464
"d23893b8-b1d6-4903-abe9-df7852ca9459",-122.41562906250664,37.788423291021047
"d24fce4a-3221-4403-99fd-87dd7519d090",-122.4426808895729,37.778672511945544
"d2509a14-cf4c-40fc-b094-6c9667dae187",-122.43763583735115,37.755238262615762
"d2619792-9632-4da7-810c-dcbac4b584dc",-122.43206752968369,37.777159029583714
"d2631dde-c494-41d7-a152-1b46f2e001d6",-122.43503824553478,37.765416333153247
"d2646e71-7c9e-4552-bb15-4dbdae7d88ff",-122.43654753407722,37.713216125741056
"d2754f8e-3a03-4552-b7ea-b92da39486ed",-122.47518365908299,37.74387463585002
"d278a8de-04be-4d84-a2d6-bc950c501950",-122.41080281232693,37.74445079950312
"d27b4ef2-bee4-4a9d-9be2-6d92ac6eb4c3",-122.41513030410789,37.792498768251122
"d27c8cfd-8e1b-4ae9-a9cf-7033d17409f0",-122.41664997221325,37.788536375764956
"d280a316-8058-4bb3-8e50-6504d65a19ed",-122.41052703751133,37.795086263565324
"d288f947-70b4-46fc-a27b-eb2cec6e02ad",-122.40516599415942,37.778699019160719
"d28a4fec-bc77-41b1-b806-dc53bc10ac19",-122.48889715987671,37.745758382401959
"d28eb33b-f40f-4d53-9b61-2767956f9cd3",-122.49229951164044,37.7732094314206
"d2902385-286f-4bed-86d3-dfd187bd9869",-122.43822253281564,37.80181128783564
"d2980e82-c655-4935-bc18-674773a7cbb6",-122.42274263456888,37.754795420119493
"d2a42cfe-0522-4b59-ab59-e2e5a0674d43",-122.44415513627202,37.787197456963987
"d2b556fb-34ee-4580-928e-8fb1d73ba6cf",-122.45778237141731,37.780591913762223
"d2b62e8a-68d2-4b8c-a099-05b0e5fbee61",-122.42376603702979,37.708901766241517
"d2babbc6-6f91-41c7-998f-1ca6a2e52500",-122.44499939286393,37.758058250163849
"d2c996bf-bdd6-4657-b47d-3f2ccec5d46b",-122.41744802529873,37.760567378448592
"d2cf8653-bfc0-4fe6-9893-adf1ed6d4ccb",-122.42291577432816,37.76765018984014
"d2dba538-b452-4ac7-93b8-66f78cd20ebc",-122.4192059842067,37.771676411112267
"d2e2106f-848b-4051-a5b4-f1ae7a889c55",-122.38304339716046,37.727762185797971
"d2e9764a-d2b5-43fa-9fdb-8f76e7de8de8",-122.42787720078285,37.741096917093422
"d2eb67cc-f82d-4f22-bbe3-8cca413b3716",-122.46242398008916,37.778792029923437
"d2ebf1a0-949f-4d6f-a32c-28bc7a07eda3",-122.39557440888544,37.786593399449394
"d2edde61-ea9a-4f90-9456-397547ad4a09",-122.41816071676705,37.767647234519629
"d2fcab1f-afae-4369-a327-48b6411743b9",-122.4629840271879,37.785079827472195
"d316b518-eb7f-4090-aa4b-3651ea15e28b",-122.48525111957872,37.758527154877918
"d31c89d5-9459-4478-8f8e-8e349cdd11d1",-122.43538869135249,37.773869972706471
"d3215abb-5dab-40c0-80c4-14027e6d854f",-122.46563013882415,37.755996389263693
"d3314334-970e-465b-a5fd-0afad50d4cfa",-122.4291540225456,37.74291579887813
"d340e38f-5cda-4631-a139-30dccdbc9879",-122.4456766577743,37.768836786179541
"d34ea462-99d4-4c14-b2cd-6ca41d9c59d4",-122.47486989850383,37.738757774836273
"d3509d1d-438f-4ea8-9fc7-f84358ac2fb2",-122.44116495037576,37.784744247149888
"d3554b61-fc40-4a0d-9795-4c2dd0ea7992",-122.4351493519691,37.735993178543055
"d3632e4f-c6f4-46e0-920b-4172301a5890",-122.40259684318973,37.724934345046485
"d36befd3-35a7-4872-9edc-6c16193ae1ad",-122.42001609502816,37.763487235865533
"d36ffd6e-4209-44da-8837-9006c86ba92f",-122.46136843562826,37.722466074944037
"d376f7f3-c1fc-419c-a0c9-df65e1dffdf3",-122.48699288098796,37.77636185869401
"d3817f22-bc08-4be2-a400-567e5f0b7696",-122.43212642487137,37.763258016626963
"d3820447-ce4c-4151-b5e4-d2becb6885c1",-122.44999891755762,37.770478717140023
"d38eb37c-5910-4deb-b525-1a392aa89695",-122.41649125867214,37.760743913645811
"d3a219d7-2069-42d0-8ef1-b329e9b20ef1",-122.4425200685076,37.771622087851
"d3a298e9-375c-464d-aeef-df3bc088d4f6",-122.42022601797204,37.749071277721285
"d3a3d2fe-b879-4afc-9e42-a71423f0e61d",-122.48587069567628,37.779250759795048
"d3b7e3ab-0db9-46e8-8e97-d743cd2c1bc4",-122.42104369245011,37.757611536323054
"d3b89923-7811-4f07-9fae-a8176524cb36",-122.39308665556287,37.721511956423392
"d3be867e-18cd-42c8-b3f4-d0a77e068245",-122.44760072768175,37.758880730668075
"d3bf2f04-ed97-4db1-91b3-3bbfd2335eac",-122.4471100097724,37.79953092977798
"d3c2aa03-9a75-403d-876d-591f58195d23",-122.42702857702986,37.797541080368141
"d3c718e4-b9cf-4c42-84cb-d7de35257b2a",-122.42069333633837,37.761225191578347
"d3c7dea9-8d3c-49a0-8999-57f25f9857e0",-122.46680683416716,37.763426499568347
"d3ce804c-d6ff-4492-96fc-1aaa455ce21f",-122.39984942829155,37.732996654246
"d3d6c3ec-e2af-4d9b-8c5c-a2676cb2e68d",-122.43359563015684,37.803787429564061
"d3f071cd-57c3-4930-9f6b-0b21e139536c",-122.43359420472302,37.760679214606625
"d3f92ac8-5d36-416f-a412-4f1cee91be21",-122.41792770968728,37.752817402760762
"d3fc7c25-3113-4638-b2b1-0a533d792f54",-122.39415116297656,37.7529591640043
"d4076893-168d-4a99-858b-85d1c76a8c31",-122.44100999145847,37.803395735026086
"d40c70c3-74de-4494-911d-99467ce7632c",-122.42315754349825,37.756410944662669
"d4237ac5-62d2-45f0-9217-5ab609c991ea",-122.39402387362868,37.76181007944092
"d424d8f7-7bbc-4fec-8cd6-64231629c37f",-122.44437394810247,37.7610795726681
"d4270686-f5d3-4345-b970-4b9aeb7fd74b",-122.42823285450174,37.745616411690513
"d4318913-5c4b-42e1-aab7-5b5e5697eb22",-122.4367533373717,37.77938147317839
"d4378983-a1b3-45be-a654-8eae118fcc9d",-122.38832322216493,37.77254132623343
"d43969da-9ff3-43ea-8dc1-0135a93ea476",-122.410451628399,37.778375127321766
"d43a6b45-66db-459d-84e7-e177ecdf66ed",-122.47148800857045,37.784613496687555
"d43b473a-7e28-495d-8147-e269184ad7e5",-122.40692611365598,37.776666751427406
"d444b876-8ec0-4e7f-a3db-0f067d7dce99",-122.49217955147873,37.742434771637591
"d44551e3-cf17-43ca-8237-d9d6b0ab9b48",-122.44936976825566,37.762287958314133
"d4480811-d7a1-4e0a-8f61-7aa5190d10cb",-122.45131860101117,37.769003953578981
"d44c355a-bd3a-404d-b4de-e7c529affaf5",-122.41254221932361,37.744277158252494
"d467a3e5-5619-44f6-a01c-a77128b2588a",-122.42317201102395,37.746411613758838
"d468e6b7-7f38-404d-84f1-29b1ef862d8c",-122.47785051826817,37.781539665321738
"d4751180-256b-4adf-98b0-107c170515c3",-122.44203565278437,37.744833811187732
"d4817e9d-2c9c-4b34-89d0-18a58d985942",-122.42099486443978,37.754112665411775
"d4842d7d-7693-4214-a67c-5d57e226def7",-122.45869703621021,37.723087994536982
"d48e43b7-37c9-4cd0-b0ac-768c335e65af",-122.45104591415726,37.761620404823141
"d4994ce8-ee05-4f43-b98b-ff32feecdcbb",-122.42813311944356,37.767694139367919
"d49b337d-d846-4d68-8595-6c563d601367",-122.44869428693582,37.7572033322457
"d49edd71-19ab-4a2d-9489-ef5cc828520b",-122.40037804266306,37.757123448613108
"d4a4348b-ccb2-4192-8217-20803cd76da6",-122.43106030985865,37.759116344995668
"d4a8b976-f6d6-4cb8-8cba-c70d4b219f0e",-122.41657981173162,37.7387770202044
"d4a965e5-ec5a-4111-a853-7798fba78ffa",-122.39431208165769,37.781595613403546
"d4a978ed-1a94-417e-8090-edb3911b4af9",-122.4160677652274,37.782632539163885
"d4af9872-089f-48c0-ab09-daf3405a257b",-122.44039784181339,37.788572504930364
"d4bafba0-da97-4075-afce-7cc9401330da",-122.45078467716213,37.731672718666488
"d4bbbc93-4c9e-4bde-b3a5-cdaac35ff864",-122.40390484308374,37.734298339048173
"d4c02974-1f3f-4315-ad0a-0ace3d3a075a",-122.43787164704153,37.801455015776639
"d4c84bab-e158-4c30-b0c1-6229936ca418",-122.41808615928907,37.76360379795647
"d4d06619-261b-46af-9f59-8183ceb62ecf",-122.48603677532356,37.744990304229965
"d4d3ef62-6a0d-4bd3-b054-9b2deaa274dc",-122.40131868473804,37.75678755533275
"d4d71828-ea45-4023-a654-8627717f1f25",-122.40409307202385,37.717928310509762
"d4ea5d39-f23f-4627-8b33-087d6f4574c6",-122.4114261930585,37.78157638640851
"d4f70005-86de-49af-b839-c6b5ce40d12e",-122.43992974083005,37.79891314068179
"d4fad939-0437-42ed-ab10-425bded549ea",-122.45184745376706,37.782998163990825
"d4fb5fb3-aa66-4825-80ae-c7698108fcb4",-122.43018342294727,37.801226650511865
"d4fca766-f0bb-4a02-aae9-a8c9a43d8d1a",-122.45052203101926,37.731088670271106
"d4feedf0-3cab-487a-a21f-ce4396c7c48d",-122.41199767782641,37.74192003911822
"d507b958-1759-4474-9c47-b6fdd704ed2c",-122.4370172676261,37.721088317095926
"d508166b-8382-454e-9066-2871bf4b216a",-122.47360518542312,37.752602971670534
"d50e10ef-80cc-4482-8d43-3c62390cff6a",-122.43572144222445,37.790901932027758
"d50e7c20-afad-4b1d-b3f7-14815980df71",-122.4432013796159,37.80242737983825
"d510fb7e-9e4a-422e-86a4-3506307fdc58",-122.41661848952997,37.787727574264451
"d512f918-a807-4f6f-986a-0c18ae8f7819",-122.4055343065201,37.74677284430409
"d5136532-39cc-4d4f-9a06-de8036477a2c",-122.4770843824495,37.764707593808033
"d516283d-5f75-4a09-9e90-29e80d23528a",-122.40882052977139,37.75290240433695
"d525e15a-1079-4436-9be8-d365b054a5c9",-122.42331314398072,37.735610560234953
"d55733a5-032b-439b-bcfd-ac66a5ea177a",-122.41447715416943,37.73372790286912
"d572c160-f077-41b0-9a81-340a30f7a8d2",-122.50684502917251,37.744553964099133
"d57e6f7f-7f9c-4d2a-b63b-7b20134d3288",-122.43161061794599,37.75023727871325
"d58267af-4dc8-4d23-beef-2c14ae776a92",-122.42645266388976,37.755060795659574
"d59488b7-16ba-43de-b5e4-883c7ecfbedf",-122.42612739688505,37.75529521976069
"d597b83f-0c16-404d-9a1a-bb8b94521301",-122.43710776155987,37.721851916556304
"d5982200-cce2-4046-96db-3350085b3d0f",-122.38931355993732,37.760079988562723
"d5ad1256-47cb-41d8-a83c-13cbc6820d00",-122.40499686125645,37.780217798369115
"d5b4f6b2-b8f6-41be-901a-0f74846cfa34",-122.42445650342657,37.790600187477885
"d5bf8b70-49f3-4f52-b11e-c4c82d75c776",-122.43371174810262,37.74304210095395
"d5de11f8-0836-4aa1-a286-e89855e0bba2",-122.40883257574228,37.7575514458549
"d5e25624-18d2-4668-98fd-8e6e5334cf67",-122.44468760351297,37.8012087753361
"d5e913cc-8fdf-4cfb-b2cc-f131cb120237",-122.42533893394808,37.802299569498118
"d5eda0a9-ee68-4d39-a034-d74a9db8e918",-122.48453779312878,37.7756740978526
"d605f2ff-4dfa-4bec-91a5-ca4ad1778787",-122.42000766983237,37.767082541908827
"d607276c-b430-4005-8d91-a78543a0198a",-122.49197595084111,37.747079611120377
"d60dc8a4-ef96-4c19-957a-81477d364903",-122.45621796626352,37.787106379413345
"d610d74e-3547-4b65-b898-d21ac4cc0a74",-122.40219837371238,37.752196160695519
"d6169c79-9ecf-42d0-a91c-765def095ab0",-122.44617965434823,37.765687018062259
"d61931d0-2f47-49fd-bf58-8e2974aa35e5",-122.40891676100212,37.779565466070416
"d61b11ec-1e93-498e-8a31-ab5d37e2bc06",-122.41281504462313,37.752661790731
"d61f1e78-883f-4736-81b7-4bd3cc9ae90c",-122.41255882970952,37.797451961414524
"d622362e-cde8-4933-962e-cf9384cb4ed8",-122.44449367886665,37.801772354926044
"d6308d1d-0199-4e52-b0f4-52867e6ac1b6",-122.43249143150612,37.745852550892742
"d63be1ef-cecc-4ae6-8368-7d95e707223a",-122.41519831466043,37.8013088419666
"d63c1c5f-2825-44a5-bcf4-223dcaccdd49",-122.49339253351438,37.77918422009386
"d63e829a-fa59-437d-ac31-664efd31bd8e",-122.40559584902554,37.800535738045944
"d64676cf-9267-445d-b439-01ea6a71c278",-122.40475929446978,37.752180172847339
"d64b5d5f-16f3-4020-bff7-6f849076e5c7",-122.40375720894686,37.778744681417919
"d6591c9f-721d-498b-a537-3c48bdfb26cb",-122.42924719950985,37.754277492444956
"d6641ade-13d4-4f5f-8272-7e02c1e48dfb",-122.50704112447902,37.762694864038359
"d6651bb8-59c7-4532-a692-a0780b1f8d9f",-122.46249547003769,37.77858247387929
"d6728740-8a08-42b6-b765-46f8862f138d",-122.40046556653508,37.731360634917593
"d6765446-164c-4114-8927-5cf15e8151d0",-122.50796010893637,37.7570817259688
"d6773a52-519d-4415-a294-9afa34f3f1ce",-122.40096670913859,37.72156551048154
"d681c0a7-cf56-4d58-bbfd-39e42315a5b1",-122.43591159406648,37.725163967833836
"d68c320a-3889-4511-a957-e7059dd3aa63",-122.41024855734774,37.803651148171205
"d68db703-dfb6-4cd6-9f92-10a8c54f710f",-122.42489364227292,37.775995748412335
"d695452c-4bd3-4c96-bafc-997a5fbc7e9d",-122.44207286898073,37.733638687105774
"d6a0450b-bbe8-4ba5-9ba1-96c9a050b856",-122.43019279070941,37.751998190622317
"d6a27881-0fd0-4930-9c4e-67f92c750331",-122.39538569412649,37.719727076180128
"d6a53c4d-75c5-497a-8426-1f3aebcbe3e6",-122.41914496874605,37.738615017371274
"d6ada37a-6f38-4fd3-9355-0326e5bb5500",-122.40801180140413,37.732630532994634
"d6af378d-eb90-4067-a555-bb4dc5bb7816",-122.40485442575483,37.79916425397262
"d6af9cb6-201a-49b7-8ecc-9160d3ca55f4",-122.41496633498053,37.802106569784144
"d6bf2eb0-6a95-4416-aa12-74ff45a54d78",-122.43723374749403,37.777460100035924
"d6bfa872-458e-487e-b37d-a5e97d338251",-122.39273718570035,37.778686560171558
"d6c22855-226c-4985-881c-27e2d76449aa",-122.44079481235282,37.761829578869964
"d6d09aeb-7e08-4a42-98f3-14fd30f44200",-122.4359193703983,37.764551726514391
"d6d46167-23c0-4aff-9a3c-df37e0c1f134",-122.43672617793318,37.736882468263921
"d6df2a56-c876-4a83-8594-345ee8039de8",-122.44968136470538,37.746990352075251
"d6e12dd2-6064-4d9c-919c-c7e9a6bf29a6",-122.43280557916511,37.716567746840504
"d6e72252-0308-40ea-ba23-543cae31afef",-122.41175535784907,37.778050365400837
"d6e7b745-3f1b-4344-9628-0f1f6407c907",-122.45502818047744,37.783413518558667
"d6e83c75-aae1-4ffb-a583-7873abd67e18",-122.41200826657487,37.786400462656609
"d6ecb7a0-2119-407e-ac8c-3124ae87f9f3",-122.46236404453529,37.761339540428
"d6f0fa16-a184-4902-93c3-126b2026266b",-122.43545561835739,37.75210445621844
"d6f275cf-1d1e-4ffb-9ddf-508b1e5234ed",-122.4337578914901,37.742626215978206
"d6f38799-3374-41ce-9e70-1e3186238528",-122.43022349549116,37.771586957807884
"d6fed454-563f-4b46-b8c4-7030855f1b19",-122.40151978582951,37.7734793485687
"d7059e2f-402a-4891-b00b-836b34109706",-122.45475365859215,37.723168142974515
"d71640f6-cf92-4b99-9752-aaff978d8ae0",-122.4117674382381,37.755506686271666
"d72ee569-bffa-4dd5-a571-7e694df57780",-122.49984395495015,37.742647086088148
"d72f2d04-c106-4752-98b9-1db434fffa9a",-122.47627907576141,37.783700061437138
"d730503a-e05a-4b07-b541-b49dba809e38",-122.41081641932342,37.728943306939556
"d739148a-de1d-4a07-9fce-3b8cc61cb034",-122.40506478065342,37.799519800833792
"d73d3796-1785-4df5-baea-a8f45a535457",-122.39308913710302,37.726841874361355
"d73ea512-f5f0-4b84-bb0b-d15132a62b99",-122.43684245629854,37.744291323767335
"d740d8cd-dce0-4427-a93c-30857eda129a",-122.42386668415345,37.774954711217305
"d7529b98-ab5c-4528-bfe1-e1f33a601a2d",-122.4370172676261,37.721088317095926
"d752e91f-fdb8-4a58-9565-3541a12a5f69",-122.39026971533295,37.718022642095733
"d752f363-f60c-4817-814f-80ef6d460d86",-122.41529089922193,37.795776399849238
"d754d773-25b3-4524-97ab-493be553c65f",-122.40795437652699,37.764958819360743
"d7670853-9338-4f3f-985c-c73c57b4f6a4",-122.41538321642118,37.746998869618515
"d777d247-da62-44fd-bd40-5e43bf54c99c",-122.47824555879208,37.750602006079752
"d77f8e36-8fdf-4199-ba82-eba3f60a6ad3",-122.50876470113718,37.7586256698053
"d7800a7c-da87-4d5a-b8e9-9f67ed41cca7",-122.48947762421228,37.763457812842844
"d782f782-17d3-41fd-b4bb-9749e7b0528d",-122.39303767993411,37.77587949044073
"d788db79-afa2-4336-9596-ff1e53f98c74",-122.42574444041185,37.788532145295392
"d78b5e07-bd72-4526-b91e-e9926ebe2786",-122.46546033281869,37.753548753402271
"d78f06ae-8148-4e54-a341-de5edef5526d",-122.4182199183543,37.755868055926236
"d7904656-dfb7-40cd-9dd2-37ecefa9fe26",-122.39286444105323,37.736504940345434
"d79aabc6-04c3-4523-aa46-56d9fe44abde",-122.41991160194208,37.807596413991021
"d79d0546-61a6-47fa-b8b1-31362f994949",-122.43701117216425,37.732145623116168
"d7a1fb15-6b26-4215-81f8-9b81e9c6fb22",-122.43917634479151,37.794276808798458
"d7aa627c-de9b-40c5-989c-7349c9c6996a",-122.42188980287541,37.754040340465757
"d7b00749-cb34-4a90-95e0-ed1fd7e62d1b",-122.46210899143287,37.745149046038506
"d7b5408d-108c-4947-828c-b4ba914ad682",-122.44620861924352,37.803852269350351
"d7bc13cf-6a4c-47c7-8c83-801d941fd046",-122.45369929002197,37.770682536342406
"d7bc7569-aabd-4735-a2f4-67e241952332",-122.41357960731528,37.769946999755646
"d7bff59b-5c37-4033-a074-911884169cbb",-122.40645312534613,37.793984159588163
"d7c2c36d-57d3-4ae1-a32e-8379c7f8a7fa",-122.42746190927654,37.803367945142838
"d7c3256d-79d3-40cd-85df-d3cbc964df52",-122.4214357061558,37.789978871321
"d7cf549e-2e5e-4584-a48d-564b579adf8b",-122.4106026246907,37.777523887992757
"d7dac5a8-074e-4c87-a1a9-ac0d7a10bbe2",-122.39320714417646,37.786987722598063
"d7dc0422-5757-441e-955b-b8d807555567",-122.43816416598412,37.737786571743108
"d7dcd530-6074-424c-9061-0620d37730b5",-122.41781150297925,37.74274862877111
"d7dec33d-63d9-4045-9aae-7b24ada25ceb",-122.43885758465933,37.78669067843812
"d7e10bfa-7789-4c6f-ac7b-c5e598733ff4",-122.43587127906709,37.759382731193242
"d7e5f5d2-3947-43a8-a9c5-723ef6400078",-122.38853376750741,37.762502742443182
"d7e70a33-9f85-40b8-bbd8-f5d64ec45a1e",-122.45687390707842,37.726684866982936
"d7e8cc83-9a3c-404f-940a-28f26d3d3cdb",-122.4075499382235,37.77528631773675
"d7ea2cdc-1811-4574-bfdc-76f71300326d",-122.46375605017664,37.711181384483524
"d7f6c00f-76e7-4b62-a33b-0fdfdbc82a4e",-122.42678346837168,37.794267505910383
"d80cc085-8d77-43e3-b782-5e62120ec842",-122.46418153568096,37.7873128167341
"d8150fd6-3bd5-495f-bc22-553c135aaaea",-122.43309324864497,37.759676666047426
"d81c6b15-9b29-4919-a584-6b7907ca98f2",-122.40800143147781,37.76138357991433
"d82596d1-1ce6-4500-97d6-8c6682b8d911",-122.45561185940902,37.713784388674
"d82933eb-5e58-4461-98c7-8e27385fa45e",-122.43098756878467,37.759262228894976
"d838c7e5-5189-4a36-bbc4-ce11b068d9da",-122.39487558346541,37.719521086980336
"d83fde1f-2724-44c8-ac61-d2eecd9fd437",-122.43151005071859,37.774933483641185
"d84ad3c3-48a0-4408-9315-940889cc6339",-122.46927743635506,37.783316077267216
"d8501377-04c7-46f3-ae82-a57409052748",-122.44463349645287,37.796977208096351
"d85619c5-27d6-411e-80fb-959d026c7aac",-122.41488649764658,37.776916447017058
"d856b6a9-aa3a-4ab6-bafb-39b6e04c9625",-122.39328458276357,37.787194868685873
"d8648960-1b04-4475-840e-0650c0275af0",-122.44237521716755,37.785980797679308
"d86cd665-456a-4074-9c25-60e45239bce3",-122.51027730154222,37.774904495581985
"d86d5d3a-c5e3-4a5f-8556-7dc363223293",-122.47902744277221,37.782944679988631
"d87da587-a1a8-43d7-9f53-ee027c95a1ad",-122.44865094542459,37.760506383031206
"d87ef62d-9811-4e01-941d-92b274e4e456",-122.50103584865347,37.759706547368395
"d8800383-dea4-49f8-b900-e52d732b8223",-122.42213157469737,37.750216637182625
"d889b7b1-0e49-4e15-b606-746a11ea7f8f",-122.44267565991032,37.794358658620425
"d88ce794-0f82-4ccd-833a-0b2ee07eddda",-122.48952176606042,37.778052533841652
"d89c4544-6c2a-40b0-b9b3-f69d4e90d533",-122.48089775473458,37.779049976734314
"d8a01732-7c21-432c-a71e-134c60d76ccf",-122.48334869480337,37.753810809224149
"d8a1a322-f92f-4abf-a458-c1eacae4bd5e",-122.41859709836338,37.744840451277874
"d8aa9f3e-b381-481f-ac87-6225492bddb6",-122.41967679604878,37.780698584887645
"d8aeffec-e505-41ed-93c5-8a1f39ec6222",-122.40564343381951,37.747163993963866
"d8b0fa66-db1b-425d-a3e3-5893cd6fec7f",-122.4430914954329,37.71986073114811
"d8bd0d4f-9304-41cd-b7df-3808c3acbc73",-122.40510273469744,37.7808902286779
"d8beeffa-dc3e-4d0b-9352-6258004d2022",-122.45072818502999,37.710259029967794
"d8cb75e3-2372-4b47-8699-de37b162a4bf",-122.49323826618405,37.775514729802467
"d8cd5daf-85e5-46c7-a771-72e5722a8e65",-122.44233158282624,37.783607440959955
"d8d25130-9768-4aed-b5a0-9c153958d44d",-122.37523785602099,37.731836195204565
"d8d4b72e-b83b-4948-b70b-286c38454fd5",-122.45248126792029,37.722514878851406
"d8dca537-5aa1-40bc-a118-45d48d5400aa",-122.46384443392056,37.730670537195962
"d8dd1836-b3db-49ee-9527-d342d6216326",-122.40162245219523,37.714606642257607
"d8dd3df4-0f09-4a1d-bbff-92ea36eb4dc9",-122.45781130226214,37.788154788003567
"d8ebdda3-8d62-4275-b97f-f41debeca8a9",-122.42599845484565,37.745434309711378
"d8f6fcd3-ded7-4468-a12e-ffb376450642",-122.44169792887101,37.79165731312203
"d900dcc4-347e-424f-a408-0285774dd673",-122.42138916659599,37.799436851050913
"d9072929-5edc-445d-9149-db496903e1af",-122.4443265996989,37.768628311773561
"d90ff8df-0f83-4a7e-9e04-3519b5bfd2fa",-122.46005188813528,37.764936076465169
"d914713c-f8df-426b-8039-aa8de52846f6",-122.4218530599006,37.805269336056419
"d921c44b-4a2d-465f-b28c-9d2ecec8fb40",-122.39271728421556,37.757766044074458
"d924ed76-5de1-4105-b9af-41c1508ce1f0",-122.42170048367728,37.770515267255718
"d927931e-ec08-4d09-829a-3042cb7be9c8",-122.41539588807952,37.725059707189658
"d93ffa6b-89d8-453b-8d3a-377519e35950",-122.40555704233128,37.753964699875517
"d95020ea-9902-41be-b8ba-c9b28718325c",-122.44210619423619,37.74985440583508
"d95c1206-437d-4769-b15d-fcbe064364fe",-122.39566677173893,37.758665229443395
"d95ff669-0013-4231-9071-a67e534ad754",-122.4228161000195,37.728087205428707
"d96153f4-68cd-4616-8a9e-63c3b2d654b0",-122.40834264427845,37.7793497518046
"d96360b9-d85f-43d8-8ea9-9adc884d56e5",-122.42498521807451,37.744306082086837
"d9639a5a-b5d3-48ef-8c9f-3617ae75eb13",-122.44065562970623,37.786686316798473
"d967b8cf-575d-4df7-8a33-7ac28f8fb8b7",-122.47614085499376,37.741817868774234
"d96ee1ac-161b-45d2-97f3-26a04edcf13f",-122.432164888167,37.746979317874505
"d971da01-e8b8-401c-ac7d-b1a058d71613",-122.4920143064261,37.729799607801134
"d9734b53-639a-4529-b8a0-1a23e8255107",-122.3979751425145,37.784379089701645
"d981134e-1250-4076-81bd-084c9721c68c",-122.46822918825099,37.783602367741295
"d98b53b8-004d-4743-810a-95fc3ee6693a",-122.44445478344608,37.758726804277572
"d9985c40-454a-46cf-a533-07f9d5ac39ba",-122.5032262897696,37.777207032207507
"d99a9d71-266a-485f-a66c-30641ac3cf5f",-122.41902891786691,37.748692290312789
"d99af6de-9a71-426a-8f6b-6cad32598be7",-122.48138766743658,37.776754770006079
"d9a74f9f-5273-4e8a-a8ed-7b59e10ca29f",-122.39066316094026,37.720136498692838
"d9a9ce09-e610-4575-875a-0f5b8655a39f",-122.39163137591089,37.77724197232854
"d9afbe8c-c1aa-4d21-8efe-869030c95e71",-122.45523002553068,37.74584183808053
"d9bc23b2-7e0c-4caf-a4f9-b25582666966",-122.44068760138371,37.763790585958823
"d9bfb3d8-a944-44b9-b849-56066849511b",-122.41765269701426,37.733818594653641
"d9c4cb74-2191-4bde-b43a-c186c2a1cf62",-122.43248298808841,37.772707824278832
"d9cc7f05-0c78-4aa1-a4ea-990df738250b",-122.40796107887375,37.747224818549952
"d9d1a071-8b6e-4f59-89b2-40d92a82f9dd",-122.43969648922916,37.718427966516195
"d9d343e0-e7bd-4767-b5f2-6259eb10fcf0",-122.42568947489731,37.778170705338894
"d9d46fbc-12fb-412a-916a-15ce400bd4af",-122.43615768571142,37.795570041600151
"d9eb31f5-3e32-4be6-bb52-bc919d609cc3",-122.47153366676143,37.7790065645649
"d9fa8e6f-4b94-4868-9e27-38e47645332f",-122.48046782692282,37.742179089954476
"da0a6ac6-afcc-46a6-9f50-54bbc0bc917e",-122.38185988929212,37.73587015186979
"da0f91bf-7e8c-484f-9e96-6fe03b04c81e",-122.43998806976131,37.755328889040996
"da109882-8c98-44c3-b61f-16ff762dd8c9",-122.45182796138411,37.764173580534717
"da131a66-0cae-44a5-9aab-9f4ce1ff316f",-122.41230816197489,37.796282308467127
"da166b6f-5b58-4467-a724-c876279eff20",-122.41842317110984,37.796701003181127
"da2aba26-18f5-40fe-97ab-9acad5476395",-122.50231486603383,37.76069414768488
"da4e4803-fe8c-44a3-be6c-789ff59606e6",-122.4341760637095,37.743332402026589
"da5a33bb-b468-43d6-bb66-e5f7f5c58f9d",-122.43609027059313,37.788117924360527
"da5b323c-0deb-4b83-92ec-43c778844716",-122.39111553464153,37.759101722474675
"da5c4dad-b527-4f15-95bf-7054aa985bed",-122.43672194047095,37.714619728497169
"da6a34c1-32d1-4427-a5b8-577d0e3c95dd",-122.47162996965143,37.753344554807931
"da71eae8-595f-4236-8612-5009b82852e5",-122.42072225894137,37.787775284681985
"da740f14-bfee-4860-af38-90f74378b712",-122.40141941348995,37.764404755682826
"da741a7f-7f8f-4557-8ab5-b91e97f0fa42",-122.4074177069317,37.777549070617404
"da81a7d6-860d-4ed4-9fa2-1ec3d89afd45",-122.4323056996344,37.776171090649072
"da85b5e6-4631-49f6-b22b-1e852b07789f",-122.50005285877107,37.776453536483167
"da85cde7-e602-4f8d-99e7-d73951eee7ea",-122.42802572772192,37.750943617206183
"da87aea1-1e1d-4067-b13a-f96ea75f9603",-122.50854008792506,37.75691205093424
"da8dd0c8-481d-4d89-aaf3-449c1101f0e5",-122.41889292742327,37.745471675219406
"da994a92-6940-45b6-a2ff-1e2d05ecbe09",-122.45649693696244,37.745559734767617
"da9c0dd0-4414-40e3-8499-233414f522d4",-122.46580715139035,37.779815839970183
"da9fc5ed-5735-4db7-86d7-473fb5e4808a",-122.48697252937562,37.739058867386859
"daa06127-d725-4f40-b2e0-ebfad0939eb8",-122.49536332926527,37.7767364988971
"daa632b1-50b3-46c1-9d88-03bf57076c81",-122.44493996473084,37.760641261692278
"daae7d49-1c1d-4399-b77f-da79f87aab95",-122.43176393536307,37.798040257796337
"dab0f97f-3afd-4dc0-80f9-8e05c6b97a52",-122.39709483772165,37.7669967908611
"dab4b15e-4d56-4bf6-991f-81b67a0199ae",-122.40779002230157,37.716823514989308
"dac01725-f268-4aaf-b362-95e519cb2b83",-122.42039225537054,37.765559673296288
"dace539b-94c4-4838-837f-4322fcd0f104",-122.40478608941785,37.799173015382294
"dade4c55-23e9-4f02-9198-43d9a40a9ae1",-122.45475263172625,37.712748245370811
"dae102a7-f0ea-4c07-87f2-a75ef0593d6a",-122.49379066032436,37.757700897636816
"daf68e88-6e81-46e9-9690-13e6743fb9c2",-122.46295628106536,37.773884375907585
"dafce703-af9f-459f-abae-f7594725d1c1",-122.40963864455482,37.7331509037731
"db042fa9-2a99-4f23-b97f-8546ef760a92",-122.5043997311079,37.76038196726136
"db04f167-cd6e-4d83-a84a-e3047852578d",-122.48713144307291,37.760662603286654
"db105452-ff4e-4487-809b-840fd01a6a56",-122.42484376510396,37.755565842537493
"db12c78f-269b-4c5f-96d5-063ccf4cb04c",-122.41405833980535,37.80131604075779
"db1b59c4-9863-4106-99f9-235ec5ceeb79",-122.42908011573471,37.718615978484237
"db21496c-fecf-497d-b459-4a9fa9a3f422",-122.4447971318144,37.778444743507791
"db244640-4818-461f-b5fa-0930e840ab41",-122.41817044097132,37.788101500738257
"db36a5f4-660d-4bf6-bccb-ab7463dddd85",-122.43067602756591,37.7697525392663
"db3a5498-7baa-4f6c-a86b-a436e1699c0d",-122.45145919949819,37.768568785836514
"db3fb478-c9dc-4023-9f07-3ddd750afd52",-122.48130596874265,37.775577038384988
"db44e6b6-dae4-45bb-abd9-d99e5db7e5d8",-122.48995923704437,37.754997948246917
"db487dca-d5be-4d23-982e-e08809970679",-122.41962329476854,37.759760403390096
"db5099b8-df3a-469b-9753-b6a0a9711234",-122.43660202035588,37.715314990164671
"db5d658c-e2ad-40ac-ae03-a3fb4b85d88f",-122.46034650192919,37.722259967203016
"db645b9e-bc19-43aa-b85d-6c9860c3a9cf",-122.50657867826236,37.762647090967825
"db6a1ce6-c2cd-421e-a6a0-0c6b0ee08d85",-122.44471819037723,37.769706518268123
"db82afa4-f7ab-44e9-8539-f1c36235091a",-122.41844714134595,37.734616808494046
"db851080-8c3f-423f-8e76-2aef9d9cc805",-122.44197337241624,37.799611367499239
"db895c20-ff6c-4b1b-9511-bea3d921accc",-122.50725483920472,37.772039170670006
"dba3459c-1513-4650-b21a-83507581ce8b",-122.41588489138783,37.74993868040719
"dbac1cae-4e82-410c-b262-befa12c8308b",-122.49232106883747,37.77231441374726
"dbb5748d-14f8-4469-9876-521b8aebe22b",-122.42396900647928,37.755378787031866
"dbb7743f-e94f-494b-a35b-a07a880ef060",-122.43004963180816,37.745520593162325
"dbc09c3b-813e-4b52-994e-e483edf3e954",-122.38670771230133,37.728896757032452
"dbc2aeef-4247-42a7-8d6d-b2d0608bc3f4",-122.42563375660089,37.75140171648421
"dbd8723a-6d30-4cc8-9ff9-4356965bd3a4",-122.4685273262747,37.761686981604164
"dbdec0c4-d872-40a4-b5a3-8a7423effde3",-122.40998407156783,37.784712773621976
"dbe0d514-9df8-4731-96ec-e3a9cc8b8760",-122.49291676455847,37.781260256968821
"dbe98609-963e-4b50-9deb-0ae5876baac3",-122.43002729506588,37.7706115192739
"dbe9a600-c2c1-4eda-b637-a1c2098f593c",-122.40666908372101,37.779186580958388
"dbfdab3e-aaa6-4e6e-9851-96dd424ddc85",-122.47138246214152,37.714848699069215
"dc166067-cd03-483a-983d-6430d911a822",-122.42134327404342,37.7547832809064
"dc1ce44e-56d0-482f-9af0-fbf5ca3cc165",-122.43417384415027,37.754737274959659
"dc20cca0-1b17-4954-876c-07c49864dc90",-122.40938828484157,37.778919806343332
"dc4022a7-abe4-474a-9f65-b3d1c62c0a51",-122.40521722591039,37.79051137447324
"dc40aa9c-8e89-4cac-9f66-a605e847e3d5",-122.41430499264385,37.752124648978565
"dc4e6913-df6c-4a6c-98f6-804ade01e3b8",-122.43293229564783,37.769928514174822
"dc5ed2c7-68fe-4763-b256-a1dcefede92f",-122.47375971635076,37.742749462332966
"dc64a237-1e50-431a-a35a-91ce7dd3be08",-122.39201923232972,37.736970665697761
"dc7342c0-a7ab-4365-a198-188470c8e67c",-122.42230845018236,37.7774957385682
"dc798d53-407d-46fc-b37e-dacd07b7deda",-122.43821096285308,37.775229944601023
"dc83ace9-4bd1-4e69-8b34-9a8b591107a0",-122.42957343133602,37.766172531023315
"dc87f321-15a9-445d-8bc5-1dbb86b7df86",-122.43722323680014,37.755125398974485
"dc8af6c0-1698-4c2f-b30b-8788bb845897",-122.39344340662836,37.785824088085356
"dc8c76bf-ead9-4f40-9f9b-7bd1f7aacedd",-122.44143548519489,37.753874775262553
"dc908ccf-5a5e-413a-92ee-31d674d75c99",-122.41823097351119,37.751543722238772
"dcbd90e0-0973-4da0-ac81-f8d99ae1b5a4",-122.41884633827192,37.726394918080793
"dcc695cd-0557-430d-b590-5254e1ce9245",-122.4635459839968,37.781224826490181
"dccef67a-e0ab-4d88-926f-59f8fc261a9b",-122.41186239825073,37.739888441263794
"dcd64226-02d4-4d98-bd8c-47e565ccb016",-122.3942532220108,37.781642110843258
"dcdc3548-34a8-4dc4-9e87-3acd166861a5",-122.50790235366649,37.749736281779427
"dcdec473-b4b8-4d6a-88e5-bce7b696afdd",-122.49133483675509,37.74197686779771
"dce86b65-bb34-4617-9b02-39b438ecfea6",-122.47931719686019,37.781197715614205
"dcef05ab-39c4-496e-8804-aef22c03e268",-122.42550198290731,37.746270638183169
"dcf30782-401e-4b78-b1b1-16cf722f5665",-122.45854105178981,37.7847896023834
"dd0ad4c9-9a57-4896-b765-577002eec0df",-122.39416134413952,37.763226442007941
"dd0bdf2e-3f53-4081-b5e4-e4d57905dd09",-122.41832907319542,37.788847812385555
"dd0d25e7-a03c-42ce-8066-3f8a18e996be",-122.43717498535008,37.72132294507707
"dd321713-af88-4b14-add2-57a1fea8eb5a",-122.43985883022876,37.733518465888714
"dd331d54-8dd4-4b69-a4ee-fba0ee27b556",-122.46956867948748,37.786136399094616
"dd37e8e5-6d6c-43f3-bcc0-221165110c75",-122.44898789222266,37.719167356155886
"dd3ae9df-a62d-4f1d-bd84-1704c1013c42",-122.45466678921008,37.723099704667931
"dd501167-d433-4619-9f97-18b3bcc10068",-122.40792769568034,37.7548274648924
"dd52b93d-9323-4096-9488-ae71c4cc87a9",-122.43830108971433,37.710153762394789
"dd59dce0-4a38-4854-b49e-0f334bda660e",-122.46101506566701,37.788479973922328
"dd5d3196-0e01-44cc-9820-fd1d7c63e7ec",-122.43961663758402,37.766376107619529
"dd6d4211-f541-42d4-9216-475dafaf531f",-122.46481763420411,37.754646167607547
"dd765692-d07e-4785-a0bd-829eab62528d",-122.43608785467308,37.716019583826089
"dd82cdaa-255d-4e88-bdf1-aeea8d00d6ea",-122.50494696857137,37.763477257399913
"dd8fea8c-21de-4e55-98a3-17c7f7da3304",-122.4861473254992,37.737225144715822
"dd967e19-d2d3-45a0-944e-856445ad0c13",-122.40180397077262,37.733108042472153
"dd97938a-ee33-4870-bb8a-5b459a9583f0",-122.39473010490566,37.76176814047087
"dda9b902-ef32-4dac-89d0-42787bdb4f8a",-122.47051559471041,37.764446317567504
"ddb708f2-8182-4387-bcbf-9c51f94737de",-122.41632975398574,37.755494452276984
"ddb9e5c8-d407-4251-8a8f-6f09ae96dc26",-122.47014920586943,37.774698218620671
"ddbaa1a5-e85b-425f-a288-33b5e1fe12ad",-122.46037970352289,37.764921543076589
"ddbce9d2-bb61-414e-9175-ff6b492509df",-122.40822850592781,37.775208197896752
"ddc27616-e6c0-4cd6-95ee-dc2a184eb890",-122.47312365056291,37.782795453221844
"ddc6bfde-3467-4076-9ff2-8500b9cc2cc9",-122.47985265024302,37.764173599976743
"ddcaa5d9-3514-422b-a788-f57992f9508e",-122.39111553464153,37.759101722474675
"dde492e7-e786-49d4-b015-8a6698bb482c",-122.44476116789913,37.760449057240848
"dde4ef78-e7cb-4603-b5d8-1748c6f502e3",-122.43101721868905,37.721822425362276
"dde75cb0-5e71-4a98-a89f-2de23d997400",-122.42380151486901,37.724662492636014
"ddf0aab2-fb69-4c3c-b6ec-2a2dbde40982",-122.43165187078299,37.74299495464718
"ddf7f1f5-d1cd-482e-9d90-75bb9bb8365e",-122.46753589271039,37.713599646188733
"ddfd7f55-81ba-4b79-8880-5bb74a99a259",-122.40975093222173,37.72794793737404
"de002231-bbc1-4a41-bf76-1c54e386fe51",-122.42403944443619,37.757128218667518
"de05e3d9-9efc-4f17-becb-5443fb3cca5c",-122.49461431828968,37.73033573755972
"de095345-088a-4a54-a377-05f43d1e0f6c",-122.4587357384419,37.786594322356088
"de145bac-392e-4aa9-bf69-cd67d40f14be",-122.40556598621384,37.760656500601165
"de1b9138-a3d5-4799-941c-b8c5be3c4965",-122.43668259914874,37.775613488519696
"de29aadc-a9ff-418b-b2b6-7636917096fd",-122.44967184299173,37.71209652729312
"de2a418b-77a5-4b7c-bd66-ec46aeb98ba5",-122.42052682631063,37.740417027897976
"de2ed961-5d67-4847-a8e1-df5da555a7d8",-122.43415895828504,37.771294456567077
"de3992a2-0f27-4b27-825f-e35c6b3fd4f2",-122.42219326311425,37.741103665795443
"de3db968-caac-4b7e-8971-57ecd5fbb4fa",-122.41887723803906,37.758295513426354
"de4a30c6-ae9f-4005-bf51-94b8f8739a0a",-122.43230302382662,37.745687436000736
"de4fa4fc-a51d-4e15-8050-8ff01101c8b5",-122.49762032500819,37.778235579069126
"de56c1d0-1d96-4ffa-b4b1-e18796650f7c",-122.3745327240504,37.731435835841161
"de576d6c-e127-45e8-bff9-68902c6d5a07",-122.43651966476658,37.771782464262365
"de6797fd-60c8-4be9-a140-bbb392a471d2",-122.48731533243512,37.77581301449311
"de7c1ac4-4a6e-4b97-bdd3-f6279f17d7a5",-122.39205838155884,37.787452020960707
"de7c340c-4119-4b06-9798-6907293dc7fd",-122.3944999534379,37.778544254502947
"de7ce589-ea05-4d12-95c5-bde5a9ff96b8",-122.42291755253603,37.764441931472156
"dea338fb-ed58-4283-bbae-d3a325fe83e6",-122.44444181985648,37.771377473918491
"deb6dcc6-ca02-4ef6-bae4-60858998baf1",-122.50277132136786,37.747782923275068
"debb633d-5ee6-4439-8536-b4b2acf53bd8",-122.43391276434717,37.773176052005873
"debd8080-38d0-43ba-b5dd-fb0283c46b46",-122.41595934921192,37.792866731703974
"dec3440e-552f-4365-b17a-47de1134b042",-122.41718474567703,37.748706308000365
"dec924e1-1bf7-467d-bc5d-b671f0385cb7",-122.41596987945221,37.758730589216157
"dec9eed2-120b-47e0-bb9b-bddcd4281900",-122.46484663896963,37.713963620860966
"decc52c6-3bf8-4a32-9711-8f41fcac22ab",-122.43013525653626,37.749522584148927
"decd680c-06b4-41e8-8b06-66778b0ebe6b",-122.43164932344706,37.756355750163785
"ded84215-41de-4e17-aa52-0ed8964f1541",-122.44289549385483,37.758576510131874
"ded99d51-99a8-4976-8896-515cf7d5fd0e",-122.42210048149545,37.758051514378671
"dee6e7f9-6f88-48e0-9daf-636018189912",-122.45645197131769,37.787355236479314
"deea66f4-83d1-4e38-80f0-0ba57d751ca1",-122.40029586111477,37.737887752821869
"df00acfd-9b31-46be-8d15-83a90e5f7288",-122.39205873658052,37.786598942501747
"df0a66b6-889f-4eb0-ba91-63c356d4c266",-122.44981926361055,37.759796467124218
"df0e4e60-a37d-42ea-9e84-f4e359b29226",-122.45237087990921,37.762934705089648
"df0f1ea0-6b86-4396-8b98-dfa802286951",-122.44768660488954,37.709303574185114
"df128bb4-ee1a-4e76-9360-82ec041ef1f7",-122.42944092949857,37.77041881702322
"df144a82-4858-40cf-9eb2-d02a91d6b2b3",-122.4265071307366,37.752552063064378
"df1b69e4-0e45-4ab3-ad15-ff93ee0c7790",-122.43800564326241,37.754185904939234
"df229244-3211-4e1e-b9b5-871eeef569bb",-122.4087901706898,37.803833125313837
"df2f6510-9ff0-460d-8d4c-3159dfcb384d",-122.42360501886431,37.767746253038624
"df35a030-61bb-4b21-a432-2d221d5ae8f8",-122.45200893269498,37.759496633362438
"df475964-0a25-416c-8904-9ce41aac84e0",-122.40975105342268,37.737694962916173
"df4f4b63-29d2-4f81-9400-49ddfbb9d664",-122.44457153228598,37.747806786350388
"df515211-7215-467f-b919-6e35758bb9fe",-122.49048383483628,37.786445319078489
"df5c4ec4-8610-4f26-861a-4669b8e66ce6",-122.42961560866364,37.769317100919388
"df5c5768-d3a9-4406-ac40-fcff6422dc8a",-122.50060010721069,37.774902596911716
"df612bae-7520-46ff-b031-5ef76ef7aed8",-122.41248954544524,37.778138948226157
"df616892-51a5-44a7-9d8f-887eceba3a28",-122.4544223214324,37.76472865062042
"df64b2ea-71ea-42b3-aaca-28075b30d368",-122.50830073266462,37.75601495930006
"df691c46-4044-438d-b067-db557cc18dfd",-122.42695180988781,37.748211242265633
"df6bff36-4df8-4959-aa4c-0efcb4fd324a",-122.48442888434479,37.780275386766036
"df7559ae-453f-4ef4-825c-b9c927ac93e0",-122.38304339716046,37.727762185797971
"df7d7d57-0234-4ca1-af71-23fa897a7a46",-122.3945515459728,37.760770853609543
"df7f3e3c-5cc5-46dc-9b45-f18906a3328e",-122.48750883324753,37.738325003567013
"df80d15e-97e1-4b58-9c6d-6b4c8439003a",-122.44413073244921,37.762274020034134
"df817443-d58b-4012-87e8-e06976b9b8e1",-122.44155915717258,37.715125444189219
"df81efa8-cc0d-4acc-a9c5-78ee2e730c6c",-122.39826068893143,37.761830450935811
"df837ba3-ac9d-452d-a250-047400e22f11",-122.47628404531552,37.783768606593256
"df84cd21-6c49-43e4-801f-cce1e171c4f5",-122.44242210843773,37.754104391973293
"df860ff4-81fd-42d8-a6a2-41c723ffb21b",-122.40246362935784,37.758597052889534
"df9814ea-6c8f-4081-a91b-b9c302c92ad4",-122.41360186100725,37.760046548054795
"dfa03008-ab94-4ea2-9886-bdb5ae60d188",-122.45564751614759,37.78081149432284
"dfa7b8aa-c46a-4186-a22d-e66b9163b0df",-122.41130310378038,37.7774004718744
"dfaa42d8-59bc-4d26-9782-e7247cc58889",-122.40809249946246,37.732605908790042
"dfcc07ea-4c34-41ab-b1cd-ab6b15195a31",-122.44223165561881,37.712162448605142
"dfda8aa8-bf2f-40ae-b3ec-45976ececcaf",-122.44301043572013,37.712128474809404
"dfe4eba9-17a4-4202-b271-c34669128633",-122.45551971483901,37.730401756851919
"dfe79263-3449-4c4d-8308-2a805300c8d4",-122.40905117321093,37.757114891599443
"dffcb753-76b7-49b6-a397-116145300b6f",-122.43867955243191,37.786510979250728
"e00722a7-a3de-4208-86d2-2dbc401c571d",-122.39428117800016,37.780669863811873
"e00a579e-7728-4012-925d-b5304eb01883",-122.43387373381225,37.787063456794463
"e018ea74-126c-4f38-a611-3155b5bdeee0",-122.5043997311079,37.76038196726136
"e0201c65-5e1a-49bf-bfe3-5abf17ce2ef7",-122.42672181248665,37.775734539694938
"e027f57e-7c87-4f0d-8a1e-793807db1892",-122.47701308333873,37.784358137853708
"e02af375-f591-44d5-bd37-70d0f673a07f",-122.4122015362116,37.771735460558396
"e03031fd-481a-438b-82b6-81840ad12daa",-122.40833762511843,37.767288368278777
"e039fc4c-86e8-4942-b11f-36631a903164",-122.45523951622552,37.720461650798875
"e05050c2-59a7-4ecd-9b53-ffbf0e89d708",-122.49377217070784,37.778685569203
"e05c80e1-fbf5-48c3-b70a-b50a870601f0",-122.4269465641928,37.772073540272913
"e05d4252-8ccc-4e88-8213-fb841e6e9cfd",-122.43155018549727,37.741708414433553
"e064ceee-d60d-4e91-9c33-47280e65614e",-122.42571320910955,37.7945954562063
"e0713258-b319-4b9c-a14a-7da227f95881",-122.4408554134007,37.714337718084892
"e088601b-1173-4f32-9511-8ed7abb5c38e",-122.43602010456576,37.7497537546239
"e0947468-ee16-4dc2-ab92-045dc7a23ad6",-122.418053242188,37.739292646763758
"e0976cf1-11df-4daf-881b-dd9a2e49495e",-122.48801060319926,37.760967691881049
"e0985697-8f70-42a3-a726-fe35c32cbd47",-122.46605548489197,37.781111543969196
"e099a5fe-fcbc-4543-bd7c-7d7b42de5e9d",-122.41701839900418,37.766286740599632
"e09cebc9-66cc-4dae-ba8a-1495ee72b476",-122.42057494775605,37.785364847017412
"e09ff54c-74c6-4d3c-bdab-bb86ad408fe7",-122.41594793887633,37.806375848762947
"e0ba28b8-bf7c-43cf-8bd3-3b1d2fb990a6",-122.41092483615766,37.757888066047236
"e0c9fa2b-b2ab-4568-9500-8ebc2f82ecc7",-122.45586854091265,37.788632760432741
"e0e3e2c3-cee9-410e-81b3-eb47f4c8014d",-122.47656618580106,37.7809666602468
"e0f61c7f-9520-4f27-a7ac-a83140a858a0",-122.40546019077421,37.79396548620462
"e0fb5136-b8b1-47fe-899c-b597535d6ddb",-122.42998705285125,37.798266957643072
"e1199509-aaf8-4a4e-ae25-6abb82635b1b",-122.41192521788794,37.774750570280609
"e12289d6-c16c-46b8-813c-503a57787a9a",-122.42932602671948,37.755201658332055
"e129586a-a047-41d0-b130-c9594fd05b25",-122.50104626167322,37.762891773659071
"e12dfc51-fb9c-4317-85d8-617afa700012",-122.45394399241655,37.774477335743263
"e138f724-c1b7-4c14-a81e-52f76a7cb4a2",-122.41377928637284,37.755353757369328
"e13c87b6-5dc6-457d-8bf5-04e77473bdd7",-122.46046398132322,37.780263559673081
"e145d425-c5f5-439a-92b6-85550517552d",-122.46941371271738,37.76408215113635
"e14fe139-c30a-49b3-8636-87c6c8df0c52",-122.45071725296056,37.769894502175283
"e1542598-9a07-490a-9ab0-f33a7e0ffb02",-122.41506467145364,37.756930166453792
"e15cf493-805e-4784-8dfb-2006f5a3bcdc",-122.46822918825099,37.783602367741295
"e170d752-5868-4a36-ac55-26a093df861d",-122.44101427553503,37.765554727080804
"e18643c2-c9a5-421c-b601-4e7f2f8783aa",-122.41485376982766,37.771816247326122
"e1892311-a216-4f46-ba14-5bab8c053902",-122.45458646032408,37.715018010999351
"e18d3b33-46a3-4d46-8f4a-0efa7826ac5a",-122.39063418938963,37.736792841579792
"e19f0417-0d78-4786-ad1f-3660401baabf",-122.48206434338961,37.778390518799576
"e1a3138f-6256-4b15-9ede-3782351eb246",-122.4093135035799,37.779277622710289
"e1a5962a-ec5a-49d4-b269-12ea6c64836c",-122.43113205269606,37.745223005875737
"e1a67329-9984-4840-8db1-0a93182e39cd",-122.47839315678819,37.744508709898142
"e1aae396-060e-477a-b180-670d9f5f324a",-122.47393876779597,37.755367938054704
"e1b34486-53b0-4c7e-9eeb-e321c29e20bc",-122.41375860899062,37.790283685392509
"e1c0543c-5a50-4813-8758-66e635a0664f",-122.40736778965775,37.749878328408542
"e1c976f8-f923-47cc-8878-6b8328ea0018",-122.47277339299045,37.749096577456058
"e1d4d730-774a-4b68-9238-d0b364f9d2fa",-122.43711186033009,37.762046503898794
"e1d8209b-be37-4ab3-8b3a-72ccbd843d2c",-122.43545842303982,37.757731073766251
"e1dc56b4-d55a-4906-80c9-ec713c98d7c7",-122.45046233949094,37.781337942480356
"e1e4bed3-756b-4189-9dfb-d2b9723dbabc",-122.41194878748148,37.736759654882469
"e1e60fa7-1e1a-470a-a092-00c5a13fde83",-122.41503115338142,37.74844366792928
"e1ebb8c0-5498-4452-9f5d-866e5f77b253",-122.41840993659268,37.783728280674744
"e1f7ebd3-c5f9-4d60-84e7-036f41a30b71",-122.42390539544797,37.725303196267149
"e1ff7ee2-8f3a-4571-a982-d464fe72dd36",-122.45126498531083,37.763174430503796
"e207477c-3d16-486c-8bc2-b6f754973aba",-122.39739852027483,37.716484399981539
"e20caa98-82bb-4068-8705-abbb0fe5e843",-122.4663493907517,37.718802640679883
"e21d736b-5aa7-4b54-95e0-5b03c946454f",-122.46581152908136,37.720244998937126
"e2204874-e6ca-4838-84f2-436332f32973",-122.44211359242742,37.725367290437937
"e220a119-f913-49dd-84cf-d235bd942a12",-122.42040869578196,37.794366064255883
"e22b51ae-f15c-4e9a-9c28-a6016b8581f0",-122.50772513723075,37.757188873040079
"e2360147-7d3d-4fe7-a09f-9fadd1aa46e7",-122.42879282512496,37.741619869917365
"e2361348-4a4a-4a2b-8b07-8df2b8364ad5",-122.42613773717808,37.80148469166442
"e23c7f5e-59d6-4550-aab2-ba73d661db08",-122.41227878887165,37.758092890996068
"e24535ff-cd4f-4819-9d91-df8444e4b7b8",-122.41994331123406,37.760583183742305
"e2479260-c12e-48f6-afc3-36189d5043c6",-122.40211855616579,37.756808136153865
"e24c9d45-2ea4-45c0-903d-78ea71903b6b",-122.429347014526,37.718262769023575
"e24e3336-963b-421e-8044-fd12e80a833c",-122.46281967962975,37.708808443799029
"e2654323-d4ef-481b-b916-7d2dc2710fea",-122.42679908048723,37.772666234271682
"e270a187-1935-4388-a970-256f58585edb",-122.41228669984788,37.786364827260883
"e27d4669-700e-475f-abea-876aa0d31bba",-122.47232701366561,37.765191869918247
"e280c80b-0059-475f-bae1-10eba740b527",-122.44040647539536,37.749829402353647
"e287a071-e770-4a92-832a-0e50e64b6427",-122.41284597901375,37.783043728839509
"e291f547-331b-4011-b3c6-6802a628e72a",-122.46946741675757,37.7859346759317
"e2aad55b-3d45-44ef-9331-a39bd53833d3",-122.48559223226751,37.781603026516876
"e2be8cd8-ac7b-4955-a98d-661068f6c4b0",-122.43113859758631,37.78973651883144
"e2c6350f-9709-415b-8383-8ea17ad85948",-122.48761722410023,37.782830144746264
"e2cba138-1834-4587-b606-c94455fae7de",-122.43522949723928,37.748409853294355
"e2df6320-611c-4a9c-a40d-be253809b0d5",-122.3992967430456,37.762503308161115
"e2e332b1-20c8-4534-93db-7d0d73a72a76",-122.46941045481601,37.779377728834675
"e2ef1e8f-1764-4ceb-9282-d04486a88abb",-122.41864513983376,37.7894514961671
"e2f0dd09-c5f1-4cc5-91ca-f46bc485e455",-122.42692519294206,37.738953300363107
"e2f0e6f0-f378-427b-8381-7d74e058724f",-122.43659901981651,37.798194282594039
"e2f2fbb9-5649-4e6f-b362-86f98d55c5de",-122.42660413316595,37.774189247046735
"e2f32f99-2021-447f-9380-a3b791c05659",-122.37822089994211,37.732356305016943
"e2f4a2e8-a5a1-483e-a9f5-cec0a682f7e1",-122.43318661546391,37.750142249039328
"e2f8eab8-f936-4c15-8c47-26e3a02c22e0",-122.49431238845008,37.777059561307311
"e3016667-8da3-465d-8e40-ab5c62575c31",-122.4279784444245,37.802241778691474
"e30b700b-1aa9-439c-89d3-26562ed74715",-122.38868042390216,37.756998918271563
"e323cba6-a2a2-43b2-bfe3-bdf061e862e9",-122.42489729168324,37.736761287339014
"e326b89b-d8e9-4ffe-a95a-ddfe7778edb4",-122.44163867085047,37.772117395651563
"e32a01ab-4660-47b1-868d-fc5ea71477a2",-122.39273573583539,37.782856123300931
"e32f65c3-7aae-4879-bee7-7f95090e49ea",-122.38532660705714,37.71863862810627
"e330625a-29a0-40b4-9eb7-1191d9994188",-122.40113491747054,37.751252229519444
"e3341fae-f649-4446-9572-d7e8d8b588bc",-122.44220056627047,37.723670207602289
"e33934ab-d055-47be-897e-bcc191244900",-122.41802304528647,37.766870578862132
"e33cd703-c22f-4df3-a554-f95b6790e1be",-122.40771912666534,37.782975098208091
"e33db6a2-19c7-4c34-bf05-4ce9cf26bc3a",-122.40783885251332,37.784812311593782
"e3407883-c182-4880-ac28-1e1dc4f401f5",-122.41978822316361,37.755727547330174
"e34350c1-57aa-487f-91a5-55ee3855ece6",-122.50426403409685,37.780883651844469
"e34a4499-9d08-4ba4-a703-fe3019be1530",-122.403578768325,37.80140913213107
"e34b9938-712d-49c8-b184-78837ca1cfa9",-122.42179634704443,37.805003964458166
"e34c193d-2d80-44f1-a31c-f177a29d2e52",-122.41841918002407,37.747111084734783
"e34e1153-ad5a-43af-bf45-ae4b82ae0bc2",-122.42420484251886,37.795755264558316
"e354c4e3-4b42-42f2-a596-15d9c7690319",-122.40338008907958,37.782563287468591
"e3653947-e617-4803-b6c0-0dc0b65d87b8",-122.49682378529816,37.776261479142967
"e3712e24-f0b9-480d-b153-8dbbb2c78e4c",-122.43586308321552,37.785279906723957
"e381bd01-4b62-4350-a3d4-30d2d82321a8",-122.44856161397102,37.766525044025911
"e39424a9-230a-4444-a2f4-29151c1a2825",-122.44957841145849,37.759233008116887
"e3a3fb52-5a50-4276-9963-957dfd141aef",-122.4102142884156,37.795381423345958
"e3acdb1e-d4e6-4a43-9377-911a1b3d1e1c",-122.41870351615869,37.730773141487795
"e3b39546-b3d9-460b-8562-ddd4d035ee49",-122.4421443053204,37.799589925205105
"e3c529fb-0bbb-43d4-8055-227dc2cd05c8",-122.39441094041237,37.765846157659283
"e3cb7517-a064-4dc1-a001-01895d1250a4",-122.44368857368293,37.804848404174713
"e3cd6dd6-8e44-425e-a380-290f1234c658",-122.41025330059527,37.780678961250608
"e3d14ff9-ebbf-4c84-a270-68a16709491b",-122.43084409487496,37.743357439845191
"e3d426f2-d0e9-4719-8aba-8ee58d10cdab",-122.40476894796183,37.793683243252559
"e3d70673-b8d9-43d1-bb22-da9cc6953725",-122.48842813798473,37.779203431712823
"e3ee3c96-5901-478b-9658-5f97c838bc15",-122.44536473534096,37.769436338113231
"e3f9f53f-c400-401c-9167-c3799130a08e",-122.44393463490138,37.785209096426584
"e3fe670c-8165-4d26-8ac8-6def4f0a29c3",-122.4325651594453,37.777020499822491
"e402cf8b-acb6-4a60-92af-5a0862a1aefe",-122.38242794585889,37.729993438698649
"e40496f5-3a41-4ff2-856c-a79be1ca6989",-122.43712400538075,37.754073747913033
"e40537b1-c9d5-4634-ae27-c3d7b6cf9a8f",-122.39978434710562,37.757406796964013
"e40b79c5-5cd8-4271-9544-27c10163977e",-122.4300280882502,37.739176724049926
"e40cf2d3-3087-4f16-9ef0-e533f974a77c",-122.43181668860802,37.722205277356252
"e4107ac7-fe35-4f67-9b11-090bea54e622",-122.43876520831004,37.752986687589235
"e429730b-5c12-4605-af0d-77742b648755",-122.43624851065965,37.735896405648454
"e438ca09-3b61-452a-ab4f-9bb71027ead0",-122.50733718090248,37.757549904912111
"e4423d2f-be01-4705-834d-19c88479f72f",-122.42987221489608,37.757656206834334
"e4461970-4352-450b-99ed-3435334a9c2f",-122.42117983977771,37.762656192320613
"e4520964-b87c-4de1-b998-6791bb5f37f2",-122.39205961840018,37.786065246145675
"e4560700-78b8-4a7d-b763-a950f8504e61",-122.43597237158124,37.805730477872892
"e45dd672-dbb9-467c-a30d-b5c816122a71",-122.41593139778116,37.750424757319983
"e4707950-b4dd-4de8-b104-b18d8dc9da72",-122.42271006946346,37.7822245355834
"e48d0bb7-dabe-4e40-a0da-b9f05a7a4e86",-122.43590999767069,37.759790221276688
"e4908800-26dc-43b5-a4c1-090818053ed1",-122.41463545918563,37.770366074494412
"e49c0ab0-1576-411a-aa26-fd17aabe3f3c",-122.39649380202817,37.7246958900497
"e4bc70bb-c4c3-43a1-a128-9b290139297b",-122.42338812492744,37.739279597589785
"e4bfd9eb-0cd3-4a9f-a8f3-050c4952c212",-122.42162356651012,37.790577504404588
"e4c1af19-d0d4-4e65-a024-f7b1700bd865",-122.45170333437099,37.722517252692256
"e4c67ba6-c92d-4bbd-932b-7e0edc6bc73f",-122.4370324493015,37.7466914912993
"e4c6ef2a-6295-4d56-bcae-36a4816464d0",-122.41908250602684,37.735088449119495
"e4c91d22-7918-48ff-ac64-a64003e50296",-122.45156514902469,37.749137697001309
"e4d5a5bf-9edb-474c-8e24-ed25b104b786",-122.43044802025544,37.746775125753253
"e4d82333-1fd5-4882-9e00-fcb085165e4b",-122.42180139288429,37.782865271211818
"e4d912e9-3d9d-4394-92d7-e4a6dac09132",-122.44694143132271,37.788643117750944
"e501e541-d218-4ab6-8670-e4c19a07b3a7",-122.46413265282602,37.754893032614234
"e5057cab-29cb-4d7a-8a48-6110977beb63",-122.41641930133649,37.79771443627687
"e50b80ac-fa45-48a6-bfab-1a5379cc3440",-122.45170333437099,37.722517252692256
"e51a8524-a232-4710-90d7-1dc8aa9718e7",-122.49389948880892,37.779840244933638
"e52b496e-48e7-437d-936c-aecc77052fd3",-122.46887467206814,37.783430027368851
"e5329230-d56b-4d49-abb4-68e14cbfc588",-122.44466009586695,37.744936915592092
"e5396649-7d5d-40d0-9d15-1cffa0254521",-122.47958616598868,37.731322887076352
"e54db406-8774-475b-8ad6-f33d378d684b",-122.41802069869544,37.782773041608593
"e54f1f36-bfda-4e8e-965f-01a3f60d8bfe",-122.43208365335438,37.776199440563182
"e551de34-beae-4feb-a835-146cd9df8e57",-122.43738947165926,37.757170503761834
"e558bb6f-332b-4e68-b1a6-4900edcf4283",-122.43120972177914,37.746085837592993
"e55d5035-c093-4d22-a4d6-c2557eae89c5",-122.50257956232508,37.760393640351012
"e5602d09-3261-429d-95aa-25929c7035f1",-122.43544956394625,37.789116468788563
"e56a9a6e-ed22-432f-80e4-9074c7a4235b",-122.41736409650223,37.739060174152819
"e56ecceb-844e-463e-b096-0f2fdd45d230",-122.41831848681515,37.758588769176249
"e57ab7b9-f8e4-4a52-b89d-67742850977c",-122.42962149928734,37.77364552663591
"e584b8ec-4f30-45aa-9c0a-a4d4d826b2e6",-122.43301929307638,37.742788859148376
"e5874ef2-8f43-4732-82fa-f960720ddfda",-122.43406193062623,37.756210290104335
"e58fc8c2-9356-45ad-8fb2-e16d225fbaf2",-122.41062861064567,37.77793318808228
"e596ea25-fe0b-46e9-9b68-3f9f80732e50",-122.42228431406468,37.804983300166242
"e597f14b-7ad6-4b24-8c94-9f7358289992",-122.42789643024462,37.746125712803966
"e598d31e-9fe6-4192-8186-bb16b94bbe0a",-122.42719599198635,37.776440892880217
"e5aa4154-d568-46f9-b0a2-d038b5254648",-122.42896512376899,37.785768983544671
"e5b24135-d643-435b-8ae4-039456e59ea2",-122.41952049844846,37.794982908519778
"e5b7d798-aa9b-4849-9fbc-51bfe95bbb24",-122.41438761766796,37.750070891701213
"e5baccf4-d861-4279-86d8-8a3925951b05",-122.41901414512954,37.733751870239516
"e5bdb971-ec42-47ec-8a78-67b525f8ee2b",-122.38967937057406,37.757297690924496
"e5c3b5f3-b6fd-4c56-b649-d1492e488ae4",-122.42219691371766,37.7974707773519
"e5c6f8b9-704a-45df-85b4-5fcfa1abac55",-122.45603429164316,37.764827157963659
"e5cba233-79e3-421e-a329-035a5eae392a",-122.41951105183153,37.744637212480725
"e5e003df-290c-4706-8bd7-e275a9d3f740",-122.45107865657522,37.772724280454845
"e5f95e94-0ae4-482d-90fe-862f414f645e",-122.41585476185311,37.7496237574665
"e5fb1623-9b42-431f-8736-f9ea198dce39",-122.41024803243695,37.749919934712082
"e5fcb4c5-1ca8-47dc-976e-e7cfc0e9459a",-122.39992551821116,37.732504714780426
"e5fe19f7-7192-46e6-a1ba-46994ef1fbcd",-122.42237726661979,37.753697011417685
"e601ae4f-ed56-4655-a424-5e1bf6f35961",-122.4173228753738,37.796037756878462
"e6085921-de6d-4174-a2cd-5ac964c25899",-122.4364188442985,37.799476479879168
"e60af499-5aeb-4e23-8dbb-28e0a0536768",-122.44109727806247,37.785569873041133
"e610aa39-7ba8-4aed-b975-53aae675d842",-122.44508506370994,37.800064910887109
"e6179467-4514-4f81-9c2a-4ef53b66a780",-122.4282765067682,37.767380230257288
"e61bca29-8f66-41ee-9496-24cbe2ac6ea7",-122.43025395593067,37.747102637165959
"e61c470d-ed21-4969-a38b-818a7075f183",-122.43354545170476,37.725142339440289
"e61d1acf-9e8c-4d06-8e77-14aa3b27f558",-122.4410064601124,37.776591894418
"e6219ae0-18c0-4d45-991f-1f46a42b6595",-122.39579560220974,37.787484122591287
"e6266b70-307c-4d21-8d07-d33ab17b8e39",-122.46334014515361,37.759907787600376
"e6303dcc-11a6-4194-b3c5-b1ebbbe3d35f",-122.41617987672608,37.774896978354626
"e632f310-d521-49b4-8ff9-40b1546464fc",-122.41772280589191,37.802328803915209
"e635988a-2ae1-4ba5-90d1-ba7fd7f436b2",-122.44104105119564,37.772020137320155
"e638e90c-71c1-45ab-87c1-9720884d6fb7",-122.42477337775037,37.774449881303461
"e63c30a3-6668-4ed4-81b4-5aaa2fc3f195",-122.4231698532902,37.769267158482094
"e63e882a-7d86-4f1d-b510-e02791803745",-122.42801608617511,37.751747861166237
"e64580b3-fd87-41c1-a075-87ae4c3271d0",-122.4264035343428,37.738167092814145
"e6490565-3c6c-4ecb-afee-f975a07be345",-122.4654471598972,37.786749393247725
"e6559e84-eac6-44b0-b5bd-5c3547e1ec7d",-122.4271110258607,37.754482669633489
"e661bc3d-ce8e-41b8-83df-71671e19a357",-122.42883223477833,37.799159912178233
"e6620ddc-d89f-4bd3-88f9-d2dbcb35c300",-122.41690271320927,37.710177159769195
"e6662bff-b8e1-41c7-b62b-439f54de4ce5",-122.40162245219523,37.714606642257607
"e66f3e2d-3da2-42f0-8297-b8aaa9a17b1f",-122.43847186148767,37.745482967812833
"e673d5d1-c576-4d02-ad88-72295158ce66",-122.42481148444176,37.755228900171559
"e6786b54-65e8-45f7-85ee-2ebf54cb9223",-122.47518365908299,37.74387463585002
"e67c5bf3-1860-4a13-9dbf-7850e34669d4",-122.43465180435581,37.7547706941489
"e6803513-60a8-4686-b0be-43e043d4cd60",-122.46849794889057,37.752745221161625
"e6807a3e-ba89-4cc4-a509-a4f300525dfa",-122.39246752839679,37.71823879264371
"e69398c9-565a-496d-b387-8df75db835fa",-122.41383742079145,37.786166293022447
"e69991c6-f30c-49b4-844e-f68495e82f1e",-122.4451826505244,37.7311098325623
"e6a8025d-848d-4e47-b999-448f2862eb1d",-122.40211573483658,37.754973961961156
"e6b29ead-8400-4a97-9646-4e1b38a1b4f8",-122.41989836703202,37.744515927442507
"e6ba3932-46e9-456c-a39d-f4e0441cb6c5",-122.48906924988343,37.785204234453253
"e6bca625-3fa4-4218-a816-70b43d9c9ccd",-122.43036615458053,37.764294552866829
"e6bdcd92-990f-4e46-992b-a3833704a6ce",-122.42634885809193,37.778270235553542
"e6c42859-fe6c-428e-a09b-abdadad90d8e",-122.41585476185311,37.7496237574665
"e6c6a379-58a0-41a2-adb2-46926aa7dabc",-122.43801035693048,37.78653527382172
"e6c9268c-dcad-4d34-831a-058ca942622b",-122.41577634775575,37.797873690865579
"e6d0b88c-e742-47ca-89c1-229ddbadf09c",-122.46565220094578,37.760439001888564
"e6dfa86b-85c5-4d20-a0a4-3a07a3a961ee",-122.44569782183329,37.77891394699008
"e6e57ae7-c57d-4e8c-ae44-23be39695bdc",-122.44336322391678,37.764131765611289
"e6f588a0-3cdb-442c-9ae8-ee9fd875405e",-122.41980011618212,37.797599340641845
"e6f95db4-e223-463a-9da4-72b21490357c",-122.42009217624982,37.762115956519864
"e6fb6a08-e559-41f6-8359-3ef09faec56b",-122.45977720141371,37.71532779096615
"e6fc9596-6981-4c5b-9c8c-b66bd941bae6",-122.46046485221122,37.783239745978882
"e6fcba14-7f2b-44ba-b944-4add265141ee",-122.50821775005646,37.75513167547016
"e7036813-8ab8-498b-9573-d61c3a8dae61",-122.41817229989762,37.727510603123278
"e73094ad-fbe3-4965-b61f-e57819caf8db",-122.40910160324036,37.754031208715261
"e7316afe-b024-48c2-85b6-e5df701715d4",-122.47121095981691,37.720412163594176
"e735023d-3905-41f6-b6e9-eef34278e06d",-122.4397559774274,37.77682036503527
"e74294ff-fb3e-4b54-ae25-05257a6f5578",-122.43983753346478,37.79107726114794
"e74bccbc-b8dd-4c64-b377-f31eb1f6e7e7",-122.43557172005713,37.769797467219391
"e74c8855-093f-4e1f-9c44-55e3e6ed47ab",-122.41134014306634,37.777235616758581
"e7514792-b86a-4ce8-b37c-47fe1544bc0e",-122.48462663340781,37.776937340931482
"e75c2965-bb21-4e87-a75d-15b06c71b57e",-122.45004400229062,37.782417537131636
"e75e8d39-b993-4f5d-a3a8-a57cac89a707",-122.391751620083,37.789738693930673
"e766c0a3-b783-453f-8b96-7342f5e07139",-122.42251938975276,37.772811474022411
"e76a78e3-0685-4889-89e0-1c3f26de216e",-122.43217518170027,37.789604703798375
"e76b448a-a57f-4723-a56a-5937ad3f0649",-122.41004260393547,37.711736447217888
"e771e77d-9861-49d3-b486-d4782e6f0c01",-122.4179195816573,37.775981011683307
"e78db3c1-a5d8-4d70-8001-be2791607637",-122.46961384523448,37.7849652616007
"e79b3c50-c670-4d2d-8934-6af54ed358af",-122.40813550372526,37.719225058781056
"e7a51e4d-447e-4bd9-aea8-de6f05509d2e",-122.3995181882396,37.758249190883838
"e7a76d5c-a8ac-4c9e-95d3-8ecd34e31e50",-122.39092780289467,37.729126620754357
"e7aa222f-69a6-43db-80be-b5dbb6b1079f",-122.44578556043204,37.775516785621228
"e7abf557-b1ab-417c-ac1c-254e3fadecc1",-122.43343138585833,37.77411929413347
"e7b28b72-c12c-41b5-82a3-a56d3ed9feaa",-122.44297365481752,37.784948857953218
"e7b7250b-2756-4e26-bb18-6a3bbf245af2",-122.4211186765544,37.800478943146707
"e7c25676-21d9-4fe4-a871-87e1ea6596cf",-122.44351061371195,37.762984421467593
"e7c5e0ba-729c-442f-bb28-013f1d77f879",-122.45306502837752,37.76755130275972
"e7caac1f-a4f9-418d-be69-64b97a02727d",-122.38254343552829,37.709538011563488
"e7d16f06-9109-4eac-83c1-99ec1e22e6cf",-122.39912679677283,37.754146272864318
"e7d47ac6-3d7b-4f1a-92d6-79ab6511bde0",-122.41952205670685,37.790221740102375
"e7d4f99d-2c23-4448-b201-8389219ad02f",-122.41016480554319,37.741417286684552
"e7e7ad40-05e4-47a9-b044-5795720fe1fb",-122.50968717181577,37.775259610932615
"e7e93fc9-e09b-4d3f-aad5-9389bf78b7f6",-122.43489212356788,37.743607203410349
"e7f12ee4-516e-43de-8e25-e04e97577d4e",-122.39460112209287,37.774650480770227
"e8085323-c216-4e77-85af-232ab33857b0",-122.4351423120894,37.756237986255357
"e80f1e50-92c5-4620-95b3-c9916f2ff8a3",-122.42377065445247,37.766347090565191
"e80feb58-331b-4297-a0f2-03647cdc1f60",-122.43031350470453,37.759935755229044
"e818425f-2ae0-47c9-a1c9-378def1f1347",-122.42788569624555,37.7456373504686
"e81bef8e-ec85-4ae1-b9e1-cfc8ac00f655",-122.47587088147134,37.784409092422884
"e8203110-746a-4943-8efd-261b1e1f2c62",-122.43081240793168,37.751089080287436
"e82fe339-2def-4bde-bd37-84bf92db416a",-122.42334720960532,37.772913999525883
"e848590f-ec18-4dd6-8019-c9313a666983",-122.41337712887369,37.777788501655358
"e84bfa07-1c1c-4d9c-bacb-67d25effe5e1",-122.46258997270128,37.779892433954466
"e851fc5b-28ff-4504-b55c-655337c7c666",-122.39875693359312,37.781933726192982
"e8545af8-6e5f-4b90-9fc6-32084b7c33aa",-122.40325623881927,37.795762203901845
"e85a27be-9a31-4687-ad97-a1ac9a7b428f",-122.41058985247143,37.7715748704918
"e85b6adc-279a-4ed1-b400-8cfc1b61dc54",-122.418673867271,37.750259699503012
"e863c5e7-d7e5-49f7-9909-e60f3dae2b57",-122.46916634175254,37.76215402813456
"e8681260-ed40-4952-872c-960e72ed5c6e",-122.40726566432426,37.744818191601567
"e86b4ba2-03de-46b0-ab62-4ef6e9980def",-122.43189596408709,37.798093442159164
"e87b4d02-42e0-463a-94f4-3573b60fe12d",-122.42460715388131,37.771161651023839
"e887a842-0e6f-419f-8d43-a3ba9b993608",-122.42546194938349,37.777093347442651
"e89741e9-8676-4283-91fb-b45a73179da6",-122.44289586301055,37.784004877727867
"e89e2b9e-ef16-4398-9481-60bb3ee2ab0d",-122.42117983977771,37.762656192320613
"e8a640f1-9916-47a3-9759-7a157f81d876",-122.46542951159574,37.753104481626472
"e8ab8fd1-ee4c-4ad6-a1b1-a3115825582e",-122.46380508369963,37.7812131325618
"e8b6f0ff-3a13-4bfb-9a29-c054f6d9dd0f",-122.4027129604179,37.78931676550306
"e8bd6642-1834-4410-a776-002e7a2c974b",-122.43572144222445,37.790901932027758
"e8fd517c-f825-4494-881b-db2815acb7f7",-122.40319733887445,37.717705559137869
"e9013428-5032-49d3-839c-e9ce764b377a",-122.41290868706662,37.741351059871619
"e908f319-40d7-451e-bef6-c44871284f55",-122.50824032968961,37.773672092850155
"e9112e3f-94b4-4dc4-8327-bb8986b684c7",-122.48369914928276,37.778936673373522
"e913e1a6-0815-4e49-975c-cc0dcde54ff4",-122.42124541619383,37.764528187327286
"e9140f8c-b57f-41a9-b013-2dd73d21ff31",-122.40494712848844,37.773965033944954
"e91ae227-057e-4a6d-9837-271b031e69be",-122.40343871823848,37.788374305198943
"e92ca6d6-765f-40b7-99ea-50ca82cfc6b9",-122.42171328024882,37.774077581337956
"e92e4284-18a4-406b-a0e6-560eaf4af37e",-122.41107083938739,37.772270053880675
"e93868cf-b9b3-437e-a903-6564bd5be950",-122.41538378991399,37.753611064574429
"e938aca1-382e-4652-a498-879f0db8cd32",-122.46685836629256,37.7852963586398
"e9533cf8-d8f2-4bf8-9e25-1ea3fdb2ee44",-122.41198911859534,37.773310759684037
"e960295f-893f-4d25-98af-a30a46439fc3",-122.44347502315679,37.754103856409643
"e960fea5-d2ce-4c74-9988-b60d87af7dd9",-122.41882355307906,37.741802647443727
"e968a407-9887-4bc5-a5f2-2f550978176d",-122.40941318557627,37.777211973130861
"e96e69df-4a9f-4ff3-a7b8-b91f19b9804c",-122.45223908640548,37.765203420831476
"e96ef286-9a51-4da5-a06f-1618e1561c25",-122.40908281898479,37.782307438862333
"e980f969-29f7-4652-a66e-cf710cfc7ed7",-122.4143705904703,37.749892891624086
"e98d484c-ccaf-487a-8c8d-922dcdb6c384",-122.43168107687795,37.776028308277255
"e990b63b-07d5-4df1-96b7-b2a96d05954b",-122.40481882523194,37.729238280890556
"e9a58c17-751d-4a3a-8891-398068d83c06",-122.42336872143456,37.743497400545031
"e9a81c59-9aab-48d8-aa7b-388a00b77e29",-122.40137108333742,37.753734469661069
"e9ab8c54-0a77-4515-ae05-f587fb167329",-122.48387343782707,37.781337055379325
"e9c9885e-fff9-4486-99b4-3164f5904f0a",-122.40407649667446,37.799834896443762
"e9cb4367-19d1-4f4b-adb4-b388ac49a2e3",-122.42626910043126,37.739340063903207
"e9d21119-4d57-4b36-be7f-080bdb6d605b",-122.44555619909529,37.783474394963335
"e9d2a4ef-562c-4a0d-bc3b-6df60829c0a4",-122.43074257845453,37.752386452766608
"e9d702e1-8678-4d2d-90c2-0e9cf23188f3",-122.41242063412864,37.805074857230871
"e9db4ac2-251c-4f19-9f62-91fec47d59fc",-122.44621028385681,37.769620597533937
"e9e02dcb-65fd-490d-a763-399208d6ed75",-122.43709358210471,37.774604178363617
"e9ea60d2-9385-441f-b20a-f3245d7b1109",-122.4336222831533,37.749802781315488
"e9fadb57-5750-4d26-b011-ad4c627667c2",-122.39312527894985,37.789647612883087
"ea00275b-86ec-486a-8abf-ceb2668e56b7",-122.41533902517415,37.764127716915851
"ea0057da-30a8-4dbe-86bb-eaad925d246d",-122.41451102182484,37.714581909029206
"ea0721f2-62f8-492e-a7cc-5f7ee5d72e76",-122.40779002230157,37.716823514989308
"ea0b6d2c-b1a5-4d23-8b7a-3e2094f7920b",-122.44815390638085,37.789038938150455
"ea0c6ef7-9aed-4db6-b31c-7c7d2d40794f",-122.43906688013102,37.777227142844808
"ea14904a-701e-4c2a-95bd-465066f6345d",-122.43101570642111,37.771173182571296
"ea1f1f3a-53bb-437b-ad10-4fa2424aff81",-122.43439800817316,37.727165694829907
"ea1f36af-8c8a-417b-b55f-777ba85e671a",-122.41771665695754,37.795605083087864
"ea2706f2-f9fc-4246-ae40-a4d33845bd10",-122.46754209988562,37.774115255153539
"ea2ec6c7-60ca-41a1-ae65-21673b4d28b8",-122.46162293182425,37.735946910141777
"ea37e308-f2bf-4435-b722-ebf450d14eaf",-122.41107840504054,37.749170409533427
"ea3e321a-8877-4e95-ba49-bf0d4864b201",-122.46394265788336,37.713489917356675
"ea40f411-b10b-4aa6-9e90-6271a55ac86b",-122.43999819525057,37.750061156637706
"ea435b6a-d493-4db1-bb8c-2580abb53cad",-122.41088254557107,37.764646690119228
"ea4fce1e-33db-4016-8ebe-041cb99d5dab",-122.41885370552505,37.76245848612551
"ea5945e1-f64d-457e-8ee0-67ae74ea746b",-122.4190695547435,37.767330665826933
"ea6c6511-7e24-4e87-a7ed-3d1337e3bdb6",-122.44472400708362,37.799331869355711
"ea6db972-83b2-4841-a17b-14fe021a10d8",-122.49842119495139,37.74706950525453
"ea705472-f7f3-44ea-b27c-50da89abdd8e",-122.49567338984947,37.780997589160961
"ea738252-c32a-42e4-862c-8d687f20d1fe",-122.45981084936153,37.74162709247301
"ea7822b4-612d-4a36-8ce4-c8e42f4a55ef",-122.41699664971397,37.773239846140093
"ea793f27-47f3-4334-8952-c430ae9debbd",-122.44111000724149,37.751339350466196
"ea7aff25-3784-404c-b60a-cbb54440d5b1",-122.46238343875825,37.721915359207237
"ea822e9d-5e2f-42c5-ac0e-c08b89fa4a99",-122.44983723427704,37.759218477779761
"ea8bf8bf-2338-477b-99f0-91303514ec98",-122.50238350722812,37.742259988880306
"ea8d411f-5398-4586-86e0-753d0a3d0259",-122.42528411857545,37.768815961721209
"ea8fb1bf-fb1e-4b13-9b2a-574d2c266b85",-122.4320929691402,37.728792015218481
"eaa3afe2-4d61-424f-86c3-ba25d993f970",-122.44908351390711,37.71964444969192
"eaaa5ede-6dbc-4025-b439-16a83ea969e4",-122.41503827214574,37.748930966563279
"eab28009-5de3-4ebb-9dbc-1ff995a74bb8",-122.42114687453515,37.790638078010232
"eab917d4-2a4a-4457-9e51-8d41b1ab78d5",-122.41340965655945,37.7517792329631
"eabca905-f02d-457d-ab80-da3f55c8349c",-122.4427118789139,37.714195000343416
"eabe0a1c-e376-4619-a77c-9d6b187f8dd6",-122.38653586027837,37.727852761430817
"eac06162-0cdf-4e70-93ea-101d4042d500",-122.39401283000257,37.78088185123417
"eac190e4-e210-474b-a182-aff1b2189178",-122.41838333246818,37.792271229553243
"eacc5e23-585a-4b43-9b8b-a9d479a63a0f",-122.44051383696919,37.764244927255859
"ead2f52a-6028-4a5d-a0fb-4263595bff81",-122.46569735824022,37.778299553834707
"ead75ef2-3d62-4a94-aecd-7b4c4e5f1e72",-122.43564052740857,37.748699687511262
"ead92a7a-7195-4954-bb47-5f6074bae75d",-122.4277095001593,37.782112660370359
"eade738f-a189-4612-9902-258da9410879",-122.41345316685548,37.802871878523973
"eae3639b-2662-4995-964f-8fb1ef44defe",-122.44339711196949,37.781349656096062
"eaed28a9-4cb9-4e66-bdcf-b2e1f8f1a260",-122.4945675135358,37.780566398298888
"eaee72ea-ccfe-4a24-8211-7857bc5068d9",-122.42450508745344,37.757100178140057
"eaf2f465-8bbd-4f43-937d-a38c6704778d",-122.43444364543065,37.766194601745681
"eaf61d3c-1e2b-4ebf-85e6-8f0f0d886134",-122.45057693690251,37.720456639800126
"eb01747f-1497-4269-a229-0ca410e0ad1f",-122.44478469330146,37.767182855376127
"eb17cda9-d88a-4ad9-9c4b-6601b649ede3",-122.41869155283436,37.760795251778582
"eb19a009-f6ca-43b5-b5f7-ff62537f2955",-122.3970860648179,37.763321363966085
"eb2877d5-e3f0-4fe1-91da-e499d0cbcc19",-122.483677278566,37.754054860219583
"eb30e9a1-8eec-4d74-9cd8-0a82390653a0",-122.45559844374961,37.760746485473852
"eb37dc51-d5db-41f0-b731-65caa1a8ff9e",-122.48866441676479,37.781453154844662
"eb3c62bd-201b-4e44-9e9e-e4ac7415b05d",-122.46002318889636,37.764524755133593
"eb3ddada-468b-4562-bb0b-aefc1e9699ea",-122.43035971959596,37.789848968185105
"eb40e99c-e4f3-47fb-bfd9-8149d522a203",-122.41864393870598,37.742533192013347
"eb44c244-b473-41af-ac61-0ef2e7b6863a",-122.43784171313962,37.720881201416766
"eb4a9c26-f1f5-4cd2-bd05-5c23ec7425f5",-122.41812656013907,37.76147657724237
"eb4e5f0c-e111-4add-b878-24457c5fdeb7",-122.41146683499284,37.783220608046527
"eb50fe35-74cc-4885-ab7b-c8484174e468",-122.4845152483412,37.780271473563012
"eb66daf4-89e5-4c27-9525-ed047e8b3dca",-122.40545147113805,37.789214792350933
"eb7ba97a-7b6a-4c62-9691-1d430126b0b5",-122.43652887473822,37.748331998087757
"eb81d877-18ad-415a-a419-019e528de8e5",-122.41179016510297,37.756574457425295
"eb9057dc-7301-4734-8889-d0930f0e5e52",-122.41395259264857,37.740790590584567
"eb93ab60-1e09-4a6b-b0fc-3439bc85b723",-122.42884043757385,37.748484393785084
"eb9d1a71-1c8d-4f04-b041-36f9305270f1",-122.44004327919328,37.75939148377168
"ebae4191-5175-49ab-9613-9a922fa50349",-122.39473010490566,37.76176814047087
"ebaf02fe-22d6-4ec5-b5b3-ea05c390dbc9",-122.44236729935957,37.765583229703594
"ebb35cd8-a831-47b2-88c1-1e5d65ae6adf",-122.45049578600489,37.742951108168469
"ebbcde69-747f-4756-993c-4a957abb322d",-122.42865740922377,37.757649902999432
"ebbde902-928b-40a4-95ce-371b27c8f142",-122.4408084682737,37.728658225974122
"ebc19c66-f482-4b7c-a347-14b8f6aff17b",-122.42498687519577,37.757874306778476
"ebc1c604-a2c4-4ab9-83b2-efe9f695105d",-122.42171261133716,37.764596630508038
"ebcaee3e-a254-4406-ba7b-a1e0bd92b171",-122.48970930812848,37.741976011811367
"ebccde4b-618d-4c10-a5b0-ad1d682cff6c",-122.50824032968961,37.773672092850155
"ebd93a82-7d0e-41cf-9ede-7b6601107ad3",-122.4427129826925,37.796647950949755
"ebda52c9-6153-4ab1-a10d-4b807ccf871f",-122.4507473955684,37.764646142689735
"ebe1822b-e921-4f21-a702-1160b82a24d9",-122.39825454874429,37.755251024267473
"ebe1d39f-e289-4fe0-863c-e1d201ab555f",-122.46515180769542,37.785579919726892
"ebe523e2-efd2-47ef-87ee-561c1e04f6a0",-122.38480361571675,37.7278160974038
"ebe5534b-1d35-4ae3-b52c-5512982e97a8",-122.43908945842375,37.80239891386784
"ebeb5e09-985f-49e0-a818-d830aa892048",-122.43416093947444,37.746866156573837
"ebed16fc-0c8c-4f28-9483-1b0708570ac4",-122.4228685605031,37.756290632616775
"ebef10e0-466e-437f-b780-3a9825851b93",-122.41175134954051,37.780218173611395
"ebf3275a-0ca5-4953-b13f-30f88cae8f02",-122.40154893787579,37.787137122613295
"ebf3753c-09ba-42cb-a0c1-cd64c006bba0",-122.40107977336361,37.753407067976056
"ec050937-d014-4efc-a71c-67c09ee43266",-122.44711869249774,37.768486729106215
"ec053cb9-1ab4-4713-953f-89d99af9fd26",-122.45038435195154,37.708398773598446
"ec07be52-ef26-447a-9983-70388a36481d",-122.42807205205118,37.799084128213174
"ec19b2cf-f764-474a-9082-87068540e57f",-122.46320212140773,37.746222787800406
"ec2d0bf6-f11d-491d-b3ca-01c4951c065b",-122.50632883684622,37.774020893923243
"ec3dfa82-d64a-4562-a590-81bc4a213eb0",-122.45115702328066,37.764923741486513
"ec423b9b-7e52-4355-a618-d60b8bd88014",-122.41742445101157,37.709752999919665
"ec4bb454-e622-46b8-9909-0e6d8229ea9e",-122.43462014259545,37.7957666660943
"ec58a4aa-3af8-4e9a-98e2-a963953cf33e",-122.40542424252897,37.800653347656819
"ec5ffd1c-2f7b-4a29-a9b1-5bf28d9b05e6",-122.39444174082897,37.759628793233773
"ec637f30-d5c2-49ef-9bd6-bd6b47a346ee",-122.41977763390766,37.750172481072823
"ec71fb2b-daec-4161-8659-d44eab9bf951",-122.3935626911791,37.785241384577169
"ec8045b5-c0fd-41cb-8461-ba7d66e9b1de",-122.45405854717742,37.714516391640785
"ec8574bb-0bae-4bdd-bd19-1db232dad401",-122.44579542558158,37.798326469708613
"ec9b7019-3c8d-49c5-9f9a-31bc49b3bcd4",-122.46654531367371,37.760674871374377
"eca2499c-4443-4ff5-8d70-be501c8ef64a",-122.44596208453541,37.803500269131504
"ecb4debc-a0cb-4517-9999-15d969eb7e3f",-122.46996650487611,37.765641919776627
"ecc55d67-3e24-467e-b20d-52574477e1fd",-122.44223185371666,37.760535349939644
"ecc72693-4c79-47ca-aacf-967605ff4c79",-122.44296239142167,37.77478056479238
"eccbca82-b0dd-4181-97dd-8df958be5cd3",-122.4039258155548,37.8006789622268
"ecd145f3-d8b3-408e-865a-154acbb594aa",-122.44507721752286,37.783777476810208
"ecd1a46f-fdb9-4b55-a73e-5fb8f025b072",-122.50692936938705,37.7611075039451
"ecd255b4-7edb-451f-aebe-b05f9f2e0992",-122.4391124482858,37.760346035657065
"ecd72df6-6ada-46b7-9773-37c586afa187",-122.42490847267459,37.775583930691958
"ecd8ac60-21ec-4ede-8ab3-b8a8222ed4f2",-122.43431804665316,37.752232325587535
"ecf5ed7a-90d2-4ec6-9299-2b6ffe487b99",-122.43767565161816,37.75564900055533
"ecfded9a-b424-4d96-9d9b-0a8ea7c5876c",-122.42557226116895,37.774111874255652
"ed074c48-5461-4da2-8ce8-b8b2e7091557",-122.48139689585716,37.75364114066987
"ed11cdf1-93ba-4626-b281-3563f6cae2b0",-122.47549350055692,37.748999986382678
"ed1b8501-4573-431d-9025-40564b13ffc7",-122.39530250327857,37.721824402022129
"ed20fdc8-0c1b-49da-97a0-64fe7c705a41",-122.41452263198595,37.73858498029086
"ed25bc41-806c-49d7-8e36-eb7197b1181e",-122.44218467321279,37.765791155580629
"ed2c144a-da63-4af8-844b-313f40391caf",-122.38754800786337,37.728681684693619
"ed2c64b3-978b-4266-b45e-34913fa5e571",-122.46977244467995,37.759763076188541
"ed33cbfe-f175-4687-8af0-321e11ec27a3",-122.43013401828031,37.738175505951837
"ed59e105-1daa-4c42-ab9f-0e88895ee759",-122.44922848458862,37.716984971536625
"ed5a15cc-78b9-4822-abf5-595093fa0645",-122.43593441841939,37.777239785666232
"ed5fefde-29c4-4d64-81b3-df40c5be4374",-122.4452097425595,37.7997727927135
"ed607fbb-edcf-479b-a4bd-897abaa09968",-122.43387054560833,37.772965865331351
"ed797279-695e-422d-acc7-1e16b505253b",-122.39989697284796,37.758581581323753
"ed79cf6a-db55-4d0a-9609-5eeae123a78a",-122.41045343293514,37.798958788645614
"ed7d4ac1-3cbc-4a34-955e-cea7906f4cc6",-122.43519218553472,37.779524872001069
"ed852c98-9244-4a15-a398-bc49c71b1a37",-122.44578602623292,37.7939627975379
"ed990204-e6dd-4620-944e-169e04ad88c7",-122.44115402028291,37.772144751002287
"eda46e03-9a28-465a-9e23-ee2ec2480483",-122.42368127028946,37.8010949601978
"eda652a0-8db6-4e4c-b9cc-a8601479ef06",-122.39123152819676,37.716101380056664
"eda67766-8ccd-4162-b556-87978ada658f",-122.43799883653763,37.762402650162656
"edc81947-8050-48a7-805c-cf3ff713d4c3",-122.41363292525662,37.803071620819985
"edd1c996-e0dc-4ea1-9cb1-0c6c835cc506",-122.453101835683,37.765981439705406
"edd5db10-7bf4-426d-94f4-ae5d5480564a",-122.42961291877678,37.752634222216649
"ede45c1f-a541-4273-921c-bcd322792a7b",-122.43707422430674,37.786654817662765
"ede60700-6645-43d3-b545-1c0ec6fabeb3",-122.43624663989081,37.738679591370108
"ede6f428-0f6d-46e7-9586-3c2ffb88bdcd",-122.47667377192195,37.785862940089181
"edf975ae-986a-405e-9212-860ec5d6571a",-122.4583593207132,37.780841394565059
"ee02e3be-af94-4834-ac02-76c9fcdc0ee4",-122.41787719423431,37.790419155647143
"ee0b0d1e-b88b-4be0-ba75-bbcb37bd90e6",-122.41035518184809,37.794407926928123
"ee0df852-25d8-4d31-9cb7-78e158bce1df",-122.43227583576886,37.762747080886157
"ee133d77-9824-403c-876b-35ab330e6b9c",-122.42541916843224,37.709976641725149
"ee21e769-d37d-441c-9f06-1e5770803776",-122.46138815205769,37.750171939137537
"ee2a2a22-5e37-474c-a928-e652c816ca0c",-122.42385174211687,37.766156832742986
"ee391174-4b17-402b-b7b2-9d3f320782eb",-122.425412180884,37.74256686492393
"ee3d5831-fddd-458a-a745-193ec17da0bf",-122.41881221261724,37.792216823845
"ee41aa34-b999-4c9e-9f25-c4d1993cdff3",-122.38297928859534,37.729616093371206
"ee4626c7-3dd8-4572-8678-d3e3b67890d1",-122.44994685059142,37.747202707255411
"ee519dfb-5878-40a3-b6c5-eabe78eb17ea",-122.43314896628603,37.777740905962638
"ee55ce05-fe06-4813-b685-03a7b135d147",-122.44219443884718,37.7655782329705
"ee5c2055-77fa-4837-a138-e4d2cf89d7fe",-122.44002157938945,37.798901437069055
"ee6aec3c-1125-410e-b332-364c3bc57ecc",-122.43512934209021,37.770851006652293
"ee871b9e-6c8b-4751-869f-03f7ba53017c",-122.41138838450989,37.736046776762173
"ee99f931-53d5-489d-b8cf-a822665f48fb",-122.44230414608549,37.781916568659717
"ee9a8323-a967-46ad-a17e-df20347d3b1c",-122.40183857361633,37.758590807982856
"eebc98d2-3240-4625-817d-73c159b1412c",-122.40157193958134,37.763054465914273
"eebe444a-a5aa-4d1f-9b44-2d9b2c5f1f12",-122.4092752664327,37.78961674203304
"eebfff97-1d49-4067-a6d3-df208e669268",-122.44368996777519,37.765586345053443
"eec6e27b-9613-4850-9887-fbb3134f78d8",-122.41742636190985,37.7846162112524
"eec8550f-75ab-4c40-b069-f643790c318f",-122.42865740922377,37.757649902999432
"eeced6c2-6d8f-4690-8bd3-3d8eb527a632",-122.41663034084669,37.748700885082059
"eed48e3c-41d2-4ac9-b32d-35f21246d993",-122.41761943795365,37.756178227899959
"eedd1459-eb57-4811-aa31-94ffbe615d81",-122.40912489137948,37.737731990042256
"eee4e3bd-66e0-47d0-bf1f-3571487d8114",-122.41013902524287,37.747687670260106
"eef41aff-38b7-4ff4-80d8-4f868491c91c",-122.39753117559064,37.777687098740259
"eeff8126-6a46-4910-949f-62addc6cd8b1",-122.42567477852069,37.759441721099563
"ef03355b-075a-48a0-8c3a-3c6919054473",-122.44209862883616,37.723309833581666
"ef05f953-b17f-4149-8645-affccf0c8550",-122.4211403575429,37.773901172253957
"ef06b21a-d98a-4819-b307-6ab8d231fe48",-122.41040369159558,37.773925872216452
"ef0cba23-8cb9-4a5e-97b7-e7e36a2c0c47",-122.42976374828528,37.748545262388987
"ef0e5670-9eba-4d01-9dd7-3e39c7c067b6",-122.434512904564,37.792851062030181
"ef18f9c9-2b80-4d29-8751-32a523ee4815",-122.42706011003226,37.775500877433011
"ef1e2003-bfc4-4ce6-8069-aa522360dd10",-122.41822797101811,37.78741714461983
"ef23fdb9-c9b2-468c-8aaa-710ca27abfe4",-122.45042119933623,37.728970132010616
"ef2fd345-f7e2-4609-beb5-f30adf64427c",-122.46872165005568,37.776840138156096
"ef34e0cc-1db5-487b-a9da-4bc1db92930f",-122.40455462271176,37.770759094959651
"ef3557f1-7285-404b-92d3-bf707883c560",-122.41727960090998,37.73373035812898
"ef3e1cb5-770d-473f-b633-8eeedc396f4b",-122.38750022660736,37.735018627019
"ef450356-3bdb-447c-afc1-570762a91236",-122.40692224597566,37.7815891638187
"ef4b1a8f-ffd0-4181-994b-b31c76289ed7",-122.43346159933544,37.789441368058185
"ef4fc897-990a-4b18-a623-b95b02afe4cf",-122.42619064130763,37.749446772677338
"ef506fb4-a296-401e-bd41-8bd489d9e87a",-122.43513540804116,37.749219931970515
"ef50a7cd-384e-4501-a5af-32d738399853",-122.40951056452023,37.779104088889007
"ef52ea5e-23ef-4658-9c54-7f4ac15d8919",-122.42281412604763,37.7355526849859
"ef558336-59e2-47c1-a59b-1827cea60224",-122.42317353930983,37.75974226769727
"ef594c7d-873a-4687-ab29-e10b700417ab",-122.42513492421699,37.7463764719324
"ef5ba5c7-3408-4691-ae5e-f1e1cedd21a0",-122.45204987065064,37.77308390404248
"ef628ece-e4bb-4b4a-b7de-30e3f18c9eec",-122.4187841635879,37.767210187602117
"ef65dc89-68b5-468b-96b2-005ebb921d82",-122.41625944023326,37.788342831336422
"ef6e3efc-9b9f-489a-9625-8a97dba49fbe",-122.43237785250395,37.796050445173776
"ef73e6a7-21fc-43b5-afaa-25089e0ac4af",-122.43178600516644,37.76036774989533
"ef74241e-eeae-4a28-96f4-80183231d6f1",-122.43371776329438,37.753637644059921
"ef7d5677-e659-4b3e-8618-b0a014eca567",-122.40658054025697,37.747797671414155
"ef7e5038-bc0d-415e-b6d2-80b0619dcbf8",-122.46202511484688,37.715657216392
"ef863e7f-ba72-4784-8fd4-406d068ed082",-122.46408990448202,37.711111062151993
"ef9a4d7e-5fd8-45f9-8534-6590aceb77cd",-122.40752266819206,37.750593373788654
"efae615e-677c-4721-a8af-de03b039ba52",-122.48708437693561,37.775496268710341
"efaf8e84-ef59-4fb8-8fec-a756be5c96dd",-122.40860641851927,37.75827291409734
"efb03d67-9069-428a-a4a6-52aa55500f17",-122.4773596411365,37.737891833962884
"efc6ebe1-90db-451b-98b5-b81161751af9",-122.42718892309745,37.742950062612906
"efd0f8e0-c3b5-41f5-869c-5a3613f151f0",-122.49634579401307,37.754027865930233
"efdf9f61-8620-4614-b081-9076b627c2fd",-122.44623756058215,37.765973087400845
"efe07d27-e857-4874-8874-e302f4c879df",-122.44699759273428,37.711889732448817
"efe62745-def5-40e4-9352-d572aa9701dd",-122.50759675842924,37.755365512137814
"efefef60-7dbe-4f4d-b163-f5df56cffcaf",-122.46876261918314,37.760715087081159
"effb2481-765e-4faa-ae17-3109286c5c2e",-122.41400482799204,37.786144904158881
"effe78db-517e-4459-8d52-bdc8c7cd21eb",-122.42195171149234,37.756135130053885
"f002cbf2-8dda-4c84-b7a1-60315a22de02",-122.43997550872427,37.7864863545159
"f002e2ec-8e94-46bb-ad88-7b5e9b40c35b",-122.48629718585732,37.785033594657932
"f00ada4d-2c14-4676-bd53-616b57f0ea02",-122.49572541272214,37.740614451929758
"f00c8c6c-c16b-4ceb-8e42-15fd0025d777",-122.41882348895585,37.767620953637319
"f00dfa25-5c64-4cb8-9066-e93227a347f2",-122.40625983862529,37.799585296370367
"f015d519-9e23-499e-80cf-f05c95ac16e5",-122.42337765528437,37.801327776285291
"f0208975-c050-4a06-ab11-e716220d004d",-122.48103854504804,37.780984062518158
"f0300fc2-c6c8-40bf-904d-292e31e25a58",-122.44734467105528,37.71764285624802
"f032e812-2d65-489c-b0ae-5f0b94f242a2",-122.48534351667308,37.779618537452478
"f0357cd0-47c0-456b-b7fd-15d03daefd77",-122.39664572636158,37.758742413145676
"f040bff1-2353-40c7-a4f9-d9c56e152946",-122.41630683665753,37.748720529652836
"f047a2dd-ee45-4bb7-ba4c-62db416e7776",-122.39320714417646,37.786987722598063
"f060d5dc-5891-4d93-a5ef-a817c3dd5152",-122.40618627892104,37.763457846574831
"f063ac53-393d-4265-805e-64eca9478602",-122.40956652190957,37.801759743976831
"f06f673e-3a4c-41e3-b8cf-52723a88c5a2",-122.4129833927507,37.755872843996137
"f06fbd6f-4c71-4592-bd69-f3b30c8d811b",-122.38790263178869,37.760924024234818
"f072c076-2a2d-490a-a01a-d0e344553a1a",-122.44423901036053,37.783259909198762
"f076e3bd-5795-4396-9c19-240842fa1354",-122.49701983577314,37.778950536261192
"f0785a70-f66e-45a4-9828-8cbf6094ae8a",-122.39266256234556,37.728658992166146
"f098db0c-c7a8-4fe0-b6f3-fa84c09feb80",-122.48512457500672,37.759579795125305
"f09cd1f1-ae4c-4e93-bcca-a7aea4a100b6",-122.42245541341626,37.782048360258777
"f0a3a78a-b3e1-45df-9073-40f52219f60a",-122.490674644161,37.780604634515704
"f0a4a331-1596-49f5-9844-d446f1b244a7",-122.46938321152346,37.711500337009134
"f0ad35cf-012d-4d3d-82f9-e243b1181207",-122.42157356887816,37.77176071380093
"f0c3b172-a5ba-4438-8921-4db84c5afb42",-122.46060342282573,37.711513154628925
"f0daf2b9-3141-4666-b792-1d8a58ea5871",-122.47077316725159,37.783324179137978
"f0dd1be1-62b0-4fed-b2e0-f1a9dd383a39",-122.48118536043459,37.782296636689424
"f0dd30d6-5f78-4dfa-869b-9aeb9fbdaccd",-122.4205831986918,37.804995534455095
"f0e2e1b1-f9dd-403e-8df8-0d0a9f5f9a3e",-122.42747509977508,37.753660171539295
"f0e91a5e-9334-4a94-ac88-9a3bb1addbb3",-122.47038455382872,37.783685288966879
"f0ebd595-aefa-41be-90e3-6c62b87a50dd",-122.44436768243676,37.789520915883649
"f0fce28f-cb66-4f40-bf75-862705e5acd0",-122.39749124545374,37.719890955242853
"f1031811-2bdd-4c73-bd70-057f50c6d303",-122.48796604968418,37.788772058028812
"f103a421-b13f-437e-a82a-1578cee5cf19",-122.42063734180891,37.709439083896363
"f104ac53-059f-43c3-86bb-1a6cd7b27d1a",-122.41529089922193,37.795776399849238
"f1072733-832b-43cf-ae56-7bfb64e0058e",-122.41704998347092,37.795690087772542
"f10787f6-9892-4b7b-bdc4-d8d00d184984",-122.41001930200849,37.784889082333784
"f108a798-744b-460f-9f45-8d3c31340422",-122.41056238645159,37.777985490915789
"f111f6bf-bc05-44f1-91ca-7435498a9dd9",-122.44160459905599,37.797899468103189
"f1128485-5924-44dc-85a3-a6e94a9a8a62",-122.40686210523906,37.779034111671614
"f11c60f5-550e-4755-b376-8de326e53c34",-122.41381120515631,37.745297615835611
"f131f237-31db-498c-aae8-6d470573f831",-122.41773101408238,37.798034747165055
"f134b636-07e5-4f77-8354-3fe4ed6e0bcc",-122.43993055417796,37.751340707623669
"f13a00bd-cd85-4c34-a964-3d2335772831",-122.44232132814852,37.729812453296205
"f13a9bd2-8b33-4e0e-a48d-366ece5cd650",-122.42141692895042,37.765648088177812
"f13f8a55-49dc-440e-9cda-1afc4111f31f",-122.50656460939645,37.74581493141887
"f15b31e9-b039-40ad-9a40-5b81126014fd",-122.42397065995418,37.777283648830654
"f16098ea-17d2-4d36-8999-39cff64a8ced",-122.46355148394584,37.778328243470078
"f16620c8-6661-4912-bfdc-f49ed984eead",-122.44650862926058,37.7714968066216
"f1709462-9493-4bd5-a62a-aa49bb747be4",-122.44331588176144,37.761011550615336
"f1760fe9-d8ec-473a-b90d-7635359192b7",-122.39079780027403,37.758914254155094
"f17adb36-25d1-406d-93b6-e61075393513",-122.46634306357129,37.759913595321692
"f17f7f44-fb68-40dc-9e74-97281aadf98e",-122.44633884980585,37.763122136568242
"f182cc59-11ca-4f6e-8864-e892a319bd11",-122.41303969686783,37.763055983378507
"f183c932-8903-4c41-a700-642721ac5563",-122.41566467228949,37.736974492856895
"f187cb71-22f8-4130-8a7e-d7353bd6e552",-122.40705896667086,37.755154815024412
"f1896919-0883-4121-a1fd-42ee68f7d3a8",-122.39833638330384,37.718654095232445
"f18a576b-5e7f-4dbc-91b5-5fb5d66210fe",-122.38921926843962,37.7590652237114
"f18b3fca-3ea2-47a4-bd6b-4a7f68a64559",-122.41722165087519,37.735476695410654
"f18c5d64-e46d-48b7-a1f7-a3c4853c9159",-122.42478218393059,37.775436184111953
"f1909af1-1d2b-471b-afed-541c190517c2",-122.41326029626359,37.713857931015667
"f1964290-bf50-4d09-b4f3-488947b152a4",-122.42210048149545,37.758051514378671
"f1a43c11-3bff-4173-becc-4b23e1ee674b",-122.41541604486632,37.7921299257908
"f1b329b9-7c91-4e20-aa10-0fbed4210dfc",-122.39251094456934,37.779734565968354
"f1bbc170-76f2-426a-aeae-6760f5412848",-122.45711112058409,37.776736825797492
"f1d4354a-8526-4f0e-bfc0-e950a2a069b4",-122.48357152665702,37.777178877774496
"f1da838b-ddac-49c8-99f6-b9672890d7cf",-122.44525382613824,37.772032832156341
"f1dcbee9-7291-4a90-b137-bc768ac07f49",-122.47519369913226,37.774468308161289
"f1e48ff8-55a7-461b-b927-7aad5445afe0",-122.43426879892689,37.78643672447474
"f2042eb5-643e-4df4-8f79-b90f2b9e0ee7",-122.39275891796109,37.718151024650545
"f219486e-1415-4290-bf6f-c1e87e2bcf32",-122.37882760303708,37.733266977548226
"f2309374-6b51-40ff-bce6-3b2558d00a62",-122.4702354493194,37.746649860203185
"f2388e79-f507-481b-a959-5709fafb05d9",-122.48870592135863,37.780418226295211
"f23e700a-3965-4114-ad63-68f8c90a1ef1",-122.44075160076858,37.754200133273052
"f2462b16-290c-481a-bc6e-3588cf6d02dc",-122.49036498223154,37.742294628643883
"f24f0ff9-51d5-4b27-ba3b-a7551b151a0c",-122.42877876742521,37.76721214168078
"f253c6bb-7e08-4164-bc62-94c2c603598d",-122.47605067098166,37.782104542000283
"f25c8159-31f3-46e0-aa4e-a490b99fc608",-122.41053654592832,37.779053811597137
"f2773023-b651-4fc7-ac89-469fbdbaef0a",-122.40086800912066,37.795436208503844
"f2783236-811d-47cc-8730-469c040ed2b4",-122.40236148680668,37.796171494847464
"f27af38d-65c0-4b01-a0b3-c426a4fd1cc4",-122.43930309109697,37.766713497014116
"f27f4bfd-316c-49ce-9cd2-54a91e0e8fb3",-122.49206205462021,37.763701151297774
"f281fe75-759b-4de4-b069-c02f93d9de89",-122.44425474016519,37.7960692996389
"f29ba1c5-35ee-47c0-bf66-90b785745db1",-122.44087686431054,37.778771068358189
"f2a1626b-0ed0-431f-8173-2a2df1c0f36b",-122.3945515459728,37.760770853609543
"f2a1ab66-8a8e-4659-8505-b588a940f3bb",-122.44582818955489,37.783119537619513
"f2a308de-1dc1-4742-8be4-98fb53843aaa",-122.43048189652052,37.7388191413111
"f2accfb6-0d99-4702-a4a0-a5553a6c2e8d",-122.43993482993665,37.731878295575626
"f2b8bcb3-5b6f-4bc7-a612-437d5d49fdd9",-122.4644473149379,37.781596761431757
"f2ba2ff8-d41c-4e65-865e-2145434c8fcc",-122.43950794134875,37.755899733108933
"f2cb64b8-5cc2-4d0b-afa3-6d0aac32f27e",-122.40045737597323,37.759864238560276
"f2e3fd1a-8806-443c-95f2-2f68697bdd66",-122.4332723956377,37.788093480958118
"f2e447fc-3825-4c3a-bf93-857e1a2a693d",-122.50176626540853,37.739437454366524
"f2f292c0-7996-4ec5-87b3-9f9d305513b8",-122.40753402564056,37.745844661778371
"f30c1033-693b-4533-874f-80deb37a6d72",-122.46957860767994,37.786273489891947
"f30d6fe4-0cf1-4222-b651-776d5e8b3699",-122.41901115822654,37.799612780565553
"f31f55a0-0df5-4d59-946c-52511cf7e4c7",-122.43735415206451,37.770371502296406
"f32b6d37-52ff-43df-8301-ca04ab0c1bba",-122.44470163616896,37.778422117410841
"f32b809d-a300-48ad-a9d1-5039f64d7445",-122.42145921320251,37.768465325847849
"f32d3323-fee7-45d0-b60a-bd7ee477d7c8",-122.46210792326836,37.709930084956135
"f334c104-bb0f-4e50-8b19-70a75ec5f7ed",-122.43121293443775,37.797537429097908
"f33bbf2e-0993-4e40-9f06-c3fdad3a871e",-122.43649837722931,37.7488860783986
"f33ca8f4-1233-4e0f-918b-a6810b49acc3",-122.46237865001093,37.720528971455877
"f3400cb3-829a-4fbb-9dfb-817a6a43069d",-122.44672538768368,37.768382983064491
"f349093a-9d6e-4668-ac4d-ead73310f852",-122.42678218225279,37.774830421907758
"f34bb00c-f369-4015-9372-48e9b1a41a57",-122.44368069846927,37.757933186506222
"f3599eea-3ea7-43fc-b1e8-02726ebae249",-122.39924592426762,37.765619577972551
"f36c8731-018d-4431-993f-4acc6a1f99c0",-122.38921926843962,37.7590652237114
"f3775af0-be11-4139-8518-7f1b15cd04dd",-122.48364333837269,37.741487003319627
"f37bd812-9f08-4f63-940f-17ad5787befd",-122.46477479717718,37.765042298629659
"f38f06a6-7946-43f1-ad6d-e8593765cb99",-122.43136020704411,37.747592026652292
"f394b0cb-fdc2-4d63-b055-225dcb54cdad",-122.48714121051873,37.774418074793
"f3987bd2-f52f-4e97-987b-c816293e489c",-122.43120221341549,37.746007518093748
"f39885d8-332e-40cd-b3c4-7e3e8fc1f9a1",-122.48306325584363,37.779240601861993
"f39cba48-6600-4cc9-8a1b-8d8069286582",-122.43594423167812,37.744134125013872
"f39e4691-f905-437d-8c25-1066a505c8e8",-122.41815367820737,37.790018906006111
"f39fa1d0-e578-46f9-84f4-4375d31d26fb",-122.45752352465416,37.71829945506866
"f3b52cff-fbdc-4e24-9ec9-0767fa2f39f2",-122.40450433145806,37.759689769538809
"f3c046e2-a8a2-4dfe-a569-6daeea978795",-122.38463758582591,37.714859434050361
"f3c16a1a-86e6-4986-a3f1-5d7cbc8973c9",-122.41845400796642,37.771813572075224
"f3cf2c50-1baf-4cc7-bc7b-178eec65b3f7",-122.40084726325277,37.71858950119416
"f3ddae8d-b226-4fb0-8a52-a5e3bdb1371b",-122.4078305967472,37.785972798819053
"f409fd8f-41ec-4fee-8192-f91ad5955280",-122.44335145635011,37.771832653889618
"f420852e-c027-4ca5-a0ff-4e3101238abc",-122.41216158603085,37.782366011690108
"f4231511-d484-4d20-8119-bf73a1db7a9d",-122.44651535671511,37.759464458459931
"f425df12-c2b8-4791-85ca-4a951a6e0b85",-122.46003758637751,37.780059455595087
"f428b3cf-435f-417a-a0d1-1fc0acf98d85",-122.4114616337357,37.77248445803852
"f4389c09-d331-44a4-a585-bd81f1cb5b1d",-122.43357124939048,37.75971659446239
"f43ae446-7cc6-4efc-b05f-3a295124929d",-122.38883472284506,37.720988234388194
"f43f05bb-f6ff-4bbd-bad4-f114e9a53626",-122.40335065017281,37.779488019510161
"f43f7b04-e9fa-4b68-90f1-61880dd9ee88",-122.43106030985865,37.759116344995668
"f44a88d7-417b-4d33-a18b-e50c5df07aac",-122.43525196859736,37.751314874832147
"f44bfdca-5ac2-408f-9e90-2dbb34a3a680",-122.46609533038841,37.7780064022886
"f462bb1c-a543-44cd-a039-b421ee7eefcf",-122.50083366486538,37.774066623862829
"f46f5341-6d3e-4c38-b02e-be89b55e9a85",-122.41356131398906,37.792505688567552
"f4746c08-f1c1-4fac-98b8-357cf623661e",-122.41305693570384,37.780674623975109
"f47839d8-870c-40a9-bd3a-c944cdea4d7b",-122.43249538030682,37.764165731041786
"f47a839f-6d7a-48f5-bbe2-249a96f776e3",-122.49211148765055,37.754974324609535
"f4905a44-93bb-47c6-a0f0-50ec34366f63",-122.43587563207605,37.719187348281558
"f49d99c2-7a37-47da-9714-2939d4a7a12c",-122.42378566465344,37.801004193866383
"f4a1a626-c8bb-4b83-8f41-2c59e63007a9",-122.42463838228339,37.796649211280659
"f4a8c271-f406-4375-a9cf-313006a3ed4e",-122.47772271655023,37.785491677270272
"f4b0f22e-1fd0-488d-8f17-d3632c093d30",-122.42009217624982,37.762115956519864
"f4b7d499-bb23-4ddd-9281-8f5153273767",-122.40656981275198,37.7983759638362
"f4bb99cd-fd83-4960-8ea3-be78ec7c1ab7",-122.41737543357074,37.740017168961991
"f4c343e0-60c2-4b50-8ede-9f692d7c209d",-122.40309592910852,37.778958820564959
"f4c68ddd-24f7-455d-9488-5d5ec81c42ba",-122.38871277210868,37.757347085021863
"f4cec3aa-5c18-4e1f-8c7c-9becead0d8ff",-122.43329261339092,37.803479526965489
"f4df3772-8686-4743-8967-2735f70b4afe",-122.47224873630634,37.734897489561554
"f4ed9498-2dc8-40f8-9130-16ac35266e89",-122.5073631836031,37.780124934701583
"f4f197ad-df7f-4731-9e5e-5f649479b46d",-122.41336051750883,37.804955324198588
"f4f40e46-aac2-44f3-a748-e2ebb147d9a7",-122.4211593044102,37.769100002917028
"f4f75d7d-33ac-4b2c-9841-b2ba3affeca0",-122.49159912388046,37.764514405912308
"f4fb4fdb-594e-4934-a0ff-443ba4376ad0",-122.48253023017284,37.777665537059022
"f4fd8057-d6b5-4021-a6e2-c4d73b98dc0b",-122.39252250249906,37.709361608770365
"f501a5d7-6742-46a9-841e-b2ea3b6f0aed",-122.45924352174231,37.743888681671613
"f5029943-5ab9-4a00-900f-c872deb55ce0",-122.50352171355583,37.780367267030286
"f51e89bb-84ae-465f-8890-92ba926ec62f",-122.45286282574315,37.766553004166695
"f528002e-6c85-46df-82a0-62fccea83533",-122.45686929398165,37.722200851379462
"f52ee3e8-5167-42bb-a808-092cbef55d00",-122.3965511490733,37.787314682636662
"f5340c14-efb9-480b-acd7-7263216adb5d",-122.41133691482437,37.783046059189246
"f53597f4-5b61-4427-b6bb-8207da3a4a19",-122.43749540194322,37.749878991871554
"f53decde-97d2-4939-9ba3-442b5f85b20b",-122.41325785256959,37.745404593969262
"f55a88c9-5d80-44c9-97bb-dadedca0246f",-122.42225992498247,37.764096069055761
"f5641f4d-2994-4a85-91f5-d5c4e7c5ae39",-122.42551274139939,37.729493774662409
"f56ed392-9371-4bcf-936d-ae8ccca0e408",-122.42435421577915,37.760012423382662
"f5713136-afeb-4ab8-82c6-c4e70cb7d1bc",-122.46374318006991,37.7852195430105
"f57f5b77-e120-4ad0-99cd-aee7fa5d5519",-122.46539174188864,37.779765852692258
"f581dcf5-d1fb-4c21-9ef9-9f2e23ca8064",-122.40105443465953,37.760584715545889
"f581fd0f-b2f3-4107-82b6-5d3329d65f14",-122.3952408676213,37.76166845895213
"f58424f0-2ac9-4256-bda8-d1e360eff4f5",-122.42362170757214,37.75402420227698
"f58b6bbf-3f68-4262-b0f4-bba36aede574",-122.40939583036064,37.775676608036441
"f58f3cbb-3314-4e82-a502-65edfac4613f",-122.43733541270943,37.775146954314494
"f5912eeb-7317-4b98-8eea-5be5e7cb0d3a",-122.41592885950605,37.792717633750769
"f59bfc2f-a048-4894-88c0-5b8498810382",-122.41152552808616,37.793669097118553
"f5a62dc1-dad0-408a-9ab1-47e9a8515dee",-122.39776013624308,37.760232895552939
"f5ad3bcb-2fed-48ae-9ccd-e8ff702a945f",-122.4200044520242,37.775877374180084
"f5b73ae5-6069-4046-919b-1e3f790a816e",-122.48187250224395,37.762284035660251
"f5b84501-7f57-47e2-9956-aabecd0c2063",-122.42419469885309,37.776823912922943
"f5c71977-6fc9-4dec-8f41-c8d56e9802e6",-122.48284716767424,37.74547407130963
"f5ce5af6-d71e-4780-8027-78d18a9cbf33",-122.39837677765115,37.763033970014064
"f5d6ad73-0683-45fe-a3eb-adee4071ab0b",-122.43101570642111,37.771173182571296
"f5df7e7b-2ca4-4472-81c7-57570da94d9a",-122.4792234316007,37.782660198698672
"f5dfc1b7-a395-47ef-a18d-41b78df0413d",-122.46490621372304,37.719086878678553
"f5e66887-2dde-45c7-85bc-ade52be28062",-122.41237490307623,37.789413970323622
"f5e7b243-f824-4f9d-aa40-b150a2083c7a",-122.40822979229814,37.71103139733232
"f5eb49e1-b89b-42a9-92f1-28616d4ea7af",-122.50697786565367,37.750636851222119
"f5f226fb-5667-4190-890b-2d7decf8cd01",-122.38936088668099,37.764202281415074
"f5fa5e64-3089-4ebb-9cc3-e6109d3a165f",-122.41896456554575,37.805039062955153
"f5fe19a1-08fb-4040-97fb-923d3177a81c",-122.42457388593316,37.774503063147094
"f6014521-dbb3-4705-83e1-8654d33659fe",-122.39451609118066,37.753144601944634
"f604981a-3b78-4821-860d-306ed77eb792",-122.40131148194331,37.786646809443681
"f6086d3a-e8e8-4e77-9e33-21b86e5c50eb",-122.411021723068,37.772328211635617
"f608ee4e-b040-422f-ad00-8061748a28ea",-122.41528546076322,37.755557263111079
"f60d91c2-fc84-4a10-96dc-63f502258aef",-122.46503400451023,37.753395595251
"f62f6335-d571-4f2a-a77f-6c17431bcf8e",-122.40848732804822,37.791628319348462
"f632d6e9-5a46-4643-8772-0cf09e118166",-122.4298036328784,37.761656959278469
"f6373563-36e5-4a14-a73b-79d5f4d7ecb8",-122.40747959465396,37.750141518558735
"f65d4a28-6144-4c27-ba69-1759d59a0c77",-122.46583305149542,37.749547825558487
"f662d5e9-d9e8-45bc-a44b-a56715cc9b05",-122.41853972076002,37.794128418957023
"f66a9de8-647c-41e6-8a3a-53f7feba45cc",-122.42753661467911,37.763447917033254
"f66cfeca-a53a-4f35-9604-c79c0e9b1e5d",-122.47966276506706,37.778775870977505
"f66d53fb-ba81-406c-8a2b-a5a3ba356e37",-122.44041071976966,37.801139795770517
"f66ebee4-2469-4614-88b8-74ab1339240e",-122.43108440826906,37.792566755464122
"f6810d5b-8ebb-4dff-8d0e-5841dd22d663",-122.4218530599006,37.805269336056419
"f68dc638-b131-4432-99a6-b96763171f54",-122.42072985878872,37.78828885368673
"f68f43a6-f723-4bdd-b0d6-2d4975b21399",-122.42612307608091,37.789001419797742
"f694e711-0206-4fd3-954b-9ed86c7c74bb",-122.38601936134256,37.732286593870384
"f697b3a3-a77b-4c48-936a-e04093db2f2a",-122.39452273908543,37.753213057774552
"f69a7923-5ee7-4205-b902-f9616fa187e8",-122.50786895867631,37.759231482012275
"f69ac6a4-f368-47fc-b8a1-e6ec20e988d7",-122.41793396574,37.754047060332553
"f6a1c731-768c-4929-b100-12b51040ecf4",-122.39848325180286,37.764176472784207
"f6b034ae-96f6-4bba-8111-1a746083241d",-122.43844953321558,37.772526185636472
"f6bb07b0-3cce-47cf-bc17-fbdaebafbc1f",-122.39866403583478,37.759515504242231
"f6cf246f-dcfd-4428-9f3b-b8455b3e24a6",-122.40383445477359,37.723888224822495
"f6d8e8c2-aef6-4145-81be-5ec8488f60e6",-122.39158624639511,37.732778009266042
"f6d9a360-22d7-421f-ab74-315a1ee1fa6a",-122.3966414869993,37.757805476834406
"f6ee2254-8d0a-4426-b70d-23bb14f20f58",-122.39567667755435,37.717920972545592
"f6ee9d12-ca36-48df-ace6-3606b87888a3",-122.45955529011499,37.782505222588533
"f6f68fa8-ab01-4da0-8ba5-996c72fce718",-122.42978073184551,37.767070625646994
"f6f727a4-173d-4e5a-ba0b-3b6e789aaacf",-122.43716574238192,37.761664374910069
"f6fd6b69-d5f1-40d4-b5ed-1c1e8d967e2f",-122.42787810346329,37.796621074928218
"f7006e61-96f5-448c-843e-672eb3bb4b9e",-122.4126178184556,37.778037686680136
"f705279e-9f65-49ff-9c18-bb50adffbd2c",-122.40935908891936,37.795924304310766
"f7091704-dafa-4d4b-92ba-07d01119c30a",-122.43277694631624,37.727514208764667
"f70c389b-fe1f-4935-b206-ebb84169ca69",-122.44304601253019,37.715759372187527
"f715a7d4-541d-4273-887b-329b0e4c7e66",-122.469994703633,37.7629426529993
"f71c7e30-8ace-474b-837f-b59a772e2cc8",-122.41922922248209,37.74585385273955
"f71cb317-00ee-472e-93dc-5d5d83d578e7",-122.47901749758491,37.78280758990531
"f7239366-e1e3-418d-944c-1fe75412b357",-122.41433622260907,37.787633634664132
"f728b055-97a9-4a67-8edf-53ab9697e5e7",-122.46170898020645,37.782545617832412
"f751ff2f-9100-4e0f-a8b5-8b628a6d4723",-122.40666675996208,37.778119019465713
"f75b571d-ef94-4a1a-a2ec-f5a2bb72c399",-122.43074404823528,37.768948253891963
"f769fba8-e82e-4121-b6e7-80fe0626d45d",-122.42225992498247,37.764096069055761
"f76acbda-49ad-4fee-93c4-76ebf4d1dde8",-122.42078777084343,37.805188263385375
"f76f6e67-12f7-4995-b0b7-e62fc113648d",-122.43315628779331,37.758826475915669
"f7779a21-5f08-4ca6-8572-c04e6ce01d2a",-122.4034501063518,37.778986617005458
"f777a6be-889d-45cb-b960-509868d163ab",-122.50826260703018,37.755473515051044
"f782bb7f-cb07-4131-8d58-eba40340c370",-122.44555619909529,37.783474394963335
"f7863069-e0b6-4d08-9116-d91f4cc75ce3",-122.48239335493722,37.783619743722035
"f7a66a74-fc97-43e6-a450-3af153f94418",-122.44116277396715,37.779876417357684
"f7ac06c9-73ee-4f9d-b7f6-6913497d8f08",-122.40578252078811,37.795298907720081
"f7b30b9a-05d6-4246-8f54-7590b20c01e4",-122.43610497256539,37.744892935682294
"f7bbad91-4eeb-4b3e-862c-a262b637136f",-122.42601304524649,37.790019630509384
"f7bcbe0b-1f91-4d68-a503-b2f0a46df105",-122.42978483489472,37.802829496635681
"f7be1a87-d987-44d4-8c8a-0c2058a20c3d",-122.42978073184551,37.767070625646994
"f7bf2812-85b2-4af7-816d-4436076b273b",-122.43985194706238,37.7173407590472
"f7c4a81b-6bfb-497a-be8e-a31fd61bd2f8",-122.40748391450276,37.803608440014465
"f7cac9e9-1fee-4043-b5e6-50a10b22b25c",-122.44949455201858,37.78796283653854
"f7cba9f7-529c-4978-8359-fb8175dc91fc",-122.43836436170113,37.755934635822861
"f7dd432c-3939-497a-9997-cd1bceaa1349",-122.39929018110981,37.766839669266631
"f7e3278b-1d59-4572-8cf4-d286c675f020",-122.44960603496875,37.709970972629527
"f7e5a4cc-d225-438d-bd83-622750870b29",-122.50332976669107,37.74041658945454
"f7f13162-8793-4fb9-bf82-33186804775e",-122.50863456990335,37.755250720221568
"f805d06b-f30e-4412-8730-40c0ca4c2ca8",-122.41040524489726,37.781285933833786
"f8098f51-304b-4a56-826b-ae48477b9f9d",-122.43716574238192,37.761664374910069
"f80a715c-43b5-4df8-af51-ba9a2e644edd",-122.43229986858192,37.762997646515608
"f80fb704-1b9b-48f3-bd7d-f38326c149e2",-122.41284775841831,37.794093880819723
"f81f588e-777f-4626-9d55-d3899c50043f",-122.44024054918386,37.778033114549444
"f821ca55-c52b-4e78-896c-f761ae19e6fa",-122.47615370706399,37.742001041696653
"f82b64ef-8b86-40a6-8bd7-9d7b8a03bcfa",-122.43215571851009,37.766016313226693
"f82d2970-607c-4804-be82-21f004ea9464",-122.44941999999661,37.789232897428583
"f82f1617-094b-40c0-b1cc-bfb0a01f2678",-122.39293540363292,37.75401518677689
"f82f550b-38b2-47d2-8281-c5b9e93b420b",-122.40823126177852,37.775923676547364
"f8310f4c-f95f-44be-9b99-a66df09bcee7",-122.4382157049844,37.757281791505314
"f8398c9f-80bf-432c-bfd3-6a25b6d21e92",-122.44290207199111,37.74835046895425
"f83a7ee0-2576-434c-9f84-5a21b8738676",-122.43605030163492,37.757250794906739
"f8577d45-6db4-4821-b2bb-ccd58da7452f",-122.50506355331378,37.75310886686956
"f8584dd8-81c2-47d8-9490-d46d0b89b465",-122.43019279070941,37.751998190622317
"f859f434-f614-4b4d-8b97-67a831ffb0cf",-122.39073617893862,37.72773810440588
"f86d2e87-0543-4756-809a-dc353146adc0",-122.40727149698179,37.764726447130947
"f8730117-7fcf-4d34-a084-5822aafdbe4e",-122.44711391834423,37.790776752155338
"f8788115-d263-4828-a8a5-18ac4c1e47ff",-122.45376104326992,37.727376852434922
"f87b8ba4-06d2-42ef-ab97-1a4ac8df7075",-122.41372263608466,37.738677842608347
"f888ff42-73d0-4f53-abee-a58643f08a14",-122.39266414325478,37.729666321532378
"f89ac29e-9fe5-4720-bd90-575f83f8e135",-122.44762323742984,37.7709724484145
"f8a7a2f9-4539-4a4d-9ac3-fa7be1f6e15c",-122.43000328281528,37.790795257159239
"f8b45b02-4211-41ad-b2bc-e1d1c410ac08",-122.40263533438714,37.7612908079593
"f8c1d438-813c-4988-a918-cc09afcd8bad",-122.43620285939222,37.734515503108085
"f8ce3a24-672f-421b-bad7-a65794752c63",-122.44776967415177,37.711162200606843
"f8d7ec70-27ba-4d7c-93be-4468806f7936",-122.44344340297373,37.793307064244196
"f8db1c0b-d363-4b42-88a7-d14f2e3e655a",-122.43021954904745,37.758955842609893
"f8e40da5-7bcc-4364-8696-970d41a660cf",-122.42083384788413,37.742153464279909
"f8e68342-5271-4c3b-b512-580b2ae2a1cf",-122.42716998167937,37.779744114771276
"f8eb889a-dd3e-4fb9-9c0b-b7ffcad27dcc",-122.40805320620292,37.752519938708488
"f8fa6d3e-8c21-4615-bef8-63d254db94f2",-122.49374724065919,37.778342847748931
"f8febdc3-6a72-4e34-98a2-3e142cd257f6",-122.44826698056755,37.763626332616226
"f908d1f7-10b7-48dc-9013-6104efaf9719",-122.4202665512173,37.744207362557056
"f90e1e72-04a1-4cc5-a992-161047903536",-122.39853337024488,37.785770888522535
"f911f9f1-8536-489b-9382-d992045498e3",-122.49023107709758,37.760732307596719
"f91dc166-6b57-4253-b84e-bac70f5936c0",-122.41889973790069,37.795454620869947
"f92a16c5-550a-454a-b510-250a608d641b",-122.48137976193536,37.755172955211648
"f92f1f7b-647b-44d8-bac5-ed5f2b3e291e",-122.43114654272186,37.759111146962468
"f93c4d21-5aee-4ac7-a1d8-cd255f7544ce",-122.42579106624662,37.774709746292125
"f9441d90-65fb-42dd-a39f-fc35349833c4",-122.4518729911982,37.708952654253935
"f9520dcf-7ef0-47c8-87f3-ec3fa905ec99",-122.48270238680416,37.764732665470135
"f95e4f5f-cf87-4edd-8182-8f7b434d96ac",-122.44019646346585,37.76449427700134
"f95fb433-36d6-4005-bf21-c811a328ed47",-122.4078305967472,37.785972798819053
"f95fec36-5c35-4dc0-937b-509cfd2a0ba3",-122.39351689732486,37.75285812485059
"f968a86b-4ff9-4883-8e01-d63670fe1584",-122.42194793772966,37.760433274969444
"f971ce98-b759-45d3-b05d-7f6796174a7b",-122.42939576114981,37.776925852751795
"f97cce4c-f049-4595-a4ea-b6e2dd81f0d3",-122.49732402688477,37.774158596982744
"f97d43cd-4cfc-461b-8d5d-745240b9deaa",-122.4273558075713,37.770931931603549
"f97d6139-5368-49cc-a38d-7934c1ffb6b3",-122.4371385340649,37.722665039049176
"f989ab90-c99c-4809-aa74-261c9d6ccc94",-122.41294250855057,37.788205846684271
"f98bdeca-2bf6-4c34-a9ec-c8a868be4aa6",-122.41817177587592,37.7255996976309
"f9901c23-819a-4287-9e78-8a37df72c811",-122.47462048691729,37.74479053485345
"f994f7a9-0576-4748-9ad5-734840e4e443",-122.40867036112213,37.747386264787743
"f99644f5-f719-46f4-a7fc-fac7cce1df86",-122.45165675369961,37.757726728983265
"f9ad143b-b419-463e-a9af-d5201e932f9a",-122.39022593177197,37.759474122038114
"f9afae55-8824-45b6-bc41-7e85888bf805",-122.43630381474193,37.7653071787504
"f9b0a994-7814-4e7d-bf22-4d4a4b00349b",-122.42685259705534,37.771609585702443
"f9d064dd-5011-40b4-842e-83e2f37de2c6",-122.41596987945221,37.758730589216157
"f9d38d26-16bc-4e23-aa57-e885e71adc4e",-122.41323446445786,37.790071991574493
"f9d7d92a-ed58-4e8a-8d34-bebb37b32d33",-122.41905863329603,37.786504533682347
"f9df1fd3-ae07-42cf-a1a5-7db33fee8a0c",-122.46895259489308,37.783055796978658
"f9efa1e9-0746-42d0-8a35-a5e384a2ec68",-122.4323969133638,37.728889671817171
"fa0db99a-7a91-4c4c-910f-b48d0ae8c220",-122.38904766258629,37.72772552050639
"fa101a2e-3e7d-4d1f-beae-7241dfb72559",-122.41901126679882,37.756705836728912
"fa150ed1-abc2-4bbc-b6a1-64749be8afdd",-122.42721186918861,37.765937607368741
"fa281eea-e669-4d6f-92e3-96677cfc584f",-122.41434973081813,37.7378232414772
"fa291256-a3f2-4c91-a45e-38e37197aaec",-122.40616698277162,37.7148712516025
"fa2f2eff-723b-4c37-b6f2-84eb44efeca6",-122.43432008751354,37.778401740422041
"fa3cc54b-eb20-40bc-bf3a-312a2a8bfe99",-122.42377973783238,37.791941046822259
"fa483ba2-1c49-4d24-a974-26b1b4891f17",-122.40887857194562,37.7767818653662
"fa4c74a8-8e68-4acc-8d27-43a1fb05e7e0",-122.42923620898743,37.753531753881212
"fa50bdd7-49c1-4fb4-a49f-1ff63346b0d5",-122.43013180030975,37.79977893790624
"fa52dbe5-a1e5-427b-81d8-d50d14b62d26",-122.40751535683306,37.717039001869324
"fa59243e-24f1-433f-8c66-547eb06f8182",-122.41933031828428,37.75668663724376
"fa5af1fc-b9e3-43e9-8cad-5b88f465bf88",-122.40031900987728,37.756503599344491
"fa5c09f4-dd36-408c-8f95-1758deea2fba",-122.4230282530861,37.746733928948935
"fa5d537f-de7e-4b57-ab9b-e940311436c1",-122.45381029641038,37.7824387583822
"fa7928c3-6d7d-4914-bf51-5d75d6ed9dd2",-122.46757477363722,37.716798590896786
"fa8c7aac-4c17-49ca-afb5-ed021da02c52",-122.48833668881385,37.787310729825478
"fab53944-cc20-4b20-9968-b6c5d5efc5f7",-122.41143271567287,37.777600267921947
"fab82e19-a849-4de0-ab1b-288e49b11088",-122.41577283210518,37.744808920662066
"fac0e730-ee1c-405b-9092-1ff0abf3ce94",-122.50067599543655,37.775943655980086
"faceebf7-e2d1-4ea8-9d41-19d7bb4f8dbf",-122.43316230377684,37.7663823215015
"fad0b467-d40e-4c4d-8813-261f75fb2547",-122.42650206613172,37.799977604605708
"fad720a0-72f4-4fc9-819d-a7f08c3ebd7c",-122.43227445291903,37.768355195816369
"fadcae4b-fc8a-4867-9d64-8a91abe17f2c",-122.41052703751133,37.795086263565324
"faf9dbe7-513f-4f50-bb4a-77a707526237",-122.45133801272559,37.770499407144754
"faf9f148-8271-45b9-b907-b433eda15c24",-122.40608386830769,37.779823038512163
"fafe79bf-df72-40d0-973a-da7174455074",-122.4269465641928,37.772073540272913
"fb125e19-64ae-4127-9e57-28fdc4a39f54",-122.43532767037331,37.746703904293412
"fb23fa13-46b1-427c-84c5-c4f90a6b0a06",-122.42616412901064,37.733282042958578
"fb277a2e-0ef8-4dbc-b3e5-c6cb22a0b7d5",-122.43693036187754,37.794363079416705
"fb307ec8-3cb8-4bf4-a2de-f880f820ff53",-122.4103425778532,37.780166566511511
"fb33d004-73ba-401d-815a-a909678dd64f",-122.42657455154252,37.728696685183124
"fb34580a-ed8b-4bb8-80ea-f5010dae6d59",-122.46283230345819,37.782635723501954
"fb36dfc3-06a7-4cfa-9c6e-056fc4a051ef",-122.49912879349326,37.741835220160311
"fb418c8b-d4e1-4b54-9536-6014f8187d08",-122.42243161083989,37.752453353345139
"fb4c4254-e669-4ad2-a932-143e1331aa18",-122.41794133789355,37.752959802716084
"fb4e1df1-fc76-4bbb-8cd6-dc97538e2cb7",-122.42469479448584,37.75708875384921
"fb56697b-b333-43ac-ac5a-1432df2fc1bc",-122.42320601721548,37.771172045130072
"fb58f357-d091-45c2-a0fe-839f46f97191",-122.443738387349,37.778641588057795
"fb616870-4c4a-42ff-bd8a-a67b219354c1",-122.40787933323669,37.744688340233949
"fb6c2f90-1711-48d6-a4ca-444a16677a95",-122.44036161141423,37.8026157041766
"fb702ba3-a781-4a10-a46d-61f760938885",-122.43809888836066,37.753065214005431
"fb71429e-49dc-4a9a-b8b8-e086c617848f",-122.42879979779138,37.780061453690827
"fb8a94b7-ee63-4040-9936-46f9b6b75657",-122.4060197036132,37.798060306253781
"fb8f650b-b851-4093-91f2-6140fdc5aa11",-122.4630480526048,37.751869628240804
"fb9cc2c2-e219-47df-93a8-bba655c098c0",-122.45057047315639,37.760034878075345
"fbba32a9-0c7d-4b2c-83c6-4f0793d63e7a",-122.43954854791711,37.795715456893262
"fbce8b9f-d78e-49d1-8e85-6b5ce48edced",-122.48306448438,37.778621612303382
"fbdf5eee-60aa-4845-9157-f3e7e80a069d",-122.42423084408293,37.772419285346906
"fbecf8e9-bb10-4de3-965e-4bbe6660ce83",-122.44676792368314,37.77108134695564
"fbf67962-3840-4ac8-b861-bcad02d38156",-122.49888128888,37.77511887460922
"fbf79b88-ba2a-4346-bd1b-521f2aa47ebf",-122.46519022109473,37.761628245316828
"fbfc75b9-817f-40d4-b36a-f94fd28b6b21",-122.40909505379459,37.747858403327392
"fc0d636c-3a4d-4bc9-a0ab-496cc4ee74b1",-122.43224479555498,37.794130083649648
"fc13be11-d4a1-45d9-aadc-19363804e193",-122.40065440636684,37.774904326611882
"fc157aad-44a9-44f2-ab7b-116fb4412915",-122.43892095351544,37.715921409262606
"fc1a7f3c-acec-4fb0-b854-19908e7dc96a",-122.43276409079995,37.768106355804186
"fc2f9f90-2faa-4405-a3fa-9f6c733a672b",-122.42517533254551,37.772194781502023
"fc3f434a-d42d-47c7-84f9-41a7055c37c5",-122.49240784680713,37.780458104965867
"fc5f2e0b-cec7-402f-a7da-fa280355b684",-122.39650352143994,37.784366442841751
"fc6cc1d3-9297-44fd-a19a-fba8903e1a8e",-122.42388881716589,37.756823305347005
"fc6ea42a-e7cb-46b4-b8b8-82234264b72a",-122.48672818662996,37.732424536121421
"fc72536d-096f-4824-ba61-8fbaa5788f43",-122.39840387966389,37.75682811469963
"fc73f69d-c0ea-467e-a49c-96f606cbf4ab",-122.46611229671309,37.743113467907179
"fc842fa3-0f6d-4054-942d-d60f4560e9f0",-122.48937312746513,37.783160261366753
"fc88f373-2bbe-4c30-a843-8d551ff24e78",-122.40045737597323,37.759864238560276
"fc898c9c-c4cf-48d8-ab03-662c5d8af0eb",-122.41659106727369,37.784915315655084
"fc91afaa-8ebe-43b9-a504-3d2796a645e8",-122.42747955371986,37.794369827055448
"fc93cbf9-d417-4142-8e0f-4c979516c03d",-122.44737798210154,37.789137722467856
"fca26280-737a-4470-8277-ba8120119b3a",-122.50369242672319,37.779856188108653
"fca333a4-2b9f-4264-86e7-529ad5b39708",-122.43930070749673,37.71383638146294
"fca75081-3322-40a8-b892-9975fd7bfe38",-122.43425810647193,37.737738641414289
"fca97770-7cfa-4c6c-8fe2-fef3502bbfd3",-122.43897218727925,37.757922498683605
"fcae443a-91be-4217-9066-07f450006f1f",-122.40669722904111,37.74801713004225
"fcbb6db3-b4fe-43c7-828c-34e52753771f",-122.43155441973188,37.772546896821765
"fcbd141d-ac93-4a41-b780-cda873bbfd55",-122.42296114653475,37.803367029602995
"fcc3d718-e3d2-4d8c-9c4f-f7b8521dd5d0",-122.46904004442654,37.718235418749238
"fcc475d7-3b2d-4d95-a553-4497ae2446a3",-122.42059729796804,37.792892214037117
"fcdd8c9c-e212-445f-900e-728780b7a722",-122.39805275261006,37.710563255670706
"fcdf485a-1aef-44fc-ad68-d8118f825933",-122.42860279237389,37.774782891396953
"fce00b81-f4fa-4bda-9dc6-78d0e3ee0fa3",-122.44926366031295,37.735820065665663
"fce02415-2e32-44e0-ab6e-2478797cafab",-122.44711785832712,37.731102191401433
"fce08514-4b4e-4319-b602-ba9c71e20617",-122.42471940200932,37.749448236419681
"fce6fb25-37dc-4fc2-8a44-2c6950a5a301",-122.44576141976614,37.795489713217435
"fcecf4ae-9ea0-43cc-b4fd-e5d453112d9d",-122.40473985437455,37.777971272317139
"fcff0c7f-07c2-474c-b1ab-2ec8f56e9403",-122.42410515314971,37.754265005998896
"fd02c454-c104-4b85-ac90-07cdc2b1f592",-122.44184230526422,37.714849224055037
"fd062691-20c1-4fa8-9de4-e4608f7d3537",-122.42070784317259,37.757364760311631
"fd155dc2-b431-474d-9334-22d94fc1bca9",-122.48104849369732,37.781121151575064
"fd168cf0-e7dd-4387-a2ea-459366d37351",-122.40518342285129,37.778004257522028
"fd19324f-1d1d-448e-a1b9-1563a0b45053",-122.41634744884713,37.740311461482271
"fd1f2dc3-b364-43ba-9ed7-58657d13038c",-122.48948302136567,37.787203139641569
"fd207bbc-2cbc-49e9-84e5-9fb809c57dec",-122.42624752346474,37.765418548751072
"fd20c8fe-6dfb-4a1b-9931-d85be3e86691",-122.46436124264862,37.753194129753261
"fd2514c3-86ab-4e9c-a5e5-52207e141cb1",-122.46436574322547,37.743798785249993
"fd25491c-f0f2-4d80-b903-9bf26be652ce",-122.4006882885861,37.763995534986087
"fd2750f6-1cc2-42b1-af95-e83adc5b22b8",-122.41594842770499,37.750602757173951
"fd2deeb6-7b11-446c-958d-e5816f8f402d",-122.48684972259561,37.786913664583757
"fd2fbe2c-d28e-4b68-ac6e-e93833a4577c",-122.42562825246111,37.803497007430117
"fd34792c-997c-4df2-942f-9cc6297b9356",-122.4911359262061,37.755853636904654
"fd37984c-9536-47c2-ab4e-88b2ef7cf94d",-122.41621545781238,37.7821918677887
"fd3ac7ac-fb54-48e9-b7c0-7d36bf7b98f3",-122.41830292141132,37.709071786670236
"fd4875b9-9444-45fb-ba67-f4bd5fe9058d",-122.5066599514045,37.747817045877589
"fd4b4a57-440a-4308-947c-2ec1b35b244a",-122.42995559406114,37.774174272421426
"fd4d1516-d8f7-4ddf-bc59-5d07343282f9",-122.43967704701883,37.798562885523317
"fd4de4db-88b9-446c-9e75-851af496c3aa",-122.39324715705891,37.75365297865
"fd51ef4b-fc05-43cb-abdf-1c3f070395d5",-122.406255076608,37.800901950090783
"fd6a52d4-f3fa-417e-8e3a-20937f838061",-122.40615515732694,37.744667980374523
"fd7eea96-b648-4fad-9d4c-b50b14f2d3a5",-122.43773778704805,37.799268960065092
"fd846210-cc89-4726-a5a6-2cd11b774459",-122.42674764018838,37.80048802655655
"fd89ffeb-4e89-4237-9b45-1da557b21fd2",-122.4458346356689,37.795403904912142
"fd8ca275-9059-4672-87d3-4ff66f1dbb3c",-122.41357770741418,37.736720037830345
"fda3c39c-0cdd-45b6-985b-649f0ddc504e",-122.42063996113025,37.783096628473963
"fda8d3a4-6238-4234-b7d0-c1288ae14ced",-122.40191078557366,37.730293433253358
"fda956f4-5e3a-4d51-80bb-a908f3d48a5d",-122.41799234867209,37.738941787180536
"fdb0ae6e-9fe6-4f1a-9dc3-65350a06c9c8",-122.41687289358785,37.775290249826931
"fdbe1428-ed0f-4c9d-853a-d27b46b50b81",-122.45255681005551,37.732680279530143
"fdc1355b-0f09-4f22-bf0d-3efc880ef912",-122.4626147595077,37.780235161882416
"fdc9574f-f191-4c16-b2b3-d74f289d65c5",-122.45087525176147,37.732413313463283
"fdcfdf6d-426b-4c0d-b349-4824f3d9a487",-122.46964665209275,37.749371341379543
"fddb2e87-99a9-441b-a2d9-722f1ee47c3e",-122.41628239562247,37.758534244466347
"fde60955-445a-4363-b97b-3088520b53e7",-122.42579106624662,37.774709746292125
"fde672b9-ebeb-451c-865a-c653319a615e",-122.48495563499587,37.754325035515564
"fde6f155-6758-4f02-bf84-7f2e7b525d6c",-122.50404094076903,37.750562912043705
"fded4ea9-255e-4704-9674-0cf95bf26d81",-122.45983008898394,37.743308440504237
"fdf11eb7-4b22-4cf7-b664-e775af7fc7d3",-122.48485107119983,37.742757299553269
"fdf499e8-9ce0-4b6c-874c-d58ef5ce68c6",-122.48601829887514,37.781308636156361
"fe0e0597-e220-44f5-87ce-aedd9fa1b6c5",-122.41922789913613,37.803094571859283
"fe186725-d1f1-43a4-94bf-b2f605b79cde",-122.48084338708092,37.776577538867926
"fe244f6b-20a2-45ac-942f-28846b6de9af",-122.41987572287607,37.7566415077098
"fe30934a-297c-4dd3-a8d8-8086863f42b3",-122.47587634427516,37.759288629951463
"fe3ffcbd-bb4e-4d73-a978-c8ffe76b9cbb",-122.42349132173456,37.724000539822363
"fe441d5d-90af-44ab-9758-66e929975db8",-122.49348549722795,37.743890065847765
"fe46dc0b-153d-41d2-9b47-f44ec3752918",-122.41664010284678,37.747780569825423
"fe5e13cf-2f58-4cc4-9ed0-3b63809884be",-122.45967101245496,37.731300114371649
"fe62c69f-13e4-4e0e-b326-87edd47d9d55",-122.40928026276859,37.805489489695226
"fe63ff80-bc36-45f3-97bb-eccd82d22e5f",-122.3958385532811,37.727549024827539
"fe662ba1-f440-4b1f-bf7f-5afd9689adc7",-122.42893804641993,37.749278916903577
"fe6f1749-3629-4a0e-a46b-d5c398fd856e",-122.47338318254853,37.764182744756937
"fe8ac41d-b2b5-4605-8a54-a10b57e8adde",-122.46319466046114,37.7277907569445
"fe8b2732-d5b4-41ea-82d4-1e481a37b862",-122.39991304150527,37.73861547117513
"fe8da4eb-85d1-440b-9090-a7543b19341e",-122.3996703870997,37.793715200057242
"fe947372-54bd-49a4-804b-3bda4f9a2e4e",-122.4185330299297,37.754699571386872
"fe9dbeab-20c8-4fc3-8ee4-94fb60a1a211",-122.50686076972987,37.763184347911221
"fea2c1c3-1ab2-4e28-a88a-6c80a569ae0e",-122.43782215218718,37.761672247127095
"fea3b35d-dbd7-4c39-8074-eddbdf9f1ac6",-122.48000145950465,37.750927762530132
"feaa0ee2-3430-49a5-aeeb-3ff7020cc978",-122.40932595242697,37.776699913328109
"feac6023-e1b9-45ad-96cb-536551156bbf",-122.42847855938587,37.728195312356505
"fec2ebb5-cdcf-465b-a9ea-232a73ba1086",-122.46484034709907,37.744734103655432
"fec31a4f-f2f6-4a24-bce3-d65579306786",-122.40925821501345,37.759313247440375
"fed0b949-6ac5-4403-b341-2b93cf83cd0f",-122.4184609218204,37.792781836172118
"fed26b80-af59-4c8b-a9cb-336f94d3c1ae",-122.41994233293595,37.799184401222384
"fed32560-3e94-4188-a8cc-16a3b99b3c08",-122.49216315288071,37.781573393866793
"fed38fb1-5df0-4c4b-b23a-9f231ab37809",-122.46456977055577,37.780559422099316
"fee94933-0f32-4b7b-af07-2db71da5d3e9",-122.44031347275858,37.75373234970121
"feeb50fd-8caa-4f52-9b5a-e6acbcf39834",-122.43106390696671,37.740534679724959
"fef32228-a6c5-4b4b-9019-6439696bb665",-122.41825451680909,37.756229530912854
"fef582d5-140e-443b-88a4-60e9693c9fa4",-122.41226024076488,37.796837566423434
"fefea600-4294-451a-a6ca-9d5e7c7742c7",-122.430432582185,37.802033964954816
"ff257938-6e7d-4a1c-b9a0-91bd4f1d25d8",-122.42092097480382,37.787558839613972
"ff2fabd4-23b0-4081-8330-cf94736b7899",-122.42745153568504,37.726546254313263
"ff323f0c-0c09-464b-88f9-f46f4f174ee6",-122.42177003481422,37.776782450513089
"ff3db64f-13c4-4eb7-b0b7-3e4ed1679dfa",-122.49036498223154,37.742294628643883
"ff3e8e98-e79b-4a42-ad6f-e28c21688255",-122.41959235450349,37.7812343387677
"ff45ca19-584f-4579-9664-8da2c47583d0",-122.43667748877861,37.739415816685522
"ff47d596-f7d2-4285-9f5c-55e6ae3301a7",-122.41470178623975,37.802140063654733
"ff50c7fe-cf06-4175-b1b4-eb03ba7a7020",-122.44470830594594,37.785492704214747
"ff5af3ac-af5f-4491-988c-283a26200d06",-122.43199433144508,37.7230092630399
"ff6842af-7281-4717-9065-9decce492a51",-122.43102328499069,37.760554082565477
"ff78212a-c5d9-4a84-99f7-f0c983681a26",-122.41027523986378,37.744825438824392
"ff863c9e-92e7-4ebd-8060-9fa00ce11745",-122.41890191379932,37.796658653021943
"ffa08782-fb49-4365-825a-1d33296f4a08",-122.50798807660327,37.7609231519785
"ffa4a6bc-3ed0-4219-90e8-34ccb867b757",-122.42393760877736,37.745875028513488
"ffa75629-bf82-4514-ac19-9855e86c73b4",-122.41236237546511,37.789127845331286
"ffaee1dc-24b2-4590-99c5-d6a0506b75c1",-122.42874626962613,37.7668698194585
"ffb8852d-ce9e-44ae-b42d-b15168684d61",-122.41223959275302,37.7758804506847
"ffbe34cc-473d-414a-b4cf-eda16560ee18",-122.43576889090204,37.744144290186995
"ffc07478-d02e-4d99-a071-29563f69c061",-122.46474036533897,37.725176241682476
"ffc6f54e-4621-43bd-918e-736b6a2dbf37",-122.39408128971517,37.758766437125743
"ffee2dca-7155-441e-9cf1-0305ce0b35b8",-122.48490085725692,37.753538399670759
"fffb5faf-7fbe-47e8-99f8-c646bc11170d",-122.42599461629774,37.770065169080517
